% * Sample: KT66_9
% * Date / time: 2024-07-07 17:48:18.153903
% * R2CONTROL =  NOT SPECIFIED
% Column 1:  PSU1 nominal voltage setting (V)
% Column 2:  PSU1 nominal current setting (A)
% Column 3:  PSU1 voltage measurement (V)
% Column 4:  PSU1 current measurement (I)
% Column 5:  PSU1 limiter flag
% Column 6:  PSU2 nominal voltage setting (V)
% Column 7:  PSU2 nominal current setting (A)
% Column 8:  PSU2 voltage measurement (V)
% Column 9:  PSU2 current measurement (I)
% Column 10: PSU2 limiter flag
% Column 11: Heaterblock temperature (°C)
% * OPERATING POINT AT END OF PREHEAT / IDLE: U1 = 350.1 V  I1 = 0.04001 A  U2 = -33.848 V  I2 = -0.0001 A  T = NA °C
0.00 0.20000 0.1 0.00015 0 -0.000 -1.0000 -0.000 -0.0000 0 NA
10.00 0.20000 10.0 0.00401 0 -0.000 -1.0000 -0.000 -0.0000 0 NA
20.00 0.20000 20.0 0.00841 0 -0.000 -1.0000 -0.000 -0.0000 0 NA
30.00 0.20000 30.0 0.01362 0 -0.000 -1.0000 -0.000 -0.0000 0 NA
40.00 0.20000 40.0 0.01938 0 -0.000 -1.0000 -0.000 -0.0001 0 NA
50.00 0.20000 50.0 0.02563 0 -0.000 -1.0000 -0.000 -0.0001 0 NA
60.00 0.20000 60.0 0.03231 0 -0.000 -1.0000 -0.000 -0.0001 0 NA
70.00 0.20000 70.0 0.03939 0 -0.000 -1.0000 -0.000 -0.0001 0 NA
80.00 0.20000 80.0 0.04684 0 -0.000 -1.0000 -0.000 -0.0001 0 NA
90.00 0.20000 90.0 0.05465 0 -0.000 -1.0000 -0.000 -0.0001 0 NA
100.00 0.20000 100.0 0.06274 0 -0.000 -1.0000 -0.000 -0.0001 0 NA
110.00 0.20000 110.0 0.07114 0 -0.000 -1.0000 -0.000 -0.0001 0 NA
120.00 0.20000 120.0 0.07978 0 -0.000 -1.0000 -0.000 -0.0001 0 NA
130.00 0.19231 130.0 0.08865 0 -0.000 -1.0000 -0.000 -0.0001 0 NA
140.00 0.17857 140.0 0.09773 0 -0.000 -1.0000 -0.000 -0.0001 0 NA
150.00 0.16667 150.0 0.10700 0 -0.000 -1.0000 -0.000 -0.0001 0 NA
160.00 0.15625 160.0 0.11634 0 -0.000 -1.0000 -0.000 -0.0001 0 NA
170.00 0.14706 170.0 0.12598 0 -0.000 -1.0000 -0.000 -0.0001 0 NA
180.00 0.13889 180.0 0.13574 0 -0.000 -1.0000 -0.000 -0.0001 0 NA
190.00 0.13158 184.5 0.14001 1 -0.000 -1.0000 -0.000 -0.0001 0 NA
0.00 0.20000 0.1 0.00000 0 -5.000 -1.0000 -5.000 -0.0002 0 NA
10.00 0.20000 10.0 0.00000 0 -5.000 -1.0000 -4.999 -0.0002 0 NA
20.00 0.20000 20.0 0.00000 0 -5.000 -1.0000 -5.000 -0.0002 0 NA
30.00 0.20000 30.0 0.00035 0 -5.000 -1.0000 -5.000 -0.0002 0 NA
40.00 0.20000 40.0 0.00170 0 -5.000 -1.0000 -5.000 -0.0002 0 NA
50.00 0.20000 50.0 0.00426 0 -5.000 -1.0000 -5.000 -0.0002 0 NA
60.00 0.20000 60.0 0.00786 0 -5.000 -1.0000 -4.999 -0.0002 0 NA
70.00 0.20000 70.0 0.01231 0 -5.000 -1.0000 -5.000 -0.0001 0 NA
80.00 0.20000 80.0 0.01744 0 -5.000 -1.0000 -5.000 -0.0002 0 NA
90.00 0.20000 90.0 0.02312 0 -5.000 -1.0000 -5.000 -0.0002 0 NA
100.00 0.20000 100.0 0.02929 0 -5.000 -1.0000 -5.000 -0.0002 0 NA
110.00 0.20000 110.0 0.03595 0 -5.000 -1.0000 -5.000 -0.0002 0 NA
120.00 0.20000 120.0 0.04299 0 -5.000 -1.0000 -5.000 -0.0002 0 NA
130.00 0.19231 130.0 0.05038 0 -5.000 -1.0000 -5.000 -0.0002 0 NA
140.00 0.17857 140.0 0.05810 0 -5.000 -1.0000 -5.000 -0.0002 0 NA
150.00 0.16667 150.0 0.06611 0 -5.000 -1.0000 -5.000 -0.0002 0 NA
160.00 0.15625 160.0 0.07438 0 -5.000 -1.0000 -4.999 -0.0002 0 NA
170.00 0.14706 170.0 0.08289 0 -5.000 -1.0000 -5.000 -0.0001 0 NA
180.00 0.13889 180.0 0.09163 0 -5.000 -1.0000 -5.000 -0.0002 0 NA
190.00 0.13158 190.0 0.10056 0 -5.000 -1.0000 -5.000 -0.0002 0 NA
200.00 0.12500 200.0 0.10967 0 -5.000 -1.0000 -5.000 -0.0002 0 NA
210.00 0.11905 210.0 0.11889 0 -5.000 -1.0000 -4.999 -0.0002 0 NA
220.00 0.11364 211.4 0.12002 1 -5.000 -1.0000 -5.000 -0.0002 0 NA
0.00 0.20000 0.1 0.00000 0 -10.000 -0.5000 -9.999 -0.0002 0 NA
10.00 0.20000 10.0 0.00000 0 -10.000 -0.5000 -10.000 -0.0002 0 NA
20.00 0.20000 20.0 0.00000 0 -10.000 -0.5000 -10.000 -0.0002 0 NA
30.00 0.20000 30.0 0.00000 0 -10.000 -0.5000 -9.999 -0.0002 0 NA
40.00 0.20000 40.0 0.00000 0 -10.000 -0.5000 -9.999 -0.0002 0 NA
50.00 0.20000 50.0 0.00014 0 -10.000 -0.5000 -10.000 -0.0002 0 NA
60.00 0.20000 60.0 0.00042 0 -10.000 -0.5000 -10.000 -0.0002 0 NA
70.00 0.20000 70.0 0.00115 0 -10.000 -0.5000 -9.999 -0.0001 0 NA
80.00 0.20000 80.0 0.00270 0 -10.000 -0.5000 -10.000 -0.0002 0 NA
90.00 0.20000 90.0 0.00513 0 -10.000 -0.5000 -10.000 -0.0001 0 NA
100.00 0.20000 100.0 0.00837 0 -10.000 -0.5000 -10.000 -0.0002 0 NA
110.00 0.20000 110.0 0.01235 0 -10.000 -0.5000 -9.999 -0.0002 0 NA
120.00 0.20000 120.0 0.01703 0 -10.000 -0.5000 -9.999 -0.0002 0 NA
130.00 0.19231 130.0 0.02233 0 -10.000 -0.5000 -9.999 -0.0002 0 NA
140.00 0.17857 140.0 0.02816 0 -10.000 -0.5000 -9.999 -0.0002 0 NA
150.00 0.16667 150.0 0.03440 0 -10.000 -0.5000 -9.999 -0.0002 0 NA
160.00 0.15625 160.0 0.04102 0 -10.000 -0.5000 -9.999 -0.0002 0 NA
170.00 0.14706 170.0 0.04797 0 -10.000 -0.5000 -9.999 -0.0002 0 NA
180.00 0.13889 180.0 0.05525 0 -10.000 -0.5000 -10.000 -0.0001 0 NA
190.00 0.13158 190.0 0.06287 0 -10.000 -0.5000 -10.000 -0.0002 0 NA
200.00 0.12500 200.0 0.07077 0 -10.000 -0.5000 -10.000 -0.0002 0 NA
210.00 0.11905 210.0 0.07895 0 -10.000 -0.5000 -10.000 -0.0002 0 NA
220.00 0.11364 220.0 0.08736 0 -10.000 -0.5000 -9.999 -0.0002 0 NA
230.00 0.10870 230.1 0.09599 0 -10.000 -0.5000 -10.000 -0.0002 0 NA
240.00 0.10417 234.8 0.10002 1 -10.000 -0.5000 -9.999 -0.0002 0 NA
0.00 0.20000 0.1 0.00000 0 -15.000 -0.3333 -14.999 -0.0002 0 NA
10.00 0.20000 10.0 0.00000 0 -15.000 -0.3333 -15.000 -0.0002 0 NA
20.00 0.20000 20.0 0.00000 0 -15.000 -0.3333 -14.999 -0.0002 0 NA
30.00 0.20000 30.0 0.00000 0 -15.000 -0.3333 -14.999 -0.0002 0 NA
40.00 0.20000 40.0 0.00000 0 -15.000 -0.3333 -14.999 -0.0001 0 NA
50.00 0.20000 50.0 0.00000 0 -15.000 -0.3333 -15.000 -0.0001 0 NA
60.00 0.20000 60.0 0.00000 0 -15.000 -0.3333 -15.000 -0.0002 0 NA
70.00 0.20000 70.0 0.00012 0 -15.000 -0.3333 -15.000 -0.0002 0 NA
80.00 0.20000 80.0 0.00029 0 -15.000 -0.3333 -14.999 -0.0001 0 NA
90.00 0.20000 90.0 0.00059 0 -15.000 -0.3333 -15.000 -0.0002 0 NA
100.00 0.20000 100.0 0.00113 0 -15.000 -0.3333 -14.999 -0.0001 0 NA
110.00 0.20000 110.0 0.00214 0 -15.000 -0.3333 -14.999 -0.0002 0 NA
120.00 0.20000 120.0 0.00384 0 -15.000 -0.3333 -14.999 -0.0002 0 NA
130.00 0.19231 130.0 0.00626 0 -15.000 -0.3333 -14.999 -0.0002 0 NA
140.00 0.17857 140.0 0.00937 0 -15.000 -0.3333 -14.999 -0.0002 0 NA
150.00 0.16667 150.0 0.01311 0 -15.000 -0.3333 -14.999 -0.0001 0 NA
160.00 0.15625 160.0 0.01746 0 -15.000 -0.3333 -14.999 -0.0002 0 NA
170.00 0.14706 170.0 0.02239 0 -15.000 -0.3333 -15.000 -0.0002 0 NA
180.00 0.13889 180.0 0.02785 0 -15.000 -0.3333 -15.000 -0.0002 0 NA
190.00 0.13158 190.0 0.03380 0 -15.000 -0.3333 -14.999 -0.0002 0 NA
200.00 0.12500 200.0 0.04017 0 -15.000 -0.3333 -14.999 -0.0002 0 NA
210.00 0.11905 210.0 0.04692 0 -15.000 -0.3333 -15.000 -0.0002 0 NA
220.00 0.11364 220.0 0.05397 0 -15.000 -0.3333 -14.999 -0.0002 0 NA
230.00 0.10870 230.1 0.06129 0 -15.000 -0.3333 -14.999 -0.0002 0 NA
240.00 0.10417 240.1 0.06886 0 -15.000 -0.3333 -14.999 -0.0002 0 NA
250.00 0.10000 250.1 0.07665 0 -15.000 -0.3333 -15.000 -0.0001 0 NA
260.00 0.09615 260.1 0.08466 0 -15.000 -0.3333 -14.999 -0.0002 0 NA
270.00 0.09259 270.1 0.09291 1 -15.000 -0.3333 -14.999 -0.0002 0 NA
0.00 0.20000 0.1 0.00000 0 -20.000 -0.2500 -20.000 -0.0001 0 NA
10.00 0.20000 10.0 0.00000 0 -20.000 -0.2500 -20.000 -0.0002 0 NA
20.00 0.20000 20.0 0.00000 0 -20.000 -0.2500 -20.000 -0.0001 0 NA
30.00 0.20000 30.0 0.00000 0 -20.000 -0.2500 -20.000 -0.0002 0 NA
40.00 0.20000 40.0 0.00000 0 -20.000 -0.2500 -20.000 -0.0002 0 NA
50.00 0.20000 50.0 0.00000 0 -20.000 -0.2500 -20.000 -0.0002 0 NA
60.00 0.20000 60.0 0.00000 0 -20.000 -0.2500 -20.000 -0.0002 0 NA
70.00 0.20000 70.0 0.00000 0 -20.000 -0.2500 -20.000 -0.0002 0 NA
80.00 0.20000 80.0 0.00000 0 -20.000 -0.2500 -20.000 -0.0002 0 NA
90.00 0.20000 90.0 0.00010 0 -20.000 -0.2500 -20.000 -0.0002 0 NA
100.00 0.20000 100.0 0.00024 0 -20.000 -0.2500 -20.000 -0.0001 0 NA
110.00 0.20000 110.0 0.00049 0 -20.000 -0.2500 -20.000 -0.0001 0 NA
120.00 0.20000 120.0 0.00083 0 -20.000 -0.2500 -20.000 -0.0001 0 NA
130.00 0.19231 130.0 0.00130 0 -20.000 -0.2500 -20.000 -0.0002 0 NA
140.00 0.17857 140.0 0.00207 0 -20.000 -0.2500 -20.000 -0.0002 0 NA
150.00 0.16667 150.0 0.00330 0 -20.000 -0.2500 -20.000 -0.0001 0 NA
160.00 0.15625 160.0 0.00512 0 -20.000 -0.2500 -20.000 -0.0002 0 NA
170.00 0.14706 170.0 0.00757 0 -20.000 -0.2500 -20.000 -0.0002 0 NA
180.00 0.13889 180.0 0.01061 0 -20.000 -0.2500 -20.000 -0.0002 0 NA
190.00 0.13158 190.0 0.01422 0 -20.000 -0.2500 -20.000 -0.0002 0 NA
200.00 0.12500 200.0 0.01837 0 -20.000 -0.2500 -20.000 -0.0002 0 NA
210.00 0.11905 210.0 0.02301 0 -20.000 -0.2500 -20.000 -0.0002 0 NA
220.00 0.11364 220.0 0.02817 0 -20.000 -0.2500 -20.000 -0.0002 0 NA
230.00 0.10870 230.1 0.03378 0 -20.000 -0.2500 -20.000 -0.0001 0 NA
240.00 0.10417 240.1 0.03983 0 -20.000 -0.2500 -20.000 -0.0002 0 NA
250.00 0.10000 250.1 0.04628 0 -20.000 -0.2500 -20.000 -0.0001 0 NA
260.00 0.09615 260.1 0.05306 0 -20.000 -0.2500 -20.000 -0.0002 0 NA
270.00 0.09259 270.1 0.06021 0 -20.000 -0.2500 -20.000 -0.0002 0 NA
280.00 0.08929 280.1 0.06768 0 -20.000 -0.2500 -20.000 -0.0002 0 NA
290.00 0.08621 290.1 0.07526 0 -20.000 -0.2500 -20.000 -0.0001 0 NA
300.00 0.08333 296.4 0.08001 1 -20.000 -0.2500 -20.000 -0.0001 0 NA
0.00 0.20000 0.1 0.00000 0 -25.000 -0.2000 -25.001 -0.0002 0 NA
10.00 0.20000 10.0 0.00000 0 -25.000 -0.2000 -25.001 -0.0002 0 NA
20.00 0.20000 20.0 0.00000 0 -25.000 -0.2000 -25.001 -0.0002 0 NA
30.00 0.20000 30.0 0.00000 0 -25.000 -0.2000 -25.001 -0.0002 0 NA
40.00 0.20000 40.0 0.00000 0 -25.000 -0.2000 -25.001 -0.0001 0 NA
50.00 0.20000 50.0 0.00000 0 -25.000 -0.2000 -25.001 -0.0002 0 NA
60.00 0.20000 60.0 0.00000 0 -25.000 -0.2000 -25.001 -0.0001 0 NA
70.00 0.20000 70.0 0.00000 0 -25.000 -0.2000 -25.001 -0.0001 0 NA
80.00 0.20000 80.0 0.00000 0 -25.000 -0.2000 -25.001 -0.0002 0 NA
90.00 0.20000 90.0 0.00000 0 -25.000 -0.2000 -25.001 -0.0002 0 NA
100.00 0.20000 100.0 0.00000 0 -25.000 -0.2000 -25.001 -0.0001 0 NA
110.00 0.20000 110.0 0.00009 0 -25.000 -0.2000 -25.001 -0.0001 0 NA
120.00 0.20000 120.0 0.00021 0 -25.000 -0.2000 -25.001 -0.0002 0 NA
130.00 0.19231 130.0 0.00042 0 -25.000 -0.2000 -25.001 -0.0001 0 NA
140.00 0.17857 140.0 0.00071 0 -25.000 -0.2000 -25.001 -0.0002 0 NA
150.00 0.16667 150.0 0.00108 0 -25.000 -0.2000 -25.001 -0.0001 0 NA
160.00 0.15625 160.0 0.00156 0 -25.000 -0.2000 -25.001 -0.0002 0 NA
170.00 0.14706 170.0 0.00222 0 -25.000 -0.2000 -25.001 -0.0001 0 NA
180.00 0.13889 180.0 0.00318 0 -25.000 -0.2000 -25.001 -0.0001 0 NA
190.00 0.13158 190.0 0.00458 0 -25.000 -0.2000 -25.001 -0.0001 0 NA
200.00 0.12500 200.0 0.00650 0 -25.000 -0.2000 -25.001 -0.0001 0 NA
210.00 0.11905 210.0 0.00898 0 -25.000 -0.2000 -25.001 -0.0002 0 NA
220.00 0.11364 220.0 0.01199 0 -25.000 -0.2000 -25.001 -0.0002 0 NA
230.00 0.10870 230.1 0.01552 0 -25.000 -0.2000 -25.001 -0.0001 0 NA
240.00 0.10417 240.1 0.01953 0 -25.000 -0.2000 -25.001 -0.0001 0 NA
250.00 0.10000 250.1 0.02401 0 -25.000 -0.2000 -25.001 -0.0001 0 NA
260.00 0.09615 260.1 0.02892 0 -25.000 -0.2000 -25.001 -0.0001 0 NA
270.00 0.09259 270.1 0.03426 0 -25.000 -0.2000 -25.001 -0.0001 0 NA
280.00 0.08929 280.1 0.04003 0 -25.000 -0.2000 -25.001 -0.0002 0 NA
290.00 0.08621 290.1 0.04615 0 -25.000 -0.2000 -25.001 -0.0002 0 NA
300.00 0.08333 300.0 0.05272 0 -25.000 -0.2000 -25.001 -0.0002 0 NA
310.00 0.08065 310.1 0.05956 0 -25.000 -0.2000 -25.001 -0.0001 0 NA
320.00 0.07812 320.1 0.06666 0 -25.000 -0.2000 -25.001 -0.0001 0 NA
330.00 0.07576 330.0 0.07402 0 -25.000 -0.2000 -25.001 -0.0001 0 NA
340.00 0.07353 340.1 0.08165 1 -25.000 -0.2000 -25.001 -0.0002 0 NA
0.00 0.20000 0.1 0.00000 0 -30.000 -0.1667 -30.001 -0.0000 0 NA
10.00 0.20000 10.0 0.00000 0 -30.000 -0.1667 -30.001 -0.0000 0 NA
20.00 0.20000 20.0 0.00000 0 -30.000 -0.1667 -30.001 -0.0000 0 NA
30.00 0.20000 30.0 0.00000 0 -30.000 -0.1667 -30.001 -0.0001 0 NA
40.00 0.20000 40.0 0.00000 0 -30.000 -0.1667 -30.001 -0.0001 0 NA
50.00 0.20000 50.0 0.00000 0 -30.000 -0.1667 -30.001 -0.0001 0 NA
60.00 0.20000 60.0 0.00000 0 -30.000 -0.1667 -30.001 -0.0001 0 NA
70.00 0.20000 70.0 0.00000 0 -30.000 -0.1667 -30.001 -0.0001 0 NA
80.00 0.20000 80.0 0.00000 0 -30.000 -0.1667 -30.001 -0.0001 0 NA
90.00 0.20000 90.0 0.00000 0 -30.000 -0.1667 -30.001 -0.0001 0 NA
100.00 0.20000 100.0 0.00000 0 -30.000 -0.1667 -30.001 -0.0001 0 NA
110.00 0.20000 110.0 0.00000 0 -30.000 -0.1667 -30.001 -0.0001 0 NA
120.00 0.20000 120.0 0.00000 0 -30.000 -0.1667 -30.001 -0.0001 0 NA
130.00 0.19231 130.0 0.00008 0 -30.000 -0.1667 -30.001 -0.0001 0 NA
140.00 0.17857 140.0 0.00020 0 -30.000 -0.1667 -30.001 -0.0001 0 NA
150.00 0.16667 150.0 0.00037 0 -30.000 -0.1667 -30.001 -0.0001 0 NA
160.00 0.15625 160.0 0.00063 0 -30.000 -0.1667 -30.001 -0.0001 0 NA
170.00 0.14706 170.0 0.00096 0 -30.000 -0.1667 -30.001 -0.0001 0 NA
180.00 0.13889 180.0 0.00137 0 -30.000 -0.1667 -30.001 -0.0001 0 NA
190.00 0.13158 190.0 0.00186 0 -30.000 -0.1667 -30.001 -0.0001 0 NA
200.00 0.12500 200.0 0.00248 0 -30.000 -0.1667 -30.000 -0.0001 0 NA
210.00 0.11905 210.0 0.00330 0 -30.000 -0.1667 -30.001 -0.0001 0 NA
220.00 0.11364 220.0 0.00443 0 -30.000 -0.1667 -30.001 -0.0001 0 NA
230.00 0.10870 230.1 0.00597 0 -30.000 -0.1667 -30.001 -0.0002 0 NA
240.00 0.10417 240.1 0.00799 0 -30.000 -0.1667 -30.001 -0.0001 0 NA
250.00 0.10000 250.1 0.01050 0 -30.000 -0.1667 -30.001 -0.0001 0 NA
260.00 0.09615 260.1 0.01349 0 -30.000 -0.1667 -30.001 -0.0001 0 NA
270.00 0.09259 270.1 0.01695 0 -30.000 -0.1667 -30.001 -0.0001 0 NA
280.00 0.08929 280.1 0.02086 0 -30.000 -0.1667 -30.001 -0.0001 0 NA
290.00 0.08621 290.1 0.02519 0 -30.000 -0.1667 -30.001 -0.0001 0 NA
300.00 0.08333 300.0 0.02993 0 -30.000 -0.1667 -30.001 -0.0001 0 NA
310.00 0.08065 310.1 0.03513 0 -30.000 -0.1667 -30.001 -0.0001 0 NA
320.00 0.07812 320.1 0.04063 0 -30.000 -0.1667 -30.001 -0.0001 0 NA
330.00 0.07576 330.0 0.04647 0 -30.000 -0.1667 -30.000 -0.0002 0 NA
340.00 0.07353 340.1 0.05266 0 -30.000 -0.1667 -30.001 -0.0002 0 NA
350.00 0.07143 350.0 0.05919 0 -30.000 -0.1667 -30.001 -0.0001 0 NA
360.00 0.06944 351.6 0.06001 1 -30.000 -0.1667 -30.001 -0.0001 0 NA
0.00 0.20000 0.1 0.00000 0 -35.000 -0.1429 -35.000 -0.0001 0 NA
10.00 0.20000 10.0 0.00000 0 -35.000 -0.1429 -35.000 -0.0002 0 NA
20.00 0.20000 20.0 0.00000 0 -35.000 -0.1429 -35.000 -0.0001 0 NA
30.00 0.20000 30.0 0.00000 0 -35.000 -0.1429 -35.000 -0.0001 0 NA
40.00 0.20000 40.0 0.00000 0 -35.000 -0.1429 -35.000 -0.0001 0 NA
50.00 0.20000 50.0 0.00000 0 -35.000 -0.1429 -35.000 -0.0001 0 NA
60.00 0.20000 60.0 0.00000 0 -35.000 -0.1429 -35.000 -0.0001 0 NA
70.00 0.20000 70.0 0.00000 0 -35.000 -0.1429 -35.000 -0.0001 0 NA
80.00 0.20000 80.0 0.00000 0 -35.000 -0.1429 -34.999 -0.0001 0 NA
90.00 0.20000 90.0 0.00000 0 -35.000 -0.1429 -35.000 -0.0001 0 NA
100.00 0.20000 100.0 0.00000 0 -35.000 -0.1429 -35.000 -0.0001 0 NA
110.00 0.20000 110.0 0.00000 0 -35.000 -0.1429 -35.000 -0.0001 0 NA
120.00 0.20000 120.0 0.00000 0 -35.000 -0.1429 -35.000 -0.0001 0 NA
130.00 0.19231 130.0 0.00000 0 -35.000 -0.1429 -35.000 -0.0001 0 NA
140.00 0.17857 140.0 0.00000 0 -35.000 -0.1429 -35.000 -0.0001 0 NA
150.00 0.16667 150.0 0.00008 0 -35.000 -0.1429 -35.000 -0.0001 0 NA
160.00 0.15625 160.0 0.00018 0 -35.000 -0.1429 -35.000 -0.0001 0 NA
170.00 0.14706 170.0 0.00034 0 -35.000 -0.1429 -35.000 -0.0001 0 NA
180.00 0.13889 180.0 0.00057 0 -35.000 -0.1429 -34.999 -0.0002 0 NA
190.00 0.13158 190.0 0.00087 0 -35.000 -0.1429 -34.999 -0.0001 0 NA
200.00 0.12500 200.0 0.00124 0 -35.000 -0.1429 -35.000 -0.0001 0 NA
210.00 0.11905 210.0 0.00168 0 -35.000 -0.1429 -35.000 -0.0001 0 NA
220.00 0.11364 220.0 0.00220 0 -35.000 -0.1429 -35.000 -0.0002 0 NA
230.00 0.10870 230.1 0.00280 0 -35.000 -0.1429 -35.000 -0.0001 0 NA
240.00 0.10417 240.1 0.00355 0 -35.000 -0.1429 -35.000 -0.0001 0 NA
250.00 0.10000 250.1 0.00452 0 -35.000 -0.1429 -35.000 -0.0001 0 NA
260.00 0.09615 260.1 0.00578 0 -35.000 -0.1429 -35.000 -0.0002 0 NA
270.00 0.09259 270.1 0.00744 0 -35.000 -0.1429 -35.000 -0.0001 0 NA
280.00 0.08929 280.1 0.00953 0 -35.000 -0.1429 -35.000 -0.0001 0 NA
290.00 0.08621 290.1 0.01206 0 -35.000 -0.1429 -35.000 -0.0001 0 NA
300.00 0.08333 300.0 0.01504 0 -35.000 -0.1429 -35.000 -0.0001 0 NA
310.00 0.08065 310.1 0.01845 0 -35.000 -0.1429 -35.000 -0.0001 0 NA
320.00 0.07812 320.1 0.02229 0 -35.000 -0.1429 -35.000 -0.0001 0 NA
330.00 0.07576 330.0 0.02649 0 -35.000 -0.1429 -35.000 -0.0001 0 NA
340.00 0.07353 340.1 0.03107 0 -35.000 -0.1429 -35.000 -0.0001 0 NA
350.00 0.07143 350.0 0.03600 0 -35.000 -0.1429 -35.000 -0.0001 0 NA
360.00 0.06944 360.0 0.04126 0 -35.000 -0.1429 -35.000 -0.0001 0 NA
370.00 0.06757 370.0 0.04684 0 -35.000 -0.1429 -35.000 -0.0001 0 NA
380.00 0.06579 380.0 0.05275 0 -35.000 -0.1429 -35.000 -0.0001 0 NA
390.00 0.06410 390.0 0.05899 0 -35.000 -0.1429 -35.000 -0.0001 0 NA
400.00 0.06250 392.0 0.06001 1 -35.000 -0.1429 -35.000 -0.0001 0 NA
0.00 0.20000 0.1 0.00000 0 -40.000 -0.1250 -39.999 -0.0001 0 NA
10.00 0.20000 10.0 0.00000 0 -40.000 -0.1250 -39.999 -0.0002 0 NA
20.00 0.20000 20.0 0.00000 0 -40.000 -0.1250 -40.000 -0.0001 0 NA
30.00 0.20000 30.0 0.00000 0 -40.000 -0.1250 -40.000 -0.0001 0 NA
40.00 0.20000 40.0 0.00000 0 -40.000 -0.1250 -39.999 -0.0002 0 NA
50.00 0.20000 50.0 0.00000 0 -40.000 -0.1250 -39.999 -0.0001 0 NA
60.00 0.20000 60.0 0.00000 0 -40.000 -0.1250 -39.999 -0.0001 0 NA
70.00 0.20000 70.0 0.00000 0 -40.000 -0.1250 -39.999 -0.0001 0 NA
80.00 0.20000 80.0 0.00000 0 -40.000 -0.1250 -39.999 -0.0001 0 NA
90.00 0.20000 90.0 0.00000 0 -40.000 -0.1250 -39.999 -0.0001 0 NA
100.00 0.20000 100.0 0.00000 0 -40.000 -0.1250 -39.999 -0.0001 0 NA
110.00 0.20000 110.0 0.00000 0 -40.000 -0.1250 -39.999 -0.0001 0 NA
120.00 0.20000 120.0 0.00000 0 -40.000 -0.1250 -39.999 -0.0001 0 NA
130.00 0.19231 130.0 0.00000 0 -40.000 -0.1250 -39.999 -0.0001 0 NA
140.00 0.17857 140.0 0.00000 0 -40.000 -0.1250 -39.999 -0.0001 0 NA
150.00 0.16667 150.0 0.00000 0 -40.000 -0.1250 -39.999 -0.0001 0 NA
160.00 0.15625 160.0 0.00000 0 -40.000 -0.1250 -39.999 -0.0001 0 NA
170.00 0.14706 170.0 0.00007 0 -40.000 -0.1250 -39.999 -0.0001 0 NA
180.00 0.13889 180.0 0.00017 0 -40.000 -0.1250 -40.000 -0.0001 0 NA
190.00 0.13158 190.0 0.00031 0 -40.000 -0.1250 -39.999 -0.0002 0 NA
200.00 0.12500 200.0 0.00052 0 -40.000 -0.1250 -40.000 -0.0001 0 NA
210.00 0.11905 210.0 0.00079 0 -40.000 -0.1250 -39.999 -0.0001 0 NA
220.00 0.11364 220.0 0.00113 0 -40.000 -0.1250 -40.000 -0.0001 0 NA
230.00 0.10870 230.1 0.00153 0 -40.000 -0.1250 -39.999 -0.0001 0 NA
240.00 0.10417 240.1 0.00200 0 -40.000 -0.1250 -39.999 -0.0001 0 NA
250.00 0.10000 250.1 0.00254 0 -40.000 -0.1250 -40.000 -0.0001 0 NA
260.00 0.09615 260.1 0.00315 0 -40.000 -0.1250 -39.999 -0.0001 0 NA
270.00 0.09259 270.1 0.00387 0 -40.000 -0.1250 -40.000 -0.0001 0 NA
280.00 0.08929 280.1 0.00474 0 -40.000 -0.1250 -40.000 -0.0001 0 NA
290.00 0.08621 290.1 0.00583 0 -40.000 -0.1250 -39.999 -0.0001 0 NA
300.00 0.08333 300.0 0.00723 0 -40.000 -0.1250 -39.999 -0.0001 0 NA
310.00 0.08065 310.1 0.00899 0 -40.000 -0.1250 -40.000 -0.0001 0 NA
320.00 0.07812 320.1 0.01113 0 -40.000 -0.1250 -39.999 -0.0001 0 NA
330.00 0.07576 330.0 0.01367 0 -40.000 -0.1250 -40.000 -0.0001 0 NA
340.00 0.07353 340.1 0.01662 0 -40.000 -0.1250 -39.999 -0.0001 0 NA
350.00 0.07143 350.0 0.01998 0 -40.000 -0.1250 -39.999 -0.0001 0 NA
360.00 0.06944 360.0 0.02369 0 -40.000 -0.1250 -39.999 -0.0001 0 NA
370.00 0.06757 370.0 0.02775 0 -40.000 -0.1250 -39.999 -0.0001 0 NA
380.00 0.06579 380.0 0.03219 0 -40.000 -0.1250 -40.000 -0.0001 0 NA
390.00 0.06410 390.0 0.03693 0 -40.000 -0.1250 -39.999 -0.0001 0 NA
400.00 0.06250 400.0 0.04198 0 -40.000 -0.1250 -39.999 -0.0001 0 NA
410.00 0.06098 410.0 0.04724 0 -40.000 -0.1250 -39.999 -0.0001 0 NA
420.00 0.05952 420.0 0.05293 0 -40.000 -0.1250 -40.000 -0.0001 0 NA
430.00 0.05814 430.0 0.05893 1 -40.000 -0.1250 -39.999 -0.0001 0 NA
0.00 0.20000 0.1 0.00000 0 -45.000 -0.1111 -45.001 -0.0001 0 NA
10.00 0.20000 10.0 0.00000 0 -45.000 -0.1111 -45.001 -0.0001 0 NA
20.00 0.20000 20.0 0.00000 0 -45.000 -0.1111 -45.001 -0.0001 0 NA
30.00 0.20000 30.0 0.00000 0 -45.000 -0.1111 -45.002 -0.0001 0 NA
40.00 0.20000 40.0 0.00000 0 -45.000 -0.1111 -45.001 -0.0001 0 NA
50.00 0.20000 50.0 0.00000 0 -45.000 -0.1111 -45.001 -0.0001 0 NA
60.00 0.20000 60.0 0.00000 0 -45.000 -0.1111 -45.001 -0.0001 0 NA
70.00 0.20000 70.0 0.00000 0 -45.000 -0.1111 -45.001 -0.0001 0 NA
80.00 0.20000 80.0 0.00000 0 -45.000 -0.1111 -45.001 -0.0001 0 NA
90.00 0.20000 90.0 0.00000 0 -45.000 -0.1111 -45.001 -0.0001 0 NA
100.00 0.20000 100.0 0.00000 0 -45.000 -0.1111 -45.001 -0.0001 0 NA
110.00 0.20000 110.0 0.00000 0 -45.000 -0.1111 -45.001 -0.0001 0 NA
120.00 0.20000 120.0 0.00000 0 -45.000 -0.1111 -45.001 -0.0001 0 NA
130.00 0.19231 130.0 0.00000 0 -45.000 -0.1111 -45.001 -0.0001 0 NA
140.00 0.17857 140.0 0.00000 0 -45.000 -0.1111 -45.001 -0.0001 0 NA
150.00 0.16667 150.0 0.00000 0 -45.000 -0.1111 -45.002 -0.0001 0 NA
160.00 0.15625 160.0 0.00000 0 -45.000 -0.1111 -45.001 -0.0001 0 NA
170.00 0.14706 170.0 0.00000 0 -45.000 -0.1111 -45.001 -0.0001 0 NA
180.00 0.13889 180.0 0.00000 0 -45.000 -0.1111 -45.001 -0.0001 0 NA
190.00 0.13158 190.0 0.00007 0 -45.000 -0.1111 -45.001 -0.0001 0 NA
200.00 0.12500 200.0 0.00016 0 -45.000 -0.1111 -45.001 -0.0001 0 NA
210.00 0.11905 210.0 0.00029 0 -45.000 -0.1111 -45.001 -0.0001 0 NA
220.00 0.11364 220.0 0.00048 0 -45.000 -0.1111 -45.002 -0.0001 0 NA
230.00 0.10870 230.1 0.00073 0 -45.000 -0.1111 -45.001 -0.0001 0 NA
240.00 0.10417 240.1 0.00104 0 -45.000 -0.1111 -45.001 -0.0001 0 NA
250.00 0.10000 250.1 0.00142 0 -45.000 -0.1111 -45.001 -0.0001 0 NA
260.00 0.09615 260.1 0.00184 0 -45.000 -0.1111 -45.002 -0.0001 0 NA
270.00 0.09259 270.1 0.00234 0 -45.000 -0.1111 -45.001 -0.0001 0 NA
280.00 0.08929 280.1 0.00290 0 -45.000 -0.1111 -45.001 -0.0001 0 NA
290.00 0.08621 290.1 0.00351 0 -45.000 -0.1111 -45.001 -0.0001 0 NA
300.00 0.08333 300.0 0.00421 0 -45.000 -0.1111 -45.001 -0.0001 0 NA
310.00 0.08065 310.1 0.00504 0 -45.000 -0.1111 -45.001 -0.0001 0 NA
320.00 0.07812 320.1 0.00602 0 -45.000 -0.1111 -45.002 -0.0001 0 NA
330.00 0.07576 330.0 0.00723 0 -45.000 -0.1111 -45.001 -0.0001 0 NA
340.00 0.07353 340.1 0.00872 0 -45.000 -0.1111 -45.001 -0.0001 0 NA
350.00 0.07143 350.0 0.01054 0 -45.000 -0.1111 -45.001 -0.0001 0 NA
360.00 0.06944 360.0 0.01271 0 -45.000 -0.1111 -45.001 -0.0001 0 NA
370.00 0.06757 370.0 0.01526 0 -45.000 -0.1111 -45.002 -0.0001 0 NA
380.00 0.06579 380.0 0.01818 0 -45.000 -0.1111 -45.001 -0.0001 0 NA
390.00 0.06410 390.0 0.02146 0 -45.000 -0.1111 -45.001 -0.0001 0 NA
400.00 0.06250 400.0 0.02508 0 -45.000 -0.1111 -45.002 -0.0001 0 NA
410.00 0.06098 410.0 0.02896 0 -45.000 -0.1111 -45.002 -0.0001 0 NA
420.00 0.05952 420.0 0.03325 0 -45.000 -0.1111 -45.001 -0.0001 0 NA
430.00 0.05814 430.0 0.03783 0 -45.000 -0.1111 -45.001 -0.0001 0 NA
440.00 0.05682 440.0 0.04276 0 -45.000 -0.1111 -45.001 -0.0001 0 NA
450.00 0.05556 450.0 0.04794 0 -45.000 -0.1111 -45.001 -0.0001 0 NA
460.00 0.05435 460.0 0.05342 0 -45.000 -0.1111 -45.001 -0.0001 0 NA
470.00 0.05319 470.0 0.05917 1 -45.000 -0.1111 -45.001 -0.0001 0 NA
0.00 0.20000 0.1 0.00000 0 -50.000 -0.1000 -50.001 -0.0001 0 NA
10.00 0.20000 10.0 0.00000 0 -50.000 -0.1000 -50.001 -0.0001 0 NA
20.00 0.20000 20.0 0.00000 0 -50.000 -0.1000 -50.001 -0.0001 0 NA
30.00 0.20000 30.0 0.00000 0 -50.000 -0.1000 -50.001 -0.0001 0 NA
40.00 0.20000 40.0 0.00000 0 -50.000 -0.1000 -50.001 -0.0001 0 NA
50.00 0.20000 50.0 0.00000 0 -50.000 -0.1000 -50.001 -0.0001 0 NA
60.00 0.20000 60.0 0.00000 0 -50.000 -0.1000 -50.001 -0.0001 0 NA
70.00 0.20000 70.0 0.00000 0 -50.000 -0.1000 -50.001 -0.0001 0 NA
80.00 0.20000 80.0 0.00000 0 -50.000 -0.1000 -50.001 -0.0001 0 NA
90.00 0.20000 90.0 0.00000 0 -50.000 -0.1000 -50.001 -0.0001 0 NA
100.00 0.20000 100.0 0.00000 0 -50.000 -0.1000 -50.001 -0.0001 0 NA
110.00 0.20000 110.0 0.00000 0 -50.000 -0.1000 -50.001 -0.0001 0 NA
120.00 0.20000 120.0 0.00000 0 -50.000 -0.1000 -50.001 -0.0001 0 NA
130.00 0.19231 130.0 0.00000 0 -50.000 -0.1000 -50.001 -0.0001 0 NA
140.00 0.17857 140.0 0.00000 0 -50.000 -0.1000 -50.001 -0.0001 0 NA
150.00 0.16667 150.0 0.00000 0 -50.000 -0.1000 -50.001 -0.0001 0 NA
160.00 0.15625 160.0 0.00000 0 -50.000 -0.1000 -50.001 -0.0001 0 NA
170.00 0.14706 170.0 0.00000 0 -50.000 -0.1000 -50.001 -0.0001 0 NA
180.00 0.13889 180.0 0.00000 0 -50.000 -0.1000 -50.001 -0.0001 0 NA
190.00 0.13158 190.0 0.00000 0 -50.000 -0.1000 -50.001 -0.0001 0 NA
200.00 0.12500 200.0 0.00000 0 -50.000 -0.1000 -50.001 -0.0001 0 NA
210.00 0.11905 210.0 0.00007 0 -50.000 -0.1000 -50.001 -0.0001 0 NA
220.00 0.11364 220.0 0.00015 0 -50.000 -0.1000 -50.001 -0.0001 0 NA
230.00 0.10870 230.1 0.00027 0 -50.000 -0.1000 -50.001 -0.0001 0 NA
240.00 0.10417 240.1 0.00045 0 -50.000 -0.1000 -50.001 -0.0001 0 NA
250.00 0.10000 250.1 0.00068 0 -50.000 -0.1000 -50.001 -0.0001 0 NA
260.00 0.09615 260.1 0.00096 0 -50.000 -0.1000 -50.001 -0.0001 0 NA
270.00 0.09259 270.1 0.00131 0 -50.000 -0.1000 -50.001 -0.0001 0 NA
280.00 0.08929 280.1 0.00171 0 -50.000 -0.1000 -50.001 -0.0001 0 NA
290.00 0.08621 290.1 0.00218 0 -50.000 -0.1000 -50.001 -0.0001 0 NA
300.00 0.08333 300.0 0.00269 0 -50.000 -0.1000 -50.001 -0.0001 0 NA
310.00 0.08065 310.1 0.00326 0 -50.000 -0.1000 -50.001 -0.0001 0 NA
320.00 0.07812 320.1 0.00389 0 -50.000 -0.1000 -50.001 -0.0001 0 NA
330.00 0.07576 330.0 0.00459 0 -50.000 -0.1000 -50.002 -0.0001 0 NA
340.00 0.07353 340.1 0.00537 0 -50.000 -0.1000 -50.001 -0.0001 0 NA
350.00 0.07143 350.0 0.00628 0 -50.000 -0.1000 -50.001 -0.0001 0 NA
360.00 0.06944 360.0 0.00735 0 -50.000 -0.1000 -50.002 -0.0001 0 NA
370.00 0.06757 370.0 0.00864 0 -50.000 -0.1000 -50.001 -0.0001 0 NA
380.00 0.06579 380.0 0.01019 0 -50.000 -0.1000 -50.001 -0.0001 0 NA
390.00 0.06410 390.0 0.01205 0 -50.000 -0.1000 -50.002 -0.0001 0 NA
400.00 0.06250 400.0 0.01423 0 -50.000 -0.1000 -50.001 -0.0001 0 NA
410.00 0.06098 410.0 0.01670 0 -50.000 -0.1000 -50.001 -0.0001 0 NA
420.00 0.05952 420.0 0.01958 0 -50.000 -0.1000 -50.001 -0.0001 0 NA
430.00 0.05814 430.0 0.02279 0 -50.000 -0.1000 -50.001 -0.0001 0 NA
440.00 0.05682 440.0 0.02632 0 -50.000 -0.1000 -50.001 -0.0001 0 NA
450.00 0.05556 450.0 0.03016 0 -50.000 -0.1000 -50.001 -0.0001 0 NA
460.00 0.05435 460.0 0.03431 0 -50.000 -0.1000 -50.001 -0.0001 0 NA
470.00 0.05319 470.0 0.03879 0 -50.000 -0.1000 -50.001 -0.0001 0 NA
480.00 0.05208 480.0 0.04353 0 -50.000 -0.1000 -50.001 -0.0001 0 NA
490.00 0.05102 490.0 0.04855 0 -50.000 -0.1000 -50.001 -0.0001 0 NA
500.00 0.05000 473.7 0.04001 1 -50.000 -0.1000 -50.001 -0.0001 0 NA
0.00 0.20000 0.1 0.00000 0 -55.000 -0.0909 -55.001 -0.0001 0 NA
10.00 0.20000 10.0 0.00000 0 -55.000 -0.0909 -55.001 -0.0001 0 NA
20.00 0.20000 20.0 0.00000 0 -55.000 -0.0909 -55.001 -0.0001 0 NA
30.00 0.20000 30.0 0.00000 0 -55.000 -0.0909 -55.001 -0.0001 0 NA
40.00 0.20000 40.0 0.00000 0 -55.000 -0.0909 -55.001 -0.0001 0 NA
50.00 0.20000 50.0 0.00000 0 -55.000 -0.0909 -55.000 -0.0001 0 NA
60.00 0.20000 60.0 0.00000 0 -55.000 -0.0909 -55.001 -0.0001 0 NA
70.00 0.20000 70.0 0.00000 0 -55.000 -0.0909 -55.001 -0.0001 0 NA
80.00 0.20000 80.0 0.00000 0 -55.000 -0.0909 -55.001 -0.0001 0 NA
90.00 0.20000 90.0 0.00000 0 -55.000 -0.0909 -55.000 -0.0001 0 NA
100.00 0.20000 100.0 0.00000 0 -55.000 -0.0909 -55.001 -0.0001 0 NA
110.00 0.20000 110.0 0.00000 0 -55.000 -0.0909 -55.001 -0.0001 0 NA
120.00 0.20000 120.0 0.00000 0 -55.000 -0.0909 -55.001 -0.0001 0 NA
130.00 0.19231 130.0 0.00000 0 -55.000 -0.0909 -55.001 -0.0001 0 NA
140.00 0.17857 140.0 0.00000 0 -55.000 -0.0909 -55.001 -0.0001 0 NA
150.00 0.16667 150.0 0.00000 0 -55.000 -0.0909 -55.001 -0.0001 0 NA
160.00 0.15625 160.0 0.00000 0 -55.000 -0.0909 -55.000 -0.0001 0 NA
170.00 0.14706 170.0 0.00000 0 -55.000 -0.0909 -55.001 -0.0001 0 NA
180.00 0.13889 180.0 0.00000 0 -55.000 -0.0909 -55.001 -0.0001 0 NA
190.00 0.13158 190.0 0.00000 0 -55.000 -0.0909 -55.001 -0.0001 0 NA
200.00 0.12500 200.0 0.00000 0 -55.000 -0.0909 -55.001 -0.0001 0 NA
210.00 0.11905 210.0 0.00000 0 -55.000 -0.0909 -55.001 -0.0001 0 NA
220.00 0.11364 220.0 0.00000 0 -55.000 -0.0909 -55.001 -0.0001 0 NA
230.00 0.10870 230.1 0.00007 0 -55.000 -0.0909 -55.001 -0.0001 0 NA
240.00 0.10417 240.1 0.00014 0 -55.000 -0.0909 -55.001 -0.0001 0 NA
250.00 0.10000 250.1 0.00026 0 -55.000 -0.0909 -55.001 -0.0001 0 NA
260.00 0.09615 260.1 0.00042 0 -55.000 -0.0909 -55.001 -0.0001 0 NA
270.00 0.09259 270.1 0.00063 0 -55.000 -0.0909 -55.001 -0.0001 0 NA
280.00 0.08929 280.1 0.00091 0 -55.000 -0.0909 -55.001 -0.0001 0 NA
290.00 0.08621 290.1 0.00122 0 -55.000 -0.0909 -55.001 -0.0001 0 NA
300.00 0.08333 300.0 0.00160 0 -55.000 -0.0909 -55.001 -0.0001 0 NA
310.00 0.08065 310.1 0.00203 0 -55.000 -0.0909 -55.001 -0.0001 0 NA
320.00 0.07812 320.1 0.00252 0 -55.000 -0.0909 -55.001 -0.0001 0 NA
330.00 0.07576 330.0 0.00305 0 -55.000 -0.0909 -55.000 -0.0001 0 NA
340.00 0.07353 340.1 0.00364 0 -55.000 -0.0909 -55.001 -0.0001 0 NA
350.00 0.07143 350.0 0.00428 0 -55.000 -0.0909 -55.001 -0.0001 0 NA
360.00 0.06944 360.0 0.00498 0 -55.000 -0.0909 -55.001 -0.0001 0 NA
370.00 0.06757 370.0 0.00575 0 -55.000 -0.0909 -55.002 -0.0001 0 NA
380.00 0.06579 380.0 0.00660 0 -55.000 -0.0909 -55.001 -0.0001 0 NA
390.00 0.06410 390.0 0.00759 0 -55.000 -0.0909 -55.001 -0.0001 0 NA
400.00 0.06250 400.0 0.00873 0 -55.000 -0.0909 -55.001 -0.0001 0 NA
410.00 0.06098 410.0 0.01005 0 -55.000 -0.0909 -55.001 -0.0001 0 NA
420.00 0.05952 420.0 0.01164 0 -55.000 -0.0909 -55.001 -0.0001 0 NA
430.00 0.05814 430.0 0.01353 0 -55.000 -0.0909 -55.001 -0.0001 0 NA
440.00 0.05682 440.0 0.01569 0 -55.000 -0.0909 -55.001 -0.0001 0 NA
450.00 0.05556 450.0 0.01817 0 -55.000 -0.0909 -55.001 -0.0001 0 NA
460.00 0.05435 460.0 0.02101 0 -55.000 -0.0909 -55.001 -0.0001 0 NA
470.00 0.05319 470.0 0.02412 0 -55.000 -0.0909 -55.001 -0.0001 0 NA
480.00 0.05208 480.0 0.02754 0 -55.000 -0.0909 -55.001 -0.0001 0 NA
490.00 0.05102 490.0 0.03130 0 -55.000 -0.0909 -55.001 -0.0001 0 NA
500.00 0.05000 500.0 0.03533 0 -55.000 -0.0909 -55.001 -0.0001 0 NA
0.00 0.20000 0.1 0.00000 0 -60.000 -0.0833 -60.000 -0.0001 0 NA
10.00 0.20000 10.0 0.00000 0 -60.000 -0.0833 -60.000 -0.0001 0 NA
20.00 0.20000 20.0 0.00000 0 -60.000 -0.0833 -60.000 -0.0001 0 NA
30.00 0.20000 30.0 0.00000 0 -60.000 -0.0833 -60.000 -0.0001 0 NA
40.00 0.20000 40.0 0.00000 0 -60.000 -0.0833 -60.000 -0.0001 0 NA
50.00 0.20000 50.0 0.00000 0 -60.000 -0.0833 -60.000 -0.0001 0 NA
60.00 0.20000 60.0 0.00000 0 -60.000 -0.0833 -60.000 -0.0001 0 NA
70.00 0.20000 70.0 0.00000 0 -60.000 -0.0833 -60.000 -0.0001 0 NA
80.00 0.20000 80.0 0.00000 0 -60.000 -0.0833 -60.000 -0.0001 0 NA
90.00 0.20000 90.0 0.00000 0 -60.000 -0.0833 -60.000 -0.0001 0 NA
100.00 0.20000 100.0 0.00000 0 -60.000 -0.0833 -60.000 -0.0001 0 NA
110.00 0.20000 110.0 0.00000 0 -60.000 -0.0833 -60.000 -0.0001 0 NA
120.00 0.20000 120.0 0.00000 0 -60.000 -0.0833 -60.000 -0.0001 0 NA
130.00 0.19231 130.0 0.00000 0 -60.000 -0.0833 -60.000 -0.0001 0 NA
140.00 0.17857 140.0 0.00000 0 -60.000 -0.0833 -60.001 -0.0001 0 NA
150.00 0.16667 150.0 0.00000 0 -60.000 -0.0833 -60.000 -0.0001 0 NA
160.00 0.15625 160.0 0.00000 0 -60.000 -0.0833 -60.000 -0.0001 0 NA
170.00 0.14706 170.0 0.00000 0 -60.000 -0.0833 -60.000 -0.0001 0 NA
180.00 0.13889 180.0 0.00000 0 -60.000 -0.0833 -60.000 -0.0001 0 NA
190.00 0.13158 190.0 0.00000 0 -60.000 -0.0833 -60.000 -0.0001 0 NA
200.00 0.12500 200.0 0.00000 0 -60.000 -0.0833 -60.001 -0.0001 0 NA
210.00 0.11905 210.0 0.00000 0 -60.000 -0.0833 -60.000 -0.0001 0 NA
220.00 0.11364 220.0 0.00000 0 -60.000 -0.0833 -60.000 -0.0001 0 NA
230.00 0.10870 230.1 0.00000 0 -60.000 -0.0833 -60.000 -0.0001 0 NA
240.00 0.10417 240.1 0.00000 0 -60.000 -0.0833 -60.000 -0.0001 0 NA
250.00 0.10000 250.1 0.00007 0 -60.000 -0.0833 -60.000 -0.0001 0 NA
260.00 0.09615 260.1 0.00014 0 -60.000 -0.0833 -60.000 -0.0001 0 NA
270.00 0.09259 270.1 0.00024 0 -60.000 -0.0833 -60.000 -0.0001 0 NA
280.00 0.08929 280.1 0.00040 0 -60.000 -0.0833 -60.000 -0.0001 0 NA
290.00 0.08621 290.1 0.00060 0 -60.000 -0.0833 -60.000 -0.0001 0 NA
300.00 0.08333 300.0 0.00085 0 -60.000 -0.0833 -60.000 -0.0001 0 NA
310.00 0.08065 310.1 0.00114 0 -60.000 -0.0833 -60.000 -0.0001 0 NA
320.00 0.07812 320.1 0.00149 0 -60.000 -0.0833 -60.000 -0.0001 0 NA
330.00 0.07576 330.0 0.00191 0 -60.000 -0.0833 -60.000 -0.0001 0 NA
340.00 0.07353 340.1 0.00236 0 -60.000 -0.0833 -60.000 -0.0001 0 NA
350.00 0.07143 350.0 0.00287 0 -60.000 -0.0833 -60.000 -0.0001 0 NA
360.00 0.06944 360.0 0.00342 0 -60.000 -0.0833 -60.000 -0.0001 0 NA
370.00 0.06757 370.0 0.00403 0 -60.000 -0.0833 -60.000 -0.0001 0 NA
380.00 0.06579 380.0 0.00468 0 -60.000 -0.0833 -60.000 -0.0001 0 NA
390.00 0.06410 390.0 0.00537 0 -60.000 -0.0833 -60.000 -0.0001 0 NA
400.00 0.06250 400.0 0.00612 0 -60.000 -0.0833 -60.000 -0.0001 0 NA
410.00 0.06098 410.0 0.00693 0 -60.000 -0.0833 -60.000 -0.0001 0 NA
420.00 0.05952 420.0 0.00784 0 -60.000 -0.0833 -60.000 -0.0001 0 NA
430.00 0.05814 430.0 0.00888 0 -60.000 -0.0833 -60.000 -0.0001 0 NA
440.00 0.05682 440.0 0.01007 0 -60.000 -0.0833 -60.000 -0.0001 0 NA
450.00 0.05556 450.0 0.01145 0 -60.000 -0.0833 -60.000 -0.0001 0 NA
460.00 0.05435 460.0 0.01306 0 -60.000 -0.0833 -60.000 -0.0001 0 NA
470.00 0.05319 470.0 0.01494 0 -60.000 -0.0833 -60.000 -0.0001 0 NA
480.00 0.05208 480.0 0.01709 0 -60.000 -0.0833 -60.000 -0.0001 0 NA
490.00 0.05102 490.0 0.01956 0 -60.000 -0.0833 -60.000 -0.0001 0 NA
500.00 0.05000 500.0 0.02230 0 -60.000 -0.0833 -60.000 -0.0001 0 NA
