% * Sample: BC550_2s_idle_1
% * Date / time: 2023-03-04 17:28:26.531265
% * R2CONTROL =  100000.0 Ohm
% Column 1:  PSU1 nominal voltage setting (V)
% Column 2:  PSU1 nominal current setting (A)
% Column 3:  PSU1 voltage measurement (V)
% Column 4:  PSU1 current measurement (I)
% Column 5:  PSU1 limiter flag
% Column 6:  PSU2 nominal voltage setting (V)
% Column 7:  PSU2 nominal current setting (A)
% Column 8:  PSU2 voltage measurement (V)
% Column 9:  PSU2 current measurement (I)
% Column 10: PSU2 limiter flag
% Column 11: Heaterblock temperature (°C)
% * OPERATING POINT AT END OF PREHEAT / IDLE: U1 = 5.0 V  I1 = 0.02001 A  U2 = 4.542 V  I2 = 0.0001 A  T = 29.94 °C
0.00 0.10000 0.1 0.00000 0 0.650 0.1000 0.650 0.0001 0 29.94
1.00 0.10000 1.1 0.00038 0 0.650 0.1000 0.650 0.0001 0 29.94
2.00 0.10000 2.0 0.00038 0 0.650 0.1000 0.650 0.0001 0 29.94
3.00 0.10000 3.1 0.00038 0 0.650 0.1000 0.650 0.0001 0 30.00
4.00 0.10000 4.0 0.00039 0 0.650 0.1000 0.650 0.0001 0 30.00
5.00 0.10000 5.0 0.00039 0 0.650 0.1000 0.650 0.0001 0 29.94
6.00 0.08333 6.0 0.00039 0 0.650 0.1000 0.649 0.0001 0 30.00
7.00 0.07143 7.0 0.00039 0 0.650 0.1000 0.650 0.0001 0 30.00
8.00 0.06250 8.1 0.00040 0 0.650 0.1000 0.650 0.0001 0 29.94
9.00 0.05556 9.0 0.00040 0 0.650 0.1000 0.650 0.0001 0 30.00
10.00 0.05000 10.0 0.00040 0 0.650 0.1000 0.650 0.0001 0 30.00
11.00 0.04545 11.0 0.00040 0 0.650 0.1000 0.650 0.0001 0 30.00
12.00 0.04167 12.0 0.00041 0 0.650 0.1000 0.650 0.0001 0 30.00
13.00 0.03846 13.0 0.00041 0 0.650 0.1000 0.650 0.0001 0 30.00
14.00 0.03571 14.0 0.00041 0 0.650 0.1000 0.650 0.0001 0 30.00
15.00 0.03333 15.0 0.00041 0 0.650 0.1000 0.649 0.0001 0 29.94
16.00 0.03125 16.0 0.00041 0 0.650 0.1000 0.650 0.0001 0 30.00
17.00 0.02941 17.0 0.00041 0 0.650 0.1000 0.650 0.0001 0 30.00
18.00 0.02778 18.0 0.00042 0 0.650 0.1000 0.650 0.0001 0 30.00
19.00 0.02632 19.0 0.00042 0 0.650 0.1000 0.650 0.0001 0 30.00
20.00 0.02500 20.0 0.00042 0 0.650 0.1000 0.650 0.0001 0 30.00
0.00 0.10000 0.1 0.00007 0 1.150 0.1000 1.150 0.0001 0 30.00
1.00 0.10000 1.1 0.00264 0 1.150 0.1000 1.150 0.0001 0 30.00
2.00 0.10000 2.0 0.00267 0 1.150 0.1000 1.149 0.0001 0 30.00
3.00 0.10000 3.1 0.00269 0 1.150 0.1000 1.149 0.0001 0 30.00
4.00 0.10000 4.0 0.00271 0 1.150 0.1000 1.149 0.0001 0 30.00
5.00 0.10000 5.0 0.00274 0 1.150 0.1000 1.149 0.0001 0 30.00
6.00 0.08333 6.0 0.00276 0 1.150 0.1000 1.150 0.0001 0 30.00
7.00 0.07143 7.0 0.00277 0 1.150 0.1000 1.149 0.0001 0 30.00
8.00 0.06250 8.1 0.00279 0 1.150 0.1000 1.150 0.0001 0 30.00
9.00 0.05556 9.0 0.00281 0 1.150 0.1000 1.149 0.0001 0 30.00
10.00 0.05000 10.0 0.00283 0 1.150 0.1000 1.150 0.0001 0 30.00
11.00 0.04545 11.0 0.00284 0 1.150 0.1000 1.150 0.0001 0 30.00
12.00 0.04167 12.0 0.00285 0 1.150 0.1000 1.150 0.0001 0 30.00
13.00 0.03846 13.0 0.00287 0 1.150 0.1000 1.150 0.0001 0 30.00
14.00 0.03571 14.0 0.00289 0 1.150 0.1000 1.150 0.0001 0 30.00
15.00 0.03333 15.0 0.00291 0 1.150 0.1000 1.150 0.0001 0 30.00
16.00 0.03125 16.0 0.00292 0 1.150 0.1000 1.150 0.0001 0 30.00
17.00 0.02941 17.0 0.00294 0 1.150 0.1000 1.149 0.0001 0 30.00
18.00 0.02778 18.0 0.00295 0 1.150 0.1000 1.149 0.0001 0 30.00
19.00 0.02632 19.0 0.00297 0 1.150 0.1000 1.149 0.0001 0 30.00
20.00 0.02500 20.0 0.00298 0 1.150 0.1000 1.150 0.0001 0 30.00
0.00 0.10000 0.1 0.00009 0 1.650 0.1000 1.650 0.0001 0 30.00
1.00 0.10000 1.1 0.00508 0 1.650 0.1000 1.650 0.0001 0 30.00
2.00 0.10000 2.0 0.00514 0 1.650 0.1000 1.649 0.0001 0 30.00
3.00 0.10000 3.1 0.00519 0 1.650 0.1000 1.649 0.0001 0 30.00
4.00 0.10000 4.0 0.00524 0 1.650 0.1000 1.650 0.0001 0 30.00
5.00 0.10000 5.0 0.00528 0 1.650 0.1000 1.650 0.0001 0 30.00
6.00 0.08333 6.0 0.00532 0 1.650 0.1000 1.650 0.0001 0 29.94
7.00 0.07143 7.0 0.00536 0 1.650 0.1000 1.650 0.0001 0 30.00
8.00 0.06250 8.0 0.00539 0 1.650 0.1000 1.649 0.0001 0 30.00
9.00 0.05556 9.0 0.00544 0 1.650 0.1000 1.650 0.0001 0 30.00
10.00 0.05000 10.0 0.00547 0 1.650 0.1000 1.649 0.0001 0 30.00
11.00 0.04545 11.0 0.00551 0 1.650 0.1000 1.650 0.0001 0 30.00
12.00 0.04167 12.0 0.00554 0 1.650 0.1000 1.650 0.0001 0 30.00
13.00 0.03846 13.0 0.00558 0 1.650 0.1000 1.650 0.0001 0 30.00
14.00 0.03571 14.0 0.00560 0 1.650 0.1000 1.650 0.0001 0 30.00
15.00 0.03333 15.0 0.00565 0 1.650 0.1000 1.649 0.0001 0 30.00
16.00 0.03125 16.0 0.00567 0 1.650 0.1000 1.650 0.0001 0 30.00
17.00 0.02941 17.0 0.00573 0 1.650 0.1000 1.650 0.0001 0 30.00
18.00 0.02778 18.0 0.00575 0 1.650 0.1000 1.650 0.0001 0 30.00
19.00 0.02632 19.0 0.00579 0 1.650 0.1000 1.650 0.0001 0 30.00
20.00 0.02500 20.0 0.00582 0 1.650 0.1000 1.650 0.0001 0 30.00
0.00 0.10000 0.1 0.00012 0 2.150 0.1000 2.149 0.0001 0 30.00
1.00 0.10000 1.1 0.00755 0 2.150 0.1000 2.149 0.0001 0 30.00
2.00 0.10000 2.0 0.00764 0 2.150 0.1000 2.149 0.0001 0 30.00
3.00 0.10000 3.1 0.00770 0 2.150 0.1000 2.149 0.0001 0 30.00
4.00 0.10000 4.0 0.00778 0 2.150 0.1000 2.149 0.0001 0 30.00
5.00 0.10000 5.0 0.00784 0 2.150 0.1000 2.149 0.0001 0 30.00
6.00 0.08333 6.0 0.00792 0 2.150 0.1000 2.149 0.0001 0 30.00
7.00 0.07143 7.0 0.00797 0 2.150 0.1000 2.149 0.0001 0 29.94
8.00 0.06250 8.0 0.00803 0 2.150 0.1000 2.149 0.0001 0 30.00
9.00 0.05556 9.0 0.00810 0 2.150 0.1000 2.149 0.0001 0 30.00
10.00 0.05000 10.0 0.00816 0 2.150 0.1000 2.149 0.0001 0 30.00
11.00 0.04545 11.0 0.00823 0 2.150 0.1000 2.149 0.0001 0 30.00
12.00 0.04167 12.0 0.00829 0 2.150 0.1000 2.149 0.0001 0 30.00
13.00 0.03846 13.0 0.00835 0 2.150 0.1000 2.149 0.0001 0 29.94
14.00 0.03571 14.0 0.00842 0 2.150 0.1000 2.149 0.0001 0 30.00
15.00 0.03333 15.0 0.00846 0 2.150 0.1000 2.149 0.0001 0 30.00
16.00 0.03125 16.0 0.00852 0 2.150 0.1000 2.149 0.0001 0 30.00
17.00 0.02941 17.0 0.00858 0 2.150 0.1000 2.149 0.0001 0 30.00
18.00 0.02778 18.0 0.00865 0 2.150 0.1000 2.149 0.0001 0 30.00
19.00 0.02632 19.0 0.00871 0 2.150 0.1000 2.149 0.0001 0 30.00
20.00 0.02500 20.0 0.00875 0 2.150 0.1000 2.149 0.0001 0 30.00
0.00 0.10000 0.1 0.00014 0 2.650 0.1000 2.649 0.0001 0 30.00
1.00 0.10000 1.1 0.00998 0 2.650 0.1000 2.649 0.0001 0 30.00
2.00 0.10000 2.0 0.01010 0 2.650 0.1000 2.649 0.0001 0 30.00
3.00 0.10000 3.1 0.01021 0 2.650 0.1000 2.649 0.0001 0 30.00
4.00 0.10000 4.0 0.01031 0 2.650 0.1000 2.649 0.0001 0 30.00
5.00 0.10000 5.0 0.01041 0 2.650 0.1000 2.649 0.0001 0 30.00
6.00 0.08333 6.0 0.01051 0 2.650 0.1000 2.649 0.0001 0 30.00
7.00 0.07143 7.0 0.01060 0 2.650 0.1000 2.649 0.0001 0 30.00
8.00 0.06250 8.1 0.01069 0 2.650 0.1000 2.649 0.0001 0 30.00
9.00 0.05556 9.0 0.01078 0 2.650 0.1000 2.649 0.0001 0 30.00
10.00 0.05000 10.0 0.01088 0 2.650 0.1000 2.649 0.0001 0 29.94
11.00 0.04545 11.0 0.01096 0 2.650 0.1000 2.649 0.0001 0 30.00
12.00 0.04167 12.0 0.01105 0 2.650 0.1000 2.649 0.0001 0 30.00
13.00 0.03846 13.0 0.01114 0 2.650 0.1000 2.649 0.0001 0 30.00
14.00 0.03571 14.0 0.01124 0 2.650 0.1000 2.649 0.0001 0 30.00
15.00 0.03333 15.0 0.01129 0 2.650 0.1000 2.649 0.0001 0 30.00
16.00 0.03125 16.0 0.01138 0 2.650 0.1000 2.649 0.0001 0 30.00
17.00 0.02941 17.0 0.01150 0 2.650 0.1000 2.649 0.0001 0 30.00
18.00 0.02778 18.0 0.01158 0 2.650 0.1000 2.649 0.0001 0 30.00
19.00 0.02632 19.0 0.01167 0 2.650 0.1000 2.649 0.0001 0 30.00
20.00 0.02500 20.0 0.01174 0 2.650 0.1000 2.649 0.0001 0 30.00
0.00 0.10000 0.1 0.00018 0 3.150 0.1000 3.150 0.0001 0 30.00
1.00 0.10000 1.1 0.01243 0 3.150 0.1000 3.150 0.0001 0 30.00
2.00 0.10000 2.0 0.01257 0 3.150 0.1000 3.150 0.0001 0 30.00
3.00 0.10000 3.1 0.01271 0 3.150 0.1000 3.150 0.0001 0 30.00
4.00 0.10000 4.0 0.01284 0 3.150 0.1000 3.150 0.0001 0 30.00
5.00 0.10000 5.0 0.01297 0 3.150 0.1000 3.150 0.0001 0 30.00
6.00 0.08333 6.0 0.01309 0 3.150 0.1000 3.150 0.0001 0 29.94
7.00 0.07143 7.0 0.01322 0 3.150 0.1000 3.150 0.0001 0 30.00
8.00 0.06250 8.0 0.01334 0 3.150 0.1000 3.150 0.0001 0 30.00
9.00 0.05556 9.0 0.01348 0 3.150 0.1000 3.150 0.0001 0 30.00
10.00 0.05000 10.0 0.01360 0 3.150 0.1000 3.150 0.0001 0 30.00
11.00 0.04545 11.0 0.01371 0 3.150 0.1000 3.150 0.0001 0 30.00
12.00 0.04167 12.0 0.01383 0 3.150 0.1000 3.150 0.0001 0 30.00
13.00 0.03846 13.0 0.01393 0 3.150 0.1000 3.150 0.0001 0 30.00
14.00 0.03571 14.0 0.01409 0 3.150 0.1000 3.150 0.0001 0 30.00
15.00 0.03333 15.0 0.01421 0 3.150 0.1000 3.150 0.0001 0 30.00
16.00 0.03125 16.0 0.01431 0 3.150 0.1000 3.150 0.0001 0 30.00
17.00 0.02941 17.0 0.01442 0 3.150 0.1000 3.150 0.0001 0 30.00
18.00 0.02778 18.0 0.01460 0 3.150 0.1000 3.150 0.0001 0 30.00
19.00 0.02632 19.0 0.01471 0 3.150 0.1000 3.150 0.0001 0 30.00
20.00 0.02500 20.0 0.01483 0 3.150 0.1000 3.150 0.0001 0 30.00
0.00 0.10000 0.1 0.00021 0 3.650 0.1000 3.650 0.0001 0 30.00
1.00 0.10000 1.1 0.01483 0 3.650 0.1000 3.650 0.0001 0 30.00
2.00 0.10000 2.0 0.01501 0 3.650 0.1000 3.650 0.0001 0 30.00
3.00 0.10000 3.1 0.01519 0 3.650 0.1000 3.650 0.0001 0 30.00
4.00 0.10000 4.0 0.01534 0 3.650 0.1000 3.650 0.0001 0 30.00
5.00 0.10000 5.0 0.01551 0 3.650 0.1000 3.650 0.0001 0 30.00
6.00 0.08333 6.0 0.01567 0 3.650 0.1000 3.650 0.0001 0 30.00
7.00 0.07143 7.0 0.01583 0 3.650 0.1000 3.650 0.0001 0 30.00
8.00 0.06250 8.1 0.01599 0 3.650 0.1000 3.650 0.0001 0 30.00
9.00 0.05556 9.0 0.01615 0 3.650 0.1000 3.650 0.0001 0 30.00
10.00 0.05000 10.0 0.01632 0 3.650 0.1000 3.650 0.0001 0 30.00
11.00 0.04545 11.0 0.01648 0 3.650 0.1000 3.650 0.0001 0 30.00
12.00 0.04167 12.0 0.01663 0 3.650 0.1000 3.650 0.0001 0 30.00
13.00 0.03846 13.0 0.01678 0 3.650 0.1000 3.650 0.0001 0 30.00
14.00 0.03571 14.0 0.01695 0 3.650 0.1000 3.650 0.0001 0 30.00
15.00 0.03333 15.0 0.01708 0 3.650 0.1000 3.650 0.0001 0 30.00
16.00 0.03125 16.0 0.01722 0 3.650 0.1000 3.650 0.0001 0 30.00
17.00 0.02941 17.0 0.01746 0 3.650 0.1000 3.650 0.0001 0 30.00
18.00 0.02778 18.0 0.01760 0 3.650 0.1000 3.650 0.0001 0 30.00
19.00 0.02632 19.0 0.01782 0 3.650 0.1000 3.650 0.0001 0 30.00
20.00 0.02500 20.0 0.01796 0 3.650 0.1000 3.650 0.0001 0 30.00
0.00 0.10000 0.1 0.00025 0 4.150 0.1000 4.150 0.0001 0 30.00
1.00 0.10000 1.1 0.01717 0 4.150 0.1000 4.150 0.0001 0 30.00
2.00 0.10000 2.0 0.01741 0 4.150 0.1000 4.150 0.0001 0 30.00
3.00 0.10000 3.1 0.01762 0 4.150 0.1000 4.150 0.0001 0 30.00
4.00 0.10000 4.0 0.01783 0 4.150 0.1000 4.150 0.0001 0 30.00
5.00 0.10000 5.0 0.01802 0 4.150 0.1000 4.150 0.0001 0 30.00
6.00 0.08333 6.0 0.01824 0 4.150 0.1000 4.150 0.0001 0 30.00
7.00 0.07143 7.0 0.01844 0 4.150 0.1000 4.150 0.0001 0 30.00
8.00 0.06250 8.1 0.01864 0 4.150 0.1000 4.150 0.0001 0 30.00
9.00 0.05556 9.0 0.01882 0 4.150 0.1000 4.150 0.0001 0 30.00
10.00 0.05000 10.0 0.01902 0 4.150 0.1000 4.150 0.0001 0 30.00
11.00 0.04545 11.0 0.01920 0 4.150 0.1000 4.150 0.0001 0 30.00
12.00 0.04167 12.0 0.01944 0 4.150 0.1000 4.150 0.0001 0 30.00
13.00 0.03846 13.0 0.01963 0 4.150 0.1000 4.150 0.0001 0 30.00
14.00 0.03571 14.0 0.01981 0 4.150 0.1000 4.150 0.0001 0 30.00
15.00 0.03333 15.0 0.01998 0 4.150 0.1000 4.150 0.0001 0 30.00
16.00 0.03125 16.0 0.02026 0 4.150 0.1000 4.150 0.0001 0 30.00
17.00 0.02941 17.0 0.02044 0 4.150 0.1000 4.150 0.0001 0 30.00
18.00 0.02778 18.0 0.02066 0 4.150 0.1000 4.150 0.0001 0 30.00
19.00 0.02632 19.0 0.02081 0 4.150 0.1000 4.150 0.0001 0 30.00
20.00 0.02500 20.0 0.02095 0 4.150 0.1000 4.150 0.0001 0 30.00
0.00 0.10000 0.1 0.00028 0 4.650 0.1000 4.650 0.0001 0 30.00
1.00 0.10000 1.1 0.01944 0 4.650 0.1000 4.649 0.0001 0 30.00
2.00 0.10000 2.0 0.01974 0 4.650 0.1000 4.649 0.0001 0 30.00
3.00 0.10000 3.1 0.02002 0 4.650 0.1000 4.650 0.0001 0 30.00
4.00 0.10000 4.0 0.02028 0 4.650 0.1000 4.650 0.0001 0 30.00
5.00 0.10000 5.0 0.02052 0 4.650 0.1000 4.650 0.0001 0 30.00
6.00 0.08333 6.0 0.02078 0 4.650 0.1000 4.650 0.0001 0 30.00
7.00 0.07143 7.0 0.02101 0 4.650 0.1000 4.649 0.0001 0 30.00
8.00 0.06250 8.0 0.02124 0 4.650 0.1000 4.650 0.0001 0 30.00
9.00 0.05556 9.0 0.02151 0 4.650 0.1000 4.649 0.0001 0 30.00
10.00 0.05000 10.0 0.02175 0 4.650 0.1000 4.649 0.0001 0 30.00
11.00 0.04545 11.0 0.02198 0 4.650 0.1000 4.650 0.0001 0 30.00
12.00 0.04167 12.0 0.02220 0 4.650 0.1000 4.649 0.0001 0 30.00
13.00 0.03846 13.0 0.02242 0 4.650 0.1000 4.649 0.0001 0 30.00
14.00 0.03571 14.0 0.02274 0 4.650 0.1000 4.649 0.0001 0 30.00
15.00 0.03333 15.0 0.02295 0 4.650 0.1000 4.650 0.0001 0 30.00
16.00 0.03125 16.0 0.02328 0 4.650 0.1000 4.650 0.0001 0 30.00
17.00 0.02941 1.8 0.02001 1 4.650 0.1000 4.650 0.0001 0 30.00
0.00 0.10000 0.1 0.00029 0 5.150 0.1000 5.149 0.0001 0 30.00
1.00 0.10000 1.1 0.02156 0 5.150 0.1000 5.149 0.0001 0 30.00
2.00 0.10000 2.0 0.02206 0 5.150 0.1000 5.149 0.0001 0 30.00
3.00 0.10000 3.1 0.02238 0 5.150 0.1000 5.149 0.0001 0 30.00
4.00 0.10000 4.0 0.02271 0 5.150 0.1000 5.149 0.0001 0 30.00
5.00 0.10000 5.0 0.02300 0 5.150 0.1000 5.149 0.0001 0 30.00
6.00 0.08333 6.0 0.02331 0 5.150 0.1000 5.149 0.0001 0 30.00
7.00 0.07143 7.0 0.02359 0 5.150 0.1000 5.149 0.0001 0 30.00
8.00 0.06250 8.0 0.02388 0 5.150 0.1000 5.149 0.0001 0 30.00
9.00 0.05556 9.0 0.02415 0 5.150 0.1000 5.149 0.0001 0 30.00
10.00 0.05000 10.0 0.02448 0 5.150 0.1000 5.149 0.0001 0 30.00
11.00 0.04545 11.0 0.02476 0 5.150 0.1000 5.149 0.0001 0 30.00
12.00 0.04167 12.0 0.02495 0 5.150 0.1000 5.149 0.0001 0 30.00
13.00 0.03846 13.0 0.02536 0 5.150 0.1000 5.149 0.0001 0 30.00
14.00 0.03571 14.0 0.02563 0 5.150 0.1000 5.149 0.0001 0 30.00
15.00 0.03333 15.0 0.02590 0 5.150 0.1000 5.149 0.0001 0 30.00
16.00 0.03125 16.0 0.02613 0 5.150 0.1000 5.149 0.0001 0 30.00
17.00 0.02941 0.7 0.02001 1 5.150 0.1000 5.149 0.0001 0 30.00
0.00 0.10000 0.1 0.00035 0 5.650 0.1000 5.650 0.0001 0 30.00
1.00 0.10000 1.1 0.02367 0 5.650 0.1000 5.650 0.0001 0 30.00
2.00 0.10000 2.0 0.02434 0 5.650 0.1000 5.650 0.0001 0 30.00
3.00 0.10000 3.1 0.02477 0 5.650 0.1000 5.650 0.0001 0 30.00
4.00 0.10000 4.0 0.02513 0 5.650 0.1000 5.650 0.0001 0 30.00
5.00 0.10000 5.0 0.02548 0 5.650 0.1000 5.650 0.0001 0 30.00
6.00 0.08333 6.0 0.02582 0 5.650 0.1000 5.650 0.0001 0 30.00
7.00 0.07143 7.0 0.02613 0 5.650 0.1000 5.650 0.0001 0 30.00
8.00 0.06250 8.0 0.02647 0 5.650 0.1000 5.650 0.0001 0 30.00
9.00 0.05556 9.0 0.02679 0 5.650 0.1000 5.650 0.0001 0 30.00
10.00 0.05000 10.0 0.02718 0 5.650 0.1000 5.650 0.0001 0 30.00
11.00 0.04545 11.0 0.02751 0 5.650 0.1000 5.650 0.0001 0 30.00
12.00 0.04167 12.0 0.02780 0 5.650 0.1000 5.650 0.0001 0 30.00
13.00 0.03846 13.0 0.02810 0 5.650 0.1000 5.650 0.0001 0 30.00
14.00 0.03571 14.0 0.02855 0 5.650 0.1000 5.650 0.0001 0 30.00
15.00 0.03333 15.0 0.02889 0 5.650 0.1000 5.650 0.0001 0 30.00
16.00 0.03125 16.0 0.02919 0 5.650 0.1000 5.650 0.0001 0 30.00
17.00 0.02941 0.6 0.02001 1 5.650 0.1000 5.650 0.0001 0 30.00
0.00 0.10000 0.1 0.00040 0 6.150 0.1000 6.150 0.0001 0 30.00
1.00 0.10000 1.1 0.02561 0 6.150 0.1000 6.150 0.0001 0 30.00
2.00 0.10000 2.0 0.02661 0 6.150 0.1000 6.150 0.0001 0 30.00
3.00 0.10000 3.1 0.02709 0 6.150 0.1000 6.150 0.0001 0 30.00
4.00 0.10000 4.0 0.02752 0 6.150 0.1000 6.150 0.0001 0 30.00
5.00 0.10000 5.0 0.02791 0 6.150 0.1000 6.150 0.0001 0 30.00
6.00 0.08333 6.0 0.02833 0 6.150 0.1000 6.150 0.0001 0 30.00
7.00 0.07143 7.0 0.02870 0 6.150 0.1000 6.150 0.0001 0 30.00
8.00 0.06250 8.1 0.02912 0 6.150 0.1000 6.150 0.0001 0 29.94
9.00 0.05556 9.0 0.02950 0 6.150 0.1000 6.150 0.0001 0 30.00
10.00 0.05000 10.0 0.02987 0 6.150 0.1000 6.150 0.0001 0 30.00
11.00 0.04545 11.0 0.03022 0 6.150 0.1000 6.150 0.0001 0 30.00
12.00 0.04167 12.0 0.03072 0 6.150 0.1000 6.150 0.0001 0 30.00
13.00 0.03846 13.0 0.03106 0 6.150 0.1000 6.150 0.0001 0 30.00
14.00 0.03571 14.0 0.03144 0 6.150 0.1000 6.150 0.0001 0 30.00
15.00 0.03333 15.0 0.03179 0 6.150 0.1000 6.150 0.0001 0 30.00
16.00 0.03125 16.0 0.03212 1 6.150 0.1000 6.150 0.0001 0 30.00
0.00 0.10000 0.1 0.00044 0 6.650 0.1000 6.650 0.0001 0 30.00
1.00 0.10000 1.1 0.02741 0 6.650 0.1000 6.650 0.0001 0 30.00
2.00 0.10000 2.0 0.02894 0 6.650 0.1000 6.650 0.0001 0 30.00
3.00 0.10000 3.1 0.02942 0 6.650 0.1000 6.650 0.0001 0 30.00
4.00 0.10000 4.0 0.02991 0 6.650 0.1000 6.650 0.0001 0 30.00
5.00 0.10000 5.0 0.03036 0 6.650 0.1000 6.650 0.0001 0 30.00
6.00 0.08333 6.0 0.03082 0 6.650 0.1000 6.650 0.0001 0 30.00
7.00 0.07143 7.0 0.03126 0 6.650 0.1000 6.650 0.0001 0 30.00
8.00 0.06250 8.1 0.03168 0 6.650 0.1000 6.650 0.0001 0 30.00
9.00 0.05556 9.0 0.03209 0 6.650 0.1000 6.650 0.0001 0 30.00
10.00 0.05000 10.0 0.03261 0 6.650 0.1000 6.650 0.0001 0 30.00
11.00 0.04545 11.0 0.03303 0 6.650 0.1000 6.650 0.0001 0 30.00
12.00 0.04167 12.0 0.03345 0 6.650 0.1000 6.650 0.0001 0 30.00
13.00 0.03846 13.0 0.03401 0 6.650 0.1000 6.650 0.0001 0 30.00
14.00 0.03571 14.0 0.03439 0 6.650 0.1000 6.650 0.0001 0 30.00
15.00 0.03333 15.0 0.03478 1 6.650 0.1000 6.650 0.0001 0 30.00
