% * Sample: E180F_8
% * Date / time: 2024-02-02 23:05:51.983558
% * R2CONTROL =  NOT SPECIFIED
% Column 1:  PSU1 nominal voltage setting (V)
% Column 2:  PSU1 nominal current setting (A)
% Column 3:  PSU1 voltage measurement (V)
% Column 4:  PSU1 current measurement (I)
% Column 5:  PSU1 limiter flag
% Column 6:  PSU2 nominal voltage setting (V)
% Column 7:  PSU2 nominal current setting (A)
% Column 8:  PSU2 voltage measurement (V)
% Column 9:  PSU2 current measurement (I)
% Column 10: PSU2 limiter flag
% Column 11: Heaterblock temperature (°C)
% * OPERATING POINT AT END OF PREHEAT / IDLE: U1 = 200.1 V  I1 = 0.01000 A  U2 = -3.270 V  I2 = -0.0002 A  T = NA °C
0.00 0.02500 0.1 0.00000 0 -0.000 -1.0000 -0.000 -0.0002 0 NA
5.00 0.02500 5.1 0.00005 0 -0.000 -1.0000 -0.000 -0.0001 0 NA
10.00 0.02500 10.1 0.00010 0 -0.000 -1.0000 -0.000 -0.0001 0 NA
15.00 0.02500 15.1 0.00022 0 -0.000 -1.0000 -0.000 -0.0001 0 NA
20.00 0.02500 20.1 0.00049 0 -0.000 -1.0000 -0.000 -0.0001 0 NA
25.00 0.02500 25.0 0.00097 0 -0.000 -1.0000 -0.000 -0.0002 0 NA
30.00 0.02500 30.1 0.00170 0 -0.000 -1.0000 -0.000 -0.0001 0 NA
35.00 0.02500 35.0 0.00268 0 -0.000 -1.0000 -0.000 -0.0001 0 NA
40.00 0.02500 40.0 0.00392 0 -0.000 -1.0000 -0.000 -0.0002 0 NA
45.00 0.02500 45.0 0.00542 0 -0.000 -1.0000 -0.000 -0.0001 0 NA
50.00 0.02500 50.0 0.00716 0 -0.000 -1.0000 -0.000 -0.0002 0 NA
55.00 0.02500 55.0 0.00915 0 -0.000 -1.0000 -0.000 -0.0002 0 NA
60.00 0.02500 60.0 0.01132 0 -0.000 -1.0000 -0.000 -0.0001 0 NA
65.00 0.02500 65.0 0.01362 0 -0.000 -1.0000 -0.000 -0.0001 0 NA
70.00 0.02500 70.0 0.01604 0 -0.000 -1.0000 -0.000 -0.0001 0 NA
75.00 0.02500 75.0 0.01857 0 -0.000 -1.0000 -0.000 -0.0001 0 NA
80.00 0.02500 80.0 0.02113 0 -0.000 -1.0000 -0.000 -0.0001 0 NA
85.00 0.02500 78.2 0.02001 1 -0.000 -1.0000 -0.000 -0.0001 0 NA
0.00 0.02500 0.1 0.00000 0 -0.500 -1.0000 -0.499 -0.0002 0 NA
5.00 0.02500 5.1 0.00000 0 -0.500 -1.0000 -0.499 -0.0002 0 NA
10.00 0.02500 10.1 0.00000 0 -0.500 -1.0000 -0.499 -0.0002 0 NA
15.00 0.02500 15.1 0.00000 0 -0.500 -1.0000 -0.499 -0.0002 0 NA
20.00 0.02500 20.0 0.00005 0 -0.500 -1.0000 -0.499 -0.0002 0 NA
25.00 0.02500 25.0 0.00008 0 -0.500 -1.0000 -0.499 -0.0001 0 NA
30.00 0.02500 30.0 0.00015 0 -0.500 -1.0000 -0.499 -0.0002 0 NA
35.00 0.02500 35.0 0.00029 0 -0.500 -1.0000 -0.499 -0.0002 0 NA
40.00 0.02500 40.0 0.00056 0 -0.500 -1.0000 -0.499 -0.0002 0 NA
45.00 0.02500 45.0 0.00100 0 -0.500 -1.0000 -0.499 -0.0001 0 NA
50.00 0.02500 50.0 0.00163 0 -0.500 -1.0000 -0.499 -0.0001 0 NA
55.00 0.02500 55.0 0.00248 0 -0.500 -1.0000 -0.499 -0.0002 0 NA
60.00 0.02500 60.0 0.00355 0 -0.500 -1.0000 -0.499 -0.0001 0 NA
65.00 0.02500 65.0 0.00484 0 -0.500 -1.0000 -0.499 -0.0002 0 NA
70.00 0.02500 70.0 0.00636 0 -0.500 -1.0000 -0.499 -0.0001 0 NA
75.00 0.02500 75.0 0.00808 0 -0.500 -1.0000 -0.499 -0.0002 0 NA
80.00 0.02500 80.0 0.00999 0 -0.500 -1.0000 -0.499 -0.0001 0 NA
85.00 0.02500 85.1 0.01206 0 -0.500 -1.0000 -0.499 -0.0002 0 NA
90.00 0.02500 90.1 0.01428 0 -0.500 -1.0000 -0.500 -0.0001 0 NA
95.00 0.02500 95.1 0.01661 0 -0.500 -1.0000 -0.499 -0.0002 0 NA
100.00 0.02500 100.0 0.01891 0 -0.500 -1.0000 -0.499 -0.0002 0 NA
105.00 0.02500 105.0 0.02136 0 -0.500 -1.0000 -0.500 -0.0001 0 NA
110.00 0.02500 102.8 0.02001 1 -0.500 -1.0000 -0.499 -0.0001 0 NA
0.00 0.02500 0.1 0.00000 0 -1.000 -1.0000 -0.999 -0.0001 0 NA
5.00 0.02500 5.1 0.00000 0 -1.000 -1.0000 -0.999 -0.0002 0 NA
10.00 0.02500 10.1 0.00000 0 -1.000 -1.0000 -0.999 -0.0001 0 NA
15.00 0.02500 15.1 0.00000 0 -1.000 -1.0000 -0.999 -0.0001 0 NA
20.00 0.02500 20.1 0.00000 0 -1.000 -1.0000 -0.999 -0.0001 0 NA
25.00 0.02500 25.0 0.00000 0 -1.000 -1.0000 -0.999 -0.0001 0 NA
30.00 0.02500 30.0 0.00000 0 -1.000 -1.0000 -0.999 -0.0001 0 NA
35.00 0.02500 35.0 0.00005 0 -1.000 -1.0000 -0.999 -0.0002 0 NA
40.00 0.02500 40.0 0.00007 0 -1.000 -1.0000 -0.999 -0.0001 0 NA
45.00 0.02500 45.0 0.00011 0 -1.000 -1.0000 -1.000 -0.0002 0 NA
50.00 0.02500 50.0 0.00020 0 -1.000 -1.0000 -0.999 -0.0001 0 NA
55.00 0.02500 55.0 0.00035 0 -1.000 -1.0000 -1.000 -0.0002 0 NA
60.00 0.02500 60.0 0.00062 0 -1.000 -1.0000 -1.000 -0.0001 0 NA
65.00 0.02500 65.0 0.00102 0 -1.000 -1.0000 -1.000 -0.0001 0 NA
70.00 0.02500 70.0 0.00160 0 -1.000 -1.0000 -0.999 -0.0001 0 NA
75.00 0.02500 75.0 0.00236 0 -1.000 -1.0000 -0.999 -0.0001 0 NA
80.00 0.02500 80.1 0.00332 0 -1.000 -1.0000 -0.999 -0.0002 0 NA
85.00 0.02500 85.1 0.00447 0 -1.000 -1.0000 -1.000 -0.0002 0 NA
90.00 0.02500 90.1 0.00581 0 -1.000 -1.0000 -1.000 -0.0001 0 NA
95.00 0.02500 95.1 0.00733 0 -1.000 -1.0000 -1.000 -0.0001 0 NA
100.00 0.02500 100.0 0.00902 0 -1.000 -1.0000 -0.999 -0.0002 0 NA
105.00 0.02500 105.0 0.01091 0 -1.000 -1.0000 -1.000 -0.0002 0 NA
110.00 0.02500 110.1 0.01291 0 -1.000 -1.0000 -0.999 -0.0001 0 NA
115.00 0.02500 115.1 0.01503 0 -1.000 -1.0000 -0.999 -0.0002 0 NA
120.00 0.02500 120.1 0.01724 0 -1.000 -1.0000 -1.000 -0.0001 0 NA
125.00 0.02400 125.0 0.01959 0 -1.000 -1.0000 -1.000 -0.0002 0 NA
130.00 0.02308 130.0 0.02190 0 -1.000 -1.0000 -0.999 -0.0002 0 NA
135.00 0.02222 126.5 0.02001 1 -1.000 -1.0000 -1.000 -0.0002 0 NA
0.00 0.02500 0.1 0.00000 0 -1.500 -1.0000 -1.499 -0.0002 0 NA
5.00 0.02500 5.1 0.00000 0 -1.500 -1.0000 -1.499 -0.0001 0 NA
10.00 0.02500 10.1 0.00000 0 -1.500 -1.0000 -1.499 -0.0001 0 NA
15.00 0.02500 15.1 0.00000 0 -1.500 -1.0000 -1.499 -0.0001 0 NA
20.00 0.02500 20.1 0.00000 0 -1.500 -1.0000 -1.499 -0.0001 0 NA
25.00 0.02500 25.0 0.00000 0 -1.500 -1.0000 -1.499 -0.0001 0 NA
30.00 0.02500 30.0 0.00000 0 -1.500 -1.0000 -1.500 -0.0001 0 NA
35.00 0.02500 35.0 0.00000 0 -1.500 -1.0000 -1.500 -0.0002 0 NA
40.00 0.02500 40.0 0.00000 0 -1.500 -1.0000 -1.499 -0.0001 0 NA
45.00 0.02500 45.0 0.00000 0 -1.500 -1.0000 -1.500 -0.0001 0 NA
50.00 0.02500 50.0 0.00000 0 -1.500 -1.0000 -1.499 -0.0001 0 NA
55.00 0.02500 55.0 0.00006 0 -1.500 -1.0000 -1.499 -0.0001 0 NA
60.00 0.02500 60.0 0.00008 0 -1.500 -1.0000 -1.499 -0.0002 0 NA
65.00 0.02500 65.0 0.00014 0 -1.500 -1.0000 -1.499 -0.0002 0 NA
70.00 0.02500 70.0 0.00023 0 -1.500 -1.0000 -1.499 -0.0002 0 NA
75.00 0.02500 75.0 0.00040 0 -1.500 -1.0000 -1.499 -0.0001 0 NA
80.00 0.02500 80.0 0.00066 0 -1.500 -1.0000 -1.499 -0.0002 0 NA
85.00 0.02500 85.1 0.00105 0 -1.500 -1.0000 -1.499 -0.0002 0 NA
90.00 0.02500 90.1 0.00157 0 -1.500 -1.0000 -1.499 -0.0002 0 NA
95.00 0.02500 95.1 0.00227 0 -1.500 -1.0000 -1.499 -0.0001 0 NA
100.00 0.02500 100.0 0.00312 0 -1.500 -1.0000 -1.499 -0.0002 0 NA
105.00 0.02500 105.0 0.00416 0 -1.500 -1.0000 -1.500 -0.0002 0 NA
110.00 0.02500 110.1 0.00537 0 -1.500 -1.0000 -1.499 -0.0001 0 NA
115.00 0.02500 115.1 0.00674 0 -1.500 -1.0000 -1.499 -0.0001 0 NA
120.00 0.02500 120.1 0.00828 0 -1.500 -1.0000 -1.499 -0.0002 0 NA
125.00 0.02400 125.0 0.00995 0 -1.500 -1.0000 -1.499 -0.0001 0 NA
130.00 0.02308 130.1 0.01175 0 -1.500 -1.0000 -1.500 -0.0002 0 NA
135.00 0.02222 135.1 0.01368 0 -1.500 -1.0000 -1.499 -0.0001 0 NA
140.00 0.02143 140.1 0.01575 0 -1.500 -1.0000 -1.499 -0.0002 0 NA
145.00 0.02069 145.1 0.01788 0 -1.500 -1.0000 -1.499 -0.0002 0 NA
150.00 0.02000 150.1 0.02008 1 -1.500 -1.0000 -1.499 -0.0002 0 NA
0.00 0.02500 0.1 0.00000 0 -2.000 -1.0000 -1.999 -0.0001 0 NA
5.00 0.02500 5.1 0.00000 0 -2.000 -1.0000 -2.000 -0.0002 0 NA
10.00 0.02500 10.1 0.00000 0 -2.000 -1.0000 -1.999 -0.0002 0 NA
15.00 0.02500 15.1 0.00000 0 -2.000 -1.0000 -1.999 -0.0002 0 NA
20.00 0.02500 20.1 0.00000 0 -2.000 -1.0000 -2.000 -0.0001 0 NA
25.00 0.02500 25.0 0.00000 0 -2.000 -1.0000 -2.000 -0.0002 0 NA
30.00 0.02500 30.0 0.00000 0 -2.000 -1.0000 -1.999 -0.0001 0 NA
35.00 0.02500 35.0 0.00000 0 -2.000 -1.0000 -1.999 -0.0001 0 NA
40.00 0.02500 40.0 0.00000 0 -2.000 -1.0000 -1.999 -0.0002 0 NA
45.00 0.02500 45.0 0.00000 0 -2.000 -1.0000 -1.999 -0.0002 0 NA
50.00 0.02500 50.0 0.00000 0 -2.000 -1.0000 -2.000 -0.0001 0 NA
55.00 0.02500 55.0 0.00000 0 -2.000 -1.0000 -2.000 -0.0002 0 NA
60.00 0.02500 60.0 0.00000 0 -2.000 -1.0000 -1.999 -0.0002 0 NA
65.00 0.02500 65.0 0.00000 0 -2.000 -1.0000 -2.000 -0.0001 0 NA
70.00 0.02500 70.0 0.00005 0 -2.000 -1.0000 -1.999 -0.0002 0 NA
75.00 0.02500 75.0 0.00007 0 -2.000 -1.0000 -1.999 -0.0002 0 NA
80.00 0.02500 80.0 0.00010 0 -2.000 -1.0000 -1.999 -0.0002 0 NA
85.00 0.02500 85.1 0.00016 0 -2.000 -1.0000 -1.999 -0.0002 0 NA
90.00 0.02500 90.1 0.00027 0 -2.000 -1.0000 -2.000 -0.0001 0 NA
95.00 0.02500 95.1 0.00043 0 -2.000 -1.0000 -1.999 -0.0002 0 NA
100.00 0.02500 100.0 0.00070 0 -2.000 -1.0000 -1.999 -0.0001 0 NA
105.00 0.02500 105.0 0.00106 0 -2.000 -1.0000 -1.999 -0.0001 0 NA
110.00 0.02500 110.1 0.00156 0 -2.000 -1.0000 -1.999 -0.0001 0 NA
115.00 0.02500 115.1 0.00219 0 -2.000 -1.0000 -1.999 -0.0001 0 NA
120.00 0.02500 120.1 0.00298 0 -2.000 -1.0000 -1.999 -0.0001 0 NA
125.00 0.02400 125.1 0.00392 0 -2.000 -1.0000 -1.999 -0.0001 0 NA
130.00 0.02308 130.1 0.00502 0 -2.000 -1.0000 -1.999 -0.0001 0 NA
135.00 0.02222 135.1 0.00626 0 -2.000 -1.0000 -2.000 -0.0002 0 NA
140.00 0.02143 140.1 0.00766 0 -2.000 -1.0000 -1.999 -0.0001 0 NA
145.00 0.02069 145.1 0.00918 0 -2.000 -1.0000 -1.999 -0.0002 0 NA
150.00 0.02000 150.1 0.01083 0 -2.000 -1.0000 -1.999 -0.0001 0 NA
155.00 0.01935 155.1 0.01263 0 -2.000 -1.0000 -1.999 -0.0001 0 NA
160.00 0.01875 160.1 0.01449 0 -2.000 -1.0000 -1.999 -0.0002 0 NA
165.00 0.01818 165.1 0.01646 0 -2.000 -1.0000 -2.000 -0.0001 0 NA
170.00 0.01765 170.1 0.01858 1 -2.000 -1.0000 -1.999 -0.0001 0 NA
0.00 0.02500 0.1 0.00000 0 -2.500 -1.0000 -2.499 -0.0002 0 NA
5.00 0.02500 0.1 0.00000 0 -2.500 -1.0000 -2.499 -0.0001 0 NA
10.00 0.02500 10.1 0.00000 0 -2.500 -1.0000 -2.499 -0.0002 0 NA
15.00 0.02500 15.1 0.00000 0 -2.500 -1.0000 -2.499 -0.0002 0 NA
20.00 0.02500 20.1 0.00000 0 -2.500 -1.0000 -2.499 -0.0001 0 NA
25.00 0.02500 25.0 0.00000 0 -2.500 -1.0000 -2.499 -0.0001 0 NA
30.00 0.02500 30.0 0.00000 0 -2.500 -1.0000 -2.499 -0.0002 0 NA
35.00 0.02500 35.0 0.00000 0 -2.500 -1.0000 -2.499 -0.0001 0 NA
40.00 0.02500 40.0 0.00000 0 -2.500 -1.0000 -2.499 -0.0001 0 NA
45.00 0.02500 45.0 0.00000 0 -2.500 -1.0000 -2.499 -0.0002 0 NA
50.00 0.02500 50.0 0.00000 0 -2.500 -1.0000 -2.499 -0.0001 0 NA
55.00 0.02500 55.0 0.00000 0 -2.500 -1.0000 -2.499 -0.0001 0 NA
60.00 0.02500 60.0 0.00000 0 -2.500 -1.0000 -2.499 -0.0001 0 NA
65.00 0.02500 65.0 0.00000 0 -2.500 -1.0000 -2.499 -0.0001 0 NA
70.00 0.02500 70.0 0.00000 0 -2.500 -1.0000 -2.499 -0.0001 0 NA
75.00 0.02500 75.0 0.00000 0 -2.500 -1.0000 -2.499 -0.0001 0 NA
80.00 0.02500 80.0 0.00000 0 -2.500 -1.0000 -2.499 -0.0001 0 NA
85.00 0.02500 85.1 0.00005 0 -2.500 -1.0000 -2.499 -0.0002 0 NA
90.00 0.02500 90.1 0.00006 0 -2.500 -1.0000 -2.499 -0.0001 0 NA
95.00 0.02500 95.1 0.00008 0 -2.500 -1.0000 -2.499 -0.0002 0 NA
100.00 0.02500 100.0 0.00014 0 -2.500 -1.0000 -2.499 -0.0001 0 NA
105.00 0.02500 105.0 0.00021 0 -2.500 -1.0000 -2.499 -0.0001 0 NA
110.00 0.02500 110.1 0.00033 0 -2.500 -1.0000 -2.499 -0.0002 0 NA
115.00 0.02500 115.1 0.00051 0 -2.500 -1.0000 -2.499 -0.0002 0 NA
120.00 0.02500 120.1 0.00078 0 -2.500 -1.0000 -2.499 -0.0001 0 NA
125.00 0.02400 125.0 0.00113 0 -2.500 -1.0000 -2.499 -0.0001 0 NA
130.00 0.02308 130.1 0.00162 0 -2.500 -1.0000 -2.499 -0.0002 0 NA
135.00 0.02222 135.1 0.00222 0 -2.500 -1.0000 -2.499 -0.0001 0 NA
140.00 0.02143 140.1 0.00298 0 -2.500 -1.0000 -2.499 -0.0002 0 NA
145.00 0.02069 145.1 0.00386 0 -2.500 -1.0000 -2.499 -0.0002 0 NA
150.00 0.02000 150.1 0.00488 0 -2.500 -1.0000 -2.499 -0.0002 0 NA
155.00 0.01935 155.1 0.00605 0 -2.500 -1.0000 -2.499 -0.0001 0 NA
160.00 0.01875 160.1 0.00734 0 -2.500 -1.0000 -2.499 -0.0002 0 NA
165.00 0.01818 165.1 0.00875 0 -2.500 -1.0000 -2.499 -0.0002 0 NA
170.00 0.01765 170.1 0.01029 0 -2.500 -1.0000 -2.499 -0.0002 0 NA
175.00 0.01714 175.1 0.01195 0 -2.500 -1.0000 -2.499 -0.0002 0 NA
180.00 0.01667 180.1 0.01369 0 -2.500 -1.0000 -2.499 -0.0002 0 NA
185.00 0.01622 185.1 0.01561 0 -2.500 -1.0000 -2.499 -0.0001 0 NA
190.00 0.01579 190.1 0.01774 1 -2.500 -1.0000 -2.499 -0.0002 0 NA
0.00 0.02500 0.1 0.00000 0 -3.000 -1.0000 -3.000 -0.0001 0 NA
5.00 0.02500 5.1 0.00000 0 -3.000 -1.0000 -3.000 -0.0001 0 NA
10.00 0.02500 10.1 0.00000 0 -3.000 -1.0000 -3.000 -0.0002 0 NA
15.00 0.02500 15.1 0.00000 0 -3.000 -1.0000 -3.000 -0.0001 0 NA
20.00 0.02500 20.1 0.00000 0 -3.000 -1.0000 -3.000 -0.0001 0 NA
25.00 0.02500 25.0 0.00000 0 -3.000 -1.0000 -3.000 -0.0001 0 NA
30.00 0.02500 30.0 0.00000 0 -3.000 -1.0000 -3.000 -0.0001 0 NA
35.00 0.02500 35.0 0.00000 0 -3.000 -1.0000 -3.000 -0.0002 0 NA
40.00 0.02500 40.0 0.00000 0 -3.000 -1.0000 -3.000 -0.0002 0 NA
45.00 0.02500 45.0 0.00000 0 -3.000 -1.0000 -3.000 -0.0002 0 NA
50.00 0.02500 50.0 0.00000 0 -3.000 -1.0000 -3.000 -0.0001 0 NA
55.00 0.02500 55.0 0.00000 0 -3.000 -1.0000 -3.000 -0.0001 0 NA
60.00 0.02500 60.0 0.00000 0 -3.000 -1.0000 -3.000 -0.0002 0 NA
65.00 0.02500 65.0 0.00000 0 -3.000 -1.0000 -3.000 -0.0002 0 NA
70.00 0.02500 70.0 0.00000 0 -3.000 -1.0000 -3.000 -0.0001 0 NA
75.00 0.02500 75.0 0.00000 0 -3.000 -1.0000 -3.000 -0.0002 0 NA
80.00 0.02500 80.0 0.00000 0 -3.000 -1.0000 -3.000 -0.0002 0 NA
85.00 0.02500 85.1 0.00000 0 -3.000 -1.0000 -3.000 -0.0001 0 NA
90.00 0.02500 90.1 0.00000 0 -3.000 -1.0000 -3.000 -0.0001 0 NA
95.00 0.02500 95.1 0.00000 0 -3.000 -1.0000 -3.000 -0.0001 0 NA
100.00 0.02500 100.0 0.00000 0 -3.000 -1.0000 -3.000 -0.0001 0 NA
105.00 0.02500 105.0 0.00005 0 -3.000 -1.0000 -3.000 -0.0002 0 NA
110.00 0.02500 110.1 0.00007 0 -3.000 -1.0000 -3.000 -0.0002 0 NA
115.00 0.02500 115.1 0.00010 0 -3.000 -1.0000 -3.000 -0.0001 0 NA
120.00 0.02500 120.1 0.00015 0 -3.000 -1.0000 -3.000 -0.0002 0 NA
125.00 0.02400 125.0 0.00023 0 -3.000 -1.0000 -3.000 -0.0002 0 NA
130.00 0.02308 130.1 0.00035 0 -3.000 -1.0000 -3.000 -0.0002 0 NA
135.00 0.02222 135.1 0.00054 0 -3.000 -1.0000 -3.000 -0.0001 0 NA
140.00 0.02143 140.1 0.00080 0 -3.000 -1.0000 -3.000 -0.0001 0 NA
145.00 0.02069 145.1 0.00114 0 -3.000 -1.0000 -3.000 -0.0002 0 NA
150.00 0.02000 150.1 0.00160 0 -3.000 -1.0000 -3.000 -0.0001 0 NA
155.00 0.01935 155.1 0.00217 0 -3.000 -1.0000 -3.000 -0.0002 0 NA
160.00 0.01875 160.1 0.00286 0 -3.000 -1.0000 -3.000 -0.0001 0 NA
165.00 0.01818 165.1 0.00368 0 -3.000 -1.0000 -3.000 -0.0001 0 NA
170.00 0.01765 170.1 0.00463 0 -3.000 -1.0000 -3.000 -0.0002 0 NA
175.00 0.01714 175.1 0.00569 0 -3.000 -1.0000 -3.000 -0.0002 0 NA
180.00 0.01667 180.1 0.00688 0 -3.000 -1.0000 -3.000 -0.0001 0 NA
185.00 0.01622 185.1 0.00822 0 -3.000 -1.0000 -3.000 -0.0001 0 NA
190.00 0.01579 190.1 0.00963 0 -3.000 -1.0000 -3.000 -0.0001 0 NA
195.00 0.01538 195.1 0.01114 0 -3.000 -1.0000 -3.000 -0.0001 0 NA
200.00 0.01500 200.1 0.01282 0 -3.000 -1.0000 -3.000 -0.0002 0 NA
205.00 0.01463 205.1 0.01476 1 -3.000 -1.0000 -3.000 -0.0002 0 NA
0.00 0.02500 0.1 0.00000 0 -3.500 -1.0000 -3.500 -0.0002 0 NA
5.00 0.02500 5.1 0.00000 0 -3.500 -1.0000 -3.500 -0.0002 0 NA
10.00 0.02500 10.1 0.00000 0 -3.500 -1.0000 -3.500 -0.0002 0 NA
15.00 0.02500 15.1 0.00000 0 -3.500 -1.0000 -3.500 -0.0001 0 NA
20.00 0.02500 20.1 0.00000 0 -3.500 -1.0000 -3.500 -0.0001 0 NA
25.00 0.02500 25.0 0.00000 0 -3.500 -1.0000 -3.500 -0.0001 0 NA
30.00 0.02500 30.0 0.00000 0 -3.500 -1.0000 -3.500 -0.0001 0 NA
35.00 0.02500 35.0 0.00000 0 -3.500 -1.0000 -3.500 -0.0002 0 NA
40.00 0.02500 40.0 0.00000 0 -3.500 -1.0000 -3.500 -0.0002 0 NA
45.00 0.02500 45.0 0.00000 0 -3.500 -1.0000 -3.500 -0.0001 0 NA
50.00 0.02500 50.0 0.00000 0 -3.500 -1.0000 -3.500 -0.0001 0 NA
55.00 0.02500 55.0 0.00000 0 -3.500 -1.0000 -3.500 -0.0001 0 NA
60.00 0.02500 60.0 0.00000 0 -3.500 -1.0000 -3.501 -0.0001 0 NA
65.00 0.02500 65.0 0.00000 0 -3.500 -1.0000 -3.500 -0.0002 0 NA
70.00 0.02500 70.0 0.00000 0 -3.500 -1.0000 -3.500 -0.0001 0 NA
75.00 0.02500 75.0 0.00000 0 -3.500 -1.0000 -3.500 -0.0001 0 NA
80.00 0.02500 80.0 0.00000 0 -3.500 -1.0000 -3.500 -0.0002 0 NA
85.00 0.02500 85.1 0.00000 0 -3.500 -1.0000 -3.500 -0.0002 0 NA
90.00 0.02500 90.1 0.00000 0 -3.500 -1.0000 -3.500 -0.0001 0 NA
95.00 0.02500 95.1 0.00000 0 -3.500 -1.0000 -3.500 -0.0002 0 NA
100.00 0.02500 100.0 0.00000 0 -3.500 -1.0000 -3.500 -0.0002 0 NA
105.00 0.02500 105.0 0.00000 0 -3.500 -1.0000 -3.500 -0.0001 0 NA
110.00 0.02500 110.1 0.00000 0 -3.500 -1.0000 -3.500 -0.0001 0 NA
115.00 0.02500 115.1 0.00000 0 -3.500 -1.0000 -3.500 -0.0002 0 NA
120.00 0.02500 120.1 0.00005 0 -3.500 -1.0000 -3.500 -0.0002 0 NA
125.00 0.02400 125.0 0.00006 0 -3.500 -1.0000 -3.500 -0.0001 0 NA
130.00 0.02308 130.1 0.00008 0 -3.500 -1.0000 -3.500 -0.0002 0 NA
135.00 0.02222 135.1 0.00012 0 -3.500 -1.0000 -3.500 -0.0001 0 NA
140.00 0.02143 140.1 0.00017 0 -3.500 -1.0000 -3.500 -0.0002 0 NA
145.00 0.02069 145.1 0.00026 0 -3.500 -1.0000 -3.500 -0.0001 0 NA
150.00 0.02000 150.1 0.00039 0 -3.500 -1.0000 -3.500 -0.0001 0 NA
155.00 0.01935 155.1 0.00057 0 -3.500 -1.0000 -3.500 -0.0002 0 NA
160.00 0.01875 160.1 0.00083 0 -3.500 -1.0000 -3.500 -0.0002 0 NA
165.00 0.01818 165.1 0.00116 0 -3.500 -1.0000 -3.500 -0.0002 0 NA
170.00 0.01765 170.1 0.00159 0 -3.500 -1.0000 -3.500 -0.0001 0 NA
175.00 0.01714 175.1 0.00213 0 -3.500 -1.0000 -3.500 -0.0001 0 NA
180.00 0.01667 180.1 0.00277 0 -3.500 -1.0000 -3.500 -0.0002 0 NA
185.00 0.01622 185.1 0.00353 0 -3.500 -1.0000 -3.500 -0.0002 0 NA
190.00 0.01579 190.1 0.00440 0 -3.500 -1.0000 -3.500 -0.0002 0 NA
195.00 0.01538 195.1 0.00540 0 -3.500 -1.0000 -3.500 -0.0001 0 NA
200.00 0.01500 200.1 0.00652 0 -3.500 -1.0000 -3.500 -0.0001 0 NA
205.00 0.01463 205.1 0.00773 0 -3.500 -1.0000 -3.500 -0.0002 0 NA
210.00 0.01429 210.1 0.00907 0 -3.500 -1.0000 -3.500 -0.0002 0 NA
215.00 0.01395 215.1 0.01050 0 -3.500 -1.0000 -3.500 -0.0001 0 NA
220.00 0.01364 220.1 0.01218 0 -3.500 -1.0000 -3.500 -0.0002 0 NA
225.00 0.01333 225.1 0.01390 1 -3.500 -1.0000 -3.500 -0.0002 0 NA
0.00 0.02500 0.1 0.00000 0 -4.000 -1.0000 -4.000 -0.0001 0 NA
5.00 0.02500 5.1 0.00000 0 -4.000 -1.0000 -4.000 -0.0002 0 NA
10.00 0.02500 10.1 0.00000 0 -4.000 -1.0000 -4.000 -0.0001 0 NA
15.00 0.02500 15.1 0.00000 0 -4.000 -1.0000 -4.000 -0.0001 0 NA
20.00 0.02500 20.1 0.00000 0 -4.000 -1.0000 -4.000 -0.0002 0 NA
25.00 0.02500 25.0 0.00000 0 -4.000 -1.0000 -4.000 -0.0001 0 NA
30.00 0.02500 30.0 0.00000 0 -4.000 -1.0000 -4.000 -0.0001 0 NA
35.00 0.02500 35.0 0.00000 0 -4.000 -1.0000 -4.000 -0.0001 0 NA
40.00 0.02500 40.0 0.00000 0 -4.000 -1.0000 -4.000 -0.0001 0 NA
45.00 0.02500 45.0 0.00000 0 -4.000 -1.0000 -4.000 -0.0001 0 NA
50.00 0.02500 50.0 0.00000 0 -4.000 -1.0000 -4.000 -0.0001 0 NA
55.00 0.02500 55.0 0.00000 0 -4.000 -1.0000 -4.000 -0.0001 0 NA
60.00 0.02500 60.0 0.00000 0 -4.000 -1.0000 -4.000 -0.0001 0 NA
65.00 0.02500 65.0 0.00000 0 -4.000 -1.0000 -4.000 -0.0002 0 NA
70.00 0.02500 70.0 0.00000 0 -4.000 -1.0000 -4.000 -0.0001 0 NA
75.00 0.02500 75.0 0.00000 0 -4.000 -1.0000 -4.000 -0.0002 0 NA
80.00 0.02500 80.0 0.00000 0 -4.000 -1.0000 -4.000 -0.0001 0 NA
85.00 0.02500 85.1 0.00000 0 -4.000 -1.0000 -4.000 -0.0002 0 NA
90.00 0.02500 90.1 0.00000 0 -4.000 -1.0000 -4.000 -0.0002 0 NA
95.00 0.02500 95.1 0.00000 0 -4.000 -1.0000 -4.000 -0.0001 0 NA
100.00 0.02500 100.0 0.00000 0 -4.000 -1.0000 -4.000 -0.0002 0 NA
105.00 0.02500 105.0 0.00000 0 -4.000 -1.0000 -4.000 -0.0001 0 NA
110.00 0.02500 110.1 0.00000 0 -4.000 -1.0000 -4.000 -0.0002 0 NA
115.00 0.02500 115.0 0.00000 0 -4.000 -1.0000 -4.000 -0.0002 0 NA
120.00 0.02500 120.1 0.00000 0 -4.000 -1.0000 -4.000 -0.0001 0 NA
125.00 0.02400 125.0 0.00000 0 -4.000 -1.0000 -4.000 -0.0001 0 NA
130.00 0.02308 130.1 0.00000 0 -4.000 -1.0000 -4.000 -0.0001 0 NA
135.00 0.02222 135.1 0.00005 0 -4.000 -1.0000 -4.000 -0.0001 0 NA
140.00 0.02143 140.1 0.00006 0 -4.000 -1.0000 -4.000 -0.0001 0 NA
145.00 0.02069 145.1 0.00007 0 -4.000 -1.0000 -4.000 -0.0001 0 NA
150.00 0.02000 150.1 0.00009 0 -4.000 -1.0000 -4.000 -0.0002 0 NA
155.00 0.01935 155.1 0.00014 0 -4.000 -1.0000 -4.000 -0.0002 0 NA
160.00 0.01875 160.1 0.00020 0 -4.000 -1.0000 -4.000 -0.0001 0 NA
165.00 0.01818 165.1 0.00028 0 -4.000 -1.0000 -4.000 -0.0001 0 NA
170.00 0.01765 170.1 0.00042 0 -4.000 -1.0000 -4.000 -0.0001 0 NA
175.00 0.01714 175.1 0.00061 0 -4.000 -1.0000 -4.000 -0.0001 0 NA
180.00 0.01667 180.1 0.00085 0 -4.000 -1.0000 -4.000 -0.0002 0 NA
185.00 0.01622 185.1 0.00118 0 -4.000 -1.0000 -4.000 -0.0001 0 NA
190.00 0.01579 190.1 0.00158 0 -4.000 -1.0000 -4.000 -0.0002 0 NA
195.00 0.01538 195.1 0.00209 0 -4.000 -1.0000 -4.000 -0.0001 0 NA
200.00 0.01500 200.1 0.00269 0 -4.000 -1.0000 -4.000 -0.0002 0 NA
205.00 0.01463 205.1 0.00340 0 -4.000 -1.0000 -4.000 -0.0001 0 NA
210.00 0.01429 210.1 0.00422 0 -4.000 -1.0000 -4.000 -0.0001 0 NA
215.00 0.01395 215.1 0.00514 0 -4.000 -1.0000 -4.000 -0.0002 0 NA
220.00 0.01364 220.1 0.00617 0 -4.000 -1.0000 -4.000 -0.0001 0 NA
225.00 0.01333 225.1 0.00731 0 -4.000 -1.0000 -4.000 -0.0002 0 NA
230.00 0.01304 230.1 0.00855 0 -4.000 -1.0000 -4.000 -0.0001 0 NA
235.00 0.01277 235.1 0.00999 0 -4.000 -1.0000 -4.000 -0.0001 0 NA
240.00 0.01250 240.1 0.01156 0 -4.000 -1.0000 -4.000 -0.0001 0 NA
245.00 0.01224 245.1 0.01314 1 -4.000 -1.0000 -4.000 -0.0002 0 NA
0.00 0.02500 0.1 0.00000 0 -4.500 -1.0000 -4.500 -0.0001 0 NA
5.00 0.02500 5.1 0.00000 0 -4.500 -1.0000 -4.500 -0.0002 0 NA
10.00 0.02500 10.1 0.00000 0 -4.500 -1.0000 -4.500 -0.0002 0 NA
15.00 0.02500 15.1 0.00000 0 -4.500 -1.0000 -4.499 -0.0001 0 NA
20.00 0.02500 20.1 0.00000 0 -4.500 -1.0000 -4.499 -0.0002 0 NA
25.00 0.02500 25.0 0.00000 0 -4.500 -1.0000 -4.499 -0.0001 0 NA
30.00 0.02500 30.0 0.00000 0 -4.500 -1.0000 -4.500 -0.0001 0 NA
35.00 0.02500 35.0 0.00000 0 -4.500 -1.0000 -4.500 -0.0001 0 NA
40.00 0.02500 40.0 0.00000 0 -4.500 -1.0000 -4.499 -0.0001 0 NA
45.00 0.02500 45.0 0.00000 0 -4.500 -1.0000 -4.499 -0.0001 0 NA
50.00 0.02500 50.0 0.00000 0 -4.500 -1.0000 -4.499 -0.0001 0 NA
55.00 0.02500 55.0 0.00000 0 -4.500 -1.0000 -4.499 -0.0002 0 NA
60.00 0.02500 60.0 0.00000 0 -4.500 -1.0000 -4.499 -0.0002 0 NA
65.00 0.02500 65.0 0.00000 0 -4.500 -1.0000 -4.500 -0.0001 0 NA
70.00 0.02500 70.0 0.00000 0 -4.500 -1.0000 -4.500 -0.0002 0 NA
75.00 0.02500 75.0 0.00000 0 -4.500 -1.0000 -4.500 -0.0001 0 NA
80.00 0.02500 80.0 0.00000 0 -4.500 -1.0000 -4.500 -0.0001 0 NA
85.00 0.02500 85.1 0.00000 0 -4.500 -1.0000 -4.499 -0.0001 0 NA
90.00 0.02500 90.1 0.00000 0 -4.500 -1.0000 -4.500 -0.0002 0 NA
95.00 0.02500 95.1 0.00000 0 -4.500 -1.0000 -4.499 -0.0001 0 NA
100.00 0.02500 100.0 0.00000 0 -4.500 -1.0000 -4.500 -0.0002 0 NA
105.00 0.02500 105.0 0.00000 0 -4.500 -1.0000 -4.499 -0.0001 0 NA
110.00 0.02500 110.1 0.00000 0 -4.500 -1.0000 -4.500 -0.0001 0 NA
115.00 0.02500 115.0 0.00000 0 -4.500 -1.0000 -4.500 -0.0001 0 NA
120.00 0.02500 120.1 0.00000 0 -4.500 -1.0000 -4.500 -0.0001 0 NA
125.00 0.02400 125.0 0.00000 0 -4.500 -1.0000 -4.500 -0.0002 0 NA
130.00 0.02308 130.1 0.00000 0 -4.500 -1.0000 -4.500 -0.0001 0 NA
135.00 0.02222 135.1 0.00000 0 -4.500 -1.0000 -4.499 -0.0001 0 NA
140.00 0.02143 140.1 0.00000 0 -4.500 -1.0000 -4.500 -0.0002 0 NA
145.00 0.02069 145.1 0.00000 0 -4.500 -1.0000 -4.499 -0.0002 0 NA
150.00 0.02000 150.1 0.00000 0 -4.500 -1.0000 -4.500 -0.0002 0 NA
155.00 0.01935 155.1 0.00005 0 -4.500 -1.0000 -4.500 -0.0002 0 NA
160.00 0.01875 160.1 0.00006 0 -4.500 -1.0000 -4.500 -0.0002 0 NA
165.00 0.01818 165.1 0.00008 0 -4.500 -1.0000 -4.500 -0.0002 0 NA
170.00 0.01765 170.1 0.00011 0 -4.500 -1.0000 -4.500 -0.0001 0 NA
175.00 0.01714 175.1 0.00015 0 -4.500 -1.0000 -4.500 -0.0002 0 NA
180.00 0.01667 180.1 0.00021 0 -4.500 -1.0000 -4.500 -0.0002 0 NA
185.00 0.01622 185.1 0.00032 0 -4.500 -1.0000 -4.500 -0.0002 0 NA
190.00 0.01579 190.1 0.00045 0 -4.500 -1.0000 -4.500 -0.0001 0 NA
195.00 0.01538 195.1 0.00064 0 -4.500 -1.0000 -4.500 -0.0001 0 NA
200.00 0.01500 200.1 0.00088 0 -4.500 -1.0000 -4.499 -0.0001 0 NA
205.00 0.01463 205.1 0.00120 0 -4.500 -1.0000 -4.500 -0.0002 0 NA
210.00 0.01429 210.1 0.00159 0 -4.500 -1.0000 -4.500 -0.0002 0 NA
215.00 0.01395 215.1 0.00206 0 -4.500 -1.0000 -4.500 -0.0001 0 NA
220.00 0.01364 220.1 0.00263 0 -4.500 -1.0000 -4.499 -0.0002 0 NA
225.00 0.01333 225.1 0.00331 0 -4.500 -1.0000 -4.500 -0.0001 0 NA
230.00 0.01304 230.1 0.00407 0 -4.500 -1.0000 -4.500 -0.0001 0 NA
235.00 0.01277 235.1 0.00494 0 -4.500 -1.0000 -4.500 -0.0002 0 NA
240.00 0.01250 240.1 0.00593 0 -4.500 -1.0000 -4.500 -0.0001 0 NA
245.00 0.01224 245.1 0.00702 0 -4.500 -1.0000 -4.499 -0.0002 0 NA
250.00 0.01200 250.1 0.00825 0 -4.500 -1.0000 -4.500 -0.0001 0 NA
255.00 0.01176 255.1 0.00956 0 -4.500 -1.0000 -4.500 -0.0002 0 NA
260.00 0.01154 260.1 0.01099 0 -4.500 -1.0000 -4.499 -0.0001 0 NA
265.00 0.01132 265.1 0.01245 1 -4.500 -1.0000 -4.499 -0.0001 0 NA
0.00 0.02500 0.1 0.00000 0 -5.000 -1.0000 -5.000 -0.0001 0 NA
5.00 0.02500 5.1 0.00000 0 -5.000 -1.0000 -4.999 -0.0001 0 NA
10.00 0.02500 10.1 0.00000 0 -5.000 -1.0000 -5.000 -0.0002 0 NA
15.00 0.02500 15.1 0.00000 0 -5.000 -1.0000 -4.999 -0.0001 0 NA
20.00 0.02500 20.1 0.00000 0 -5.000 -1.0000 -4.999 -0.0001 0 NA
25.00 0.02500 25.0 0.00000 0 -5.000 -1.0000 -4.999 -0.0002 0 NA
30.00 0.02500 30.1 0.00000 0 -5.000 -1.0000 -4.999 -0.0001 0 NA
35.00 0.02500 35.0 0.00000 0 -5.000 -1.0000 -4.999 -0.0002 0 NA
40.00 0.02500 40.0 0.00000 0 -5.000 -1.0000 -4.999 -0.0001 0 NA
45.00 0.02500 45.0 0.00000 0 -5.000 -1.0000 -4.999 -0.0001 0 NA
50.00 0.02500 50.0 0.00000 0 -5.000 -1.0000 -4.999 -0.0001 0 NA
55.00 0.02500 55.0 0.00000 0 -5.000 -1.0000 -4.999 -0.0001 0 NA
60.00 0.02500 60.0 0.00000 0 -5.000 -1.0000 -4.999 -0.0001 0 NA
65.00 0.02500 65.0 0.00000 0 -5.000 -1.0000 -5.000 -0.0001 0 NA
70.00 0.02500 70.0 0.00000 0 -5.000 -1.0000 -4.999 -0.0002 0 NA
75.00 0.02500 75.0 0.00000 0 -5.000 -1.0000 -4.999 -0.0001 0 NA
80.00 0.02500 80.0 0.00000 0 -5.000 -1.0000 -4.999 -0.0001 0 NA
85.00 0.02500 85.1 0.00000 0 -5.000 -1.0000 -5.000 -0.0001 0 NA
90.00 0.02500 90.1 0.00000 0 -5.000 -1.0000 -4.999 -0.0001 0 NA
95.00 0.02500 95.1 0.00000 0 -5.000 -1.0000 -4.999 -0.0001 0 NA
100.00 0.02500 100.0 0.00000 0 -5.000 -1.0000 -4.999 -0.0002 0 NA
105.00 0.02500 105.0 0.00000 0 -5.000 -1.0000 -5.000 -0.0002 0 NA
110.00 0.02500 110.1 0.00000 0 -5.000 -1.0000 -5.000 -0.0001 0 NA
115.00 0.02500 115.1 0.00000 0 -5.000 -1.0000 -5.000 -0.0001 0 NA
120.00 0.02500 120.1 0.00000 0 -5.000 -1.0000 -4.999 -0.0001 0 NA
125.00 0.02400 125.0 0.00000 0 -5.000 -1.0000 -4.999 -0.0002 0 NA
130.00 0.02308 130.1 0.00000 0 -5.000 -1.0000 -5.000 -0.0002 0 NA
135.00 0.02222 135.1 0.00000 0 -5.000 -1.0000 -5.000 -0.0001 0 NA
140.00 0.02143 140.1 0.00000 0 -5.000 -1.0000 -4.999 -0.0002 0 NA
145.00 0.02069 145.1 0.00000 0 -5.000 -1.0000 -5.000 -0.0002 0 NA
150.00 0.02000 150.1 0.00000 0 -5.000 -1.0000 -5.000 -0.0001 0 NA
155.00 0.01935 155.1 0.00000 0 -5.000 -1.0000 -4.999 -0.0001 0 NA
160.00 0.01875 160.1 0.00000 0 -5.000 -1.0000 -4.999 -0.0002 0 NA
165.00 0.01818 165.1 0.00000 0 -5.000 -1.0000 -5.000 -0.0001 0 NA
170.00 0.01765 170.1 0.00005 0 -5.000 -1.0000 -4.999 -0.0001 0 NA
175.00 0.01714 175.1 0.00006 0 -5.000 -1.0000 -5.000 -0.0001 0 NA
180.00 0.01667 180.1 0.00007 0 -5.000 -1.0000 -4.999 -0.0001 0 NA
185.00 0.01622 185.1 0.00009 0 -5.000 -1.0000 -5.000 -0.0001 0 NA
190.00 0.01579 190.1 0.00013 0 -5.000 -1.0000 -5.000 -0.0001 0 NA
195.00 0.01538 195.1 0.00018 0 -5.000 -1.0000 -4.999 -0.0002 0 NA
200.00 0.01500 200.1 0.00025 0 -5.000 -1.0000 -5.000 -0.0001 0 NA
205.00 0.01463 205.1 0.00035 0 -5.000 -1.0000 -4.999 -0.0001 0 NA
210.00 0.01429 210.1 0.00049 0 -5.000 -1.0000 -5.000 -0.0001 0 NA
215.00 0.01395 215.1 0.00067 0 -5.000 -1.0000 -4.999 -0.0002 0 NA
220.00 0.01364 220.1 0.00092 0 -5.000 -1.0000 -5.000 -0.0001 0 NA
225.00 0.01333 225.1 0.00122 0 -5.000 -1.0000 -5.000 -0.0001 0 NA
230.00 0.01304 230.1 0.00160 0 -5.000 -1.0000 -5.000 -0.0002 0 NA
235.00 0.01277 235.1 0.00205 0 -5.000 -1.0000 -4.999 -0.0001 0 NA
240.00 0.01250 240.1 0.00260 0 -5.000 -1.0000 -4.999 -0.0002 0 NA
245.00 0.01224 245.1 0.00323 0 -5.000 -1.0000 -4.999 -0.0001 0 NA
250.00 0.01200 250.1 0.00395 0 -5.000 -1.0000 -4.999 -0.0002 0 NA
255.00 0.01176 255.1 0.00476 0 -5.000 -1.0000 -4.999 -0.0002 0 NA
260.00 0.01154 260.1 0.00569 0 -5.000 -1.0000 -5.000 -0.0001 0 NA
265.00 0.01132 265.1 0.00677 0 -5.000 -1.0000 -4.999 -0.0001 0 NA
270.00 0.01111 270.1 0.00791 0 -5.000 -1.0000 -4.999 -0.0001 0 NA
275.00 0.01091 275.1 0.00915 0 -5.000 -1.0000 -4.999 -0.0001 0 NA
280.00 0.01071 280.1 0.01047 0 -5.000 -1.0000 -5.000 -0.0002 0 NA
285.00 0.01053 285.1 0.01185 1 -5.000 -1.0000 -5.000 -0.0001 0 NA
0.00 0.02500 0.1 0.00000 0 -5.500 -0.9091 -5.500 -0.0001 0 NA
5.00 0.02500 5.1 0.00000 0 -5.500 -0.9091 -5.500 -0.0001 0 NA
10.00 0.02500 10.1 0.00000 0 -5.500 -0.9091 -5.500 -0.0001 0 NA
15.00 0.02500 15.1 0.00000 0 -5.500 -0.9091 -5.500 -0.0001 0 NA
20.00 0.02500 20.1 0.00000 0 -5.500 -0.9091 -5.500 -0.0001 0 NA
25.00 0.02500 25.0 0.00000 0 -5.500 -0.9091 -5.500 -0.0001 0 NA
30.00 0.02500 30.0 0.00000 0 -5.500 -0.9091 -5.500 -0.0001 0 NA
35.00 0.02500 35.0 0.00000 0 -5.500 -0.9091 -5.500 -0.0002 0 NA
40.00 0.02500 40.0 0.00000 0 -5.500 -0.9091 -5.500 -0.0002 0 NA
45.00 0.02500 45.0 0.00000 0 -5.500 -0.9091 -5.500 -0.0002 0 NA
50.00 0.02500 50.0 0.00000 0 -5.500 -0.9091 -5.500 -0.0002 0 NA
55.00 0.02500 55.0 0.00000 0 -5.500 -0.9091 -5.500 -0.0001 0 NA
60.00 0.02500 60.0 0.00000 0 -5.500 -0.9091 -5.500 -0.0001 0 NA
65.00 0.02500 65.0 0.00000 0 -5.500 -0.9091 -5.500 -0.0002 0 NA
70.00 0.02500 70.0 0.00000 0 -5.500 -0.9091 -5.500 -0.0002 0 NA
75.00 0.02500 75.0 0.00000 0 -5.500 -0.9091 -5.500 -0.0001 0 NA
80.00 0.02500 80.1 0.00000 0 -5.500 -0.9091 -5.500 -0.0001 0 NA
85.00 0.02500 85.1 0.00000 0 -5.500 -0.9091 -5.500 -0.0002 0 NA
90.00 0.02500 90.1 0.00000 0 -5.500 -0.9091 -5.500 -0.0001 0 NA
95.00 0.02500 95.1 0.00000 0 -5.500 -0.9091 -5.500 -0.0001 0 NA
100.00 0.02500 100.0 0.00000 0 -5.500 -0.9091 -5.500 -0.0002 0 NA
105.00 0.02500 105.0 0.00000 0 -5.500 -0.9091 -5.500 -0.0002 0 NA
110.00 0.02500 110.1 0.00000 0 -5.500 -0.9091 -5.500 -0.0001 0 NA
115.00 0.02500 115.1 0.00000 0 -5.500 -0.9091 -5.500 -0.0002 0 NA
120.00 0.02500 120.1 0.00000 0 -5.500 -0.9091 -5.500 -0.0002 0 NA
125.00 0.02400 125.1 0.00000 0 -5.500 -0.9091 -5.500 -0.0002 0 NA
130.00 0.02308 130.1 0.00000 0 -5.500 -0.9091 -5.500 -0.0001 0 NA
135.00 0.02222 135.1 0.00000 0 -5.500 -0.9091 -5.500 -0.0001 0 NA
140.00 0.02143 140.1 0.00000 0 -5.500 -0.9091 -5.500 -0.0001 0 NA
145.00 0.02069 145.1 0.00000 0 -5.500 -0.9091 -5.500 -0.0001 0 NA
150.00 0.02000 150.1 0.00000 0 -5.500 -0.9091 -5.500 -0.0001 0 NA
155.00 0.01935 155.1 0.00000 0 -5.500 -0.9091 -5.500 -0.0001 0 NA
160.00 0.01875 160.1 0.00000 0 -5.500 -0.9091 -5.500 -0.0001 0 NA
165.00 0.01818 165.1 0.00000 0 -5.500 -0.9091 -5.500 -0.0002 0 NA
170.00 0.01765 170.1 0.00000 0 -5.500 -0.9091 -5.500 -0.0001 0 NA
175.00 0.01714 175.1 0.00000 0 -5.500 -0.9091 -5.500 -0.0001 0 NA
180.00 0.01667 180.1 0.00000 0 -5.500 -0.9091 -5.500 -0.0002 0 NA
185.00 0.01622 185.1 0.00000 0 -5.500 -0.9091 -5.500 -0.0001 0 NA
190.00 0.01579 190.1 0.00005 0 -5.500 -0.9091 -5.500 -0.0002 0 NA
195.00 0.01538 195.1 0.00006 0 -5.500 -0.9091 -5.500 -0.0001 0 NA
200.00 0.01500 200.1 0.00007 0 -5.500 -0.9091 -5.500 -0.0001 0 NA
205.00 0.01463 205.1 0.00011 0 -5.500 -0.9091 -5.500 -0.0001 0 NA
210.00 0.01429 210.1 0.00014 0 -5.500 -0.9091 -5.500 -0.0002 0 NA
215.00 0.01395 215.1 0.00020 0 -5.500 -0.9091 -5.500 -0.0001 0 NA
220.00 0.01364 220.1 0.00028 0 -5.500 -0.9091 -5.500 -0.0001 0 NA
225.00 0.01333 225.1 0.00038 0 -5.500 -0.9091 -5.500 -0.0001 0 NA
230.00 0.01304 230.1 0.00052 0 -5.500 -0.9091 -5.500 -0.0002 0 NA
235.00 0.01277 235.1 0.00071 0 -5.500 -0.9091 -5.500 -0.0001 0 NA
240.00 0.01250 240.1 0.00095 0 -5.500 -0.9091 -5.500 -0.0002 0 NA
245.00 0.01224 245.1 0.00125 0 -5.500 -0.9091 -5.500 -0.0002 0 NA
250.00 0.01200 250.1 0.00162 0 -5.500 -0.9091 -5.500 -0.0001 0 NA
255.00 0.01176 255.1 0.00205 0 -5.500 -0.9091 -5.500 -0.0002 0 NA
260.00 0.01154 260.1 0.00256 0 -5.500 -0.9091 -5.500 -0.0002 0 NA
265.00 0.01132 265.1 0.00316 0 -5.500 -0.9091 -5.500 -0.0002 0 NA
270.00 0.01111 270.1 0.00384 0 -5.500 -0.9091 -5.500 -0.0001 0 NA
275.00 0.01091 275.1 0.00461 0 -5.500 -0.9091 -5.500 -0.0001 0 NA
280.00 0.01071 280.1 0.00551 0 -5.500 -0.9091 -5.500 -0.0001 0 NA
285.00 0.01053 285.1 0.00650 0 -5.500 -0.9091 -5.500 -0.0002 0 NA
290.00 0.01034 290.1 0.00759 0 -5.500 -0.9091 -5.500 -0.0001 0 NA
295.00 0.01017 295.1 0.00875 0 -5.500 -0.9091 -5.500 -0.0001 0 NA
300.00 0.01000 300.1 0.01001 1 -5.500 -0.9091 -5.500 -0.0001 0 NA
0.00 0.02500 0.1 0.00000 0 -6.000 -0.8333 -6.000 -0.0001 0 NA
5.00 0.02500 5.1 0.00000 0 -6.000 -0.8333 -6.000 -0.0001 0 NA
10.00 0.02500 10.1 0.00000 0 -6.000 -0.8333 -6.000 -0.0002 0 NA
15.00 0.02500 15.1 0.00000 0 -6.000 -0.8333 -6.000 -0.0001 0 NA
20.00 0.02500 20.1 0.00000 0 -6.000 -0.8333 -6.000 -0.0001 0 NA
25.00 0.02500 25.0 0.00000 0 -6.000 -0.8333 -6.000 -0.0001 0 NA
30.00 0.02500 30.1 0.00000 0 -6.000 -0.8333 -6.000 -0.0001 0 NA
35.00 0.02500 35.0 0.00000 0 -6.000 -0.8333 -6.000 -0.0002 0 NA
40.00 0.02500 40.0 0.00000 0 -6.000 -0.8333 -6.000 -0.0002 0 NA
45.00 0.02500 45.0 0.00000 0 -6.000 -0.8333 -6.000 -0.0002 0 NA
50.00 0.02500 50.0 0.00000 0 -6.000 -0.8333 -6.000 -0.0002 0 NA
55.00 0.02500 55.0 0.00000 0 -6.000 -0.8333 -6.000 -0.0001 0 NA
60.00 0.02500 60.0 0.00000 0 -6.000 -0.8333 -6.000 -0.0002 0 NA
65.00 0.02500 65.0 0.00000 0 -6.000 -0.8333 -6.000 -0.0001 0 NA
70.00 0.02500 70.0 0.00000 0 -6.000 -0.8333 -6.000 -0.0001 0 NA
75.00 0.02500 75.0 0.00000 0 -6.000 -0.8333 -6.000 -0.0001 0 NA
80.00 0.02500 80.0 0.00000 0 -6.000 -0.8333 -6.000 -0.0002 0 NA
85.00 0.02500 85.1 0.00000 0 -6.000 -0.8333 -6.000 -0.0001 0 NA
90.00 0.02500 90.1 0.00000 0 -6.000 -0.8333 -6.000 -0.0001 0 NA
95.00 0.02500 95.0 0.00000 0 -6.000 -0.8333 -6.000 -0.0001 0 NA
100.00 0.02500 100.0 0.00000 0 -6.000 -0.8333 -6.000 -0.0001 0 NA
105.00 0.02500 105.0 0.00000 0 -6.000 -0.8333 -6.000 -0.0001 0 NA
110.00 0.02500 110.1 0.00000 0 -6.000 -0.8333 -6.000 -0.0001 0 NA
115.00 0.02500 115.0 0.00000 0 -6.000 -0.8333 -6.000 -0.0001 0 NA
120.00 0.02500 120.1 0.00000 0 -6.000 -0.8333 -6.000 -0.0002 0 NA
125.00 0.02400 125.0 0.00000 0 -6.000 -0.8333 -6.000 -0.0001 0 NA
130.00 0.02308 130.1 0.00000 0 -6.000 -0.8333 -6.000 -0.0001 0 NA
135.00 0.02222 135.1 0.00000 0 -6.000 -0.8333 -6.000 -0.0001 0 NA
140.00 0.02143 140.1 0.00000 0 -6.000 -0.8333 -6.000 -0.0001 0 NA
145.00 0.02069 145.1 0.00000 0 -6.000 -0.8333 -6.000 -0.0002 0 NA
150.00 0.02000 150.1 0.00000 0 -6.000 -0.8333 -6.000 -0.0001 0 NA
155.00 0.01935 155.1 0.00000 0 -6.000 -0.8333 -6.000 -0.0001 0 NA
160.00 0.01875 160.1 0.00000 0 -6.000 -0.8333 -6.000 -0.0002 0 NA
165.00 0.01818 165.1 0.00000 0 -6.000 -0.8333 -6.000 -0.0001 0 NA
170.00 0.01765 170.1 0.00000 0 -6.000 -0.8333 -6.000 -0.0002 0 NA
175.00 0.01714 175.1 0.00000 0 -6.000 -0.8333 -6.000 -0.0002 0 NA
180.00 0.01667 180.1 0.00000 0 -6.000 -0.8333 -6.000 -0.0001 0 NA
185.00 0.01622 185.1 0.00000 0 -6.000 -0.8333 -6.000 -0.0001 0 NA
190.00 0.01579 190.1 0.00000 0 -6.000 -0.8333 -6.000 -0.0002 0 NA
195.00 0.01538 195.1 0.00000 0 -6.000 -0.8333 -6.000 -0.0001 0 NA
200.00 0.01500 200.1 0.00000 0 -6.000 -0.8333 -6.000 -0.0002 0 NA
205.00 0.01463 205.1 0.00005 0 -6.000 -0.8333 -6.000 -0.0001 0 NA
210.00 0.01429 210.1 0.00006 0 -6.000 -0.8333 -6.000 -0.0001 0 NA
215.00 0.01395 215.1 0.00007 0 -6.000 -0.8333 -6.000 -0.0001 0 NA
220.00 0.01364 220.1 0.00009 0 -6.000 -0.8333 -6.000 -0.0001 0 NA
225.00 0.01333 225.1 0.00012 0 -6.000 -0.8333 -6.000 -0.0001 0 NA
230.00 0.01304 230.1 0.00016 0 -6.000 -0.8333 -6.000 -0.0002 0 NA
235.00 0.01277 235.1 0.00022 0 -6.000 -0.8333 -6.000 -0.0002 0 NA
240.00 0.01250 240.1 0.00030 0 -6.000 -0.8333 -6.000 -0.0002 0 NA
245.00 0.01224 245.1 0.00042 0 -6.000 -0.8333 -6.000 -0.0001 0 NA
250.00 0.01200 250.1 0.00056 0 -6.000 -0.8333 -6.000 -0.0002 0 NA
255.00 0.01176 255.1 0.00075 0 -6.000 -0.8333 -6.000 -0.0002 0 NA
260.00 0.01154 260.1 0.00099 0 -6.000 -0.8333 -6.000 -0.0002 0 NA
265.00 0.01132 265.1 0.00128 0 -6.000 -0.8333 -6.000 -0.0002 0 NA
270.00 0.01111 270.1 0.00163 0 -6.000 -0.8333 -6.000 -0.0001 0 NA
275.00 0.01091 275.1 0.00205 0 -6.000 -0.8333 -6.000 -0.0002 0 NA
280.00 0.01071 280.1 0.00255 0 -6.000 -0.8333 -6.000 -0.0002 0 NA
285.00 0.01053 285.1 0.00312 0 -6.000 -0.8333 -6.000 -0.0001 0 NA
290.00 0.01034 290.1 0.00378 0 -6.000 -0.8333 -6.000 -0.0001 0 NA
295.00 0.01017 295.1 0.00452 0 -6.000 -0.8333 -6.000 -0.0001 0 NA
300.00 0.01000 300.1 0.00537 0 -6.000 -0.8333 -6.000 -0.0001 0 NA
305.00 0.00984 305.1 0.00631 0 -6.000 -0.8333 -6.000 -0.0001 0 NA
310.00 0.00968 310.1 0.00733 0 -6.000 -0.8333 -6.000 -0.0002 0 NA
315.00 0.00952 315.1 0.00842 0 -6.000 -0.8333 -6.000 -0.0001 0 NA
320.00 0.00937 320.1 0.00958 1 -6.000 -0.8333 -6.000 -0.0002 0 NA
0.00 0.02500 0.1 0.00000 0 -6.500 -0.7692 -6.500 -0.0001 0 NA
5.00 0.02500 5.1 0.00000 0 -6.500 -0.7692 -6.500 -0.0001 0 NA
10.00 0.02500 10.1 0.00000 0 -6.500 -0.7692 -6.500 -0.0002 0 NA
15.00 0.02500 15.1 0.00000 0 -6.500 -0.7692 -6.500 -0.0001 0 NA
20.00 0.02500 20.1 0.00000 0 -6.500 -0.7692 -6.500 -0.0002 0 NA
25.00 0.02500 25.0 0.00000 0 -6.500 -0.7692 -6.500 -0.0001 0 NA
30.00 0.02500 30.1 0.00000 0 -6.500 -0.7692 -6.500 -0.0001 0 NA
35.00 0.02500 35.0 0.00000 0 -6.500 -0.7692 -6.500 -0.0002 0 NA
40.00 0.02500 40.0 0.00000 0 -6.500 -0.7692 -6.500 -0.0001 0 NA
45.00 0.02500 45.0 0.00000 0 -6.500 -0.7692 -6.500 -0.0002 0 NA
50.00 0.02500 50.0 0.00000 0 -6.500 -0.7692 -6.500 -0.0001 0 NA
55.00 0.02500 55.0 0.00000 0 -6.500 -0.7692 -6.500 -0.0001 0 NA
60.00 0.02500 60.0 0.00000 0 -6.500 -0.7692 -6.500 -0.0001 0 NA
65.00 0.02500 65.0 0.00000 0 -6.500 -0.7692 -6.500 -0.0001 0 NA
70.00 0.02500 70.0 0.00000 0 -6.500 -0.7692 -6.500 -0.0001 0 NA
75.00 0.02500 75.0 0.00000 0 -6.500 -0.7692 -6.500 -0.0001 0 NA
80.00 0.02500 80.0 0.00000 0 -6.500 -0.7692 -6.500 -0.0002 0 NA
85.00 0.02500 85.1 0.00000 0 -6.500 -0.7692 -6.500 -0.0001 0 NA
90.00 0.02500 90.1 0.00000 0 -6.500 -0.7692 -6.500 -0.0001 0 NA
95.00 0.02500 95.1 0.00000 0 -6.500 -0.7692 -6.500 -0.0001 0 NA
100.00 0.02500 100.0 0.00000 0 -6.500 -0.7692 -6.500 -0.0001 0 NA
105.00 0.02500 105.0 0.00000 0 -6.500 -0.7692 -6.500 -0.0002 0 NA
110.00 0.02500 110.1 0.00000 0 -6.500 -0.7692 -6.500 -0.0001 0 NA
115.00 0.02500 115.1 0.00000 0 -6.500 -0.7692 -6.500 -0.0002 0 NA
120.00 0.02500 120.1 0.00000 0 -6.500 -0.7692 -6.500 -0.0001 0 NA
125.00 0.02400 125.0 0.00000 0 -6.500 -0.7692 -6.500 -0.0001 0 NA
130.00 0.02308 130.1 0.00000 0 -6.500 -0.7692 -6.500 -0.0001 0 NA
135.00 0.02222 135.1 0.00000 0 -6.500 -0.7692 -6.500 -0.0001 0 NA
140.00 0.02143 140.1 0.00000 0 -6.500 -0.7692 -6.500 -0.0001 0 NA
145.00 0.02069 145.1 0.00000 0 -6.500 -0.7692 -6.500 -0.0002 0 NA
150.00 0.02000 150.1 0.00000 0 -6.500 -0.7692 -6.500 -0.0002 0 NA
155.00 0.01935 155.1 0.00000 0 -6.500 -0.7692 -6.500 -0.0001 0 NA
160.00 0.01875 160.1 0.00000 0 -6.500 -0.7692 -6.500 -0.0001 0 NA
165.00 0.01818 165.1 0.00000 0 -6.500 -0.7692 -6.500 -0.0001 0 NA
170.00 0.01765 170.1 0.00000 0 -6.500 -0.7692 -6.500 -0.0001 0 NA
175.00 0.01714 175.1 0.00000 0 -6.500 -0.7692 -6.500 -0.0001 0 NA
180.00 0.01667 180.1 0.00000 0 -6.500 -0.7692 -6.500 -0.0001 0 NA
185.00 0.01622 185.1 0.00000 0 -6.500 -0.7692 -6.500 -0.0001 0 NA
190.00 0.01579 190.1 0.00000 0 -6.500 -0.7692 -6.500 -0.0001 0 NA
195.00 0.01538 195.1 0.00000 0 -6.500 -0.7692 -6.500 -0.0001 0 NA
200.00 0.01500 200.1 0.00000 0 -6.500 -0.7692 -6.500 -0.0001 0 NA
205.00 0.01463 205.1 0.00000 0 -6.500 -0.7692 -6.500 -0.0002 0 NA
210.00 0.01429 210.1 0.00000 0 -6.500 -0.7692 -6.500 -0.0002 0 NA
215.00 0.01395 215.1 0.00000 0 -6.500 -0.7692 -6.500 -0.0001 0 NA
220.00 0.01364 220.1 0.00005 0 -6.500 -0.7692 -6.500 -0.0001 0 NA
225.00 0.01333 225.1 0.00005 0 -6.500 -0.7692 -6.500 -0.0002 0 NA
230.00 0.01304 230.1 0.00007 0 -6.500 -0.7692 -6.500 -0.0001 0 NA
235.00 0.01277 235.1 0.00007 0 -6.500 -0.7692 -6.500 -0.0001 0 NA
240.00 0.01250 240.1 0.00010 0 -6.500 -0.7692 -6.500 -0.0001 0 NA
245.00 0.01224 245.1 0.00014 0 -6.500 -0.7692 -6.500 -0.0002 0 NA
250.00 0.01200 250.1 0.00018 0 -6.500 -0.7692 -6.500 -0.0001 0 NA
255.00 0.01176 255.1 0.00025 0 -6.500 -0.7692 -6.500 -0.0002 0 NA
260.00 0.01154 260.1 0.00034 0 -6.500 -0.7692 -6.500 -0.0002 0 NA
265.00 0.01132 265.1 0.00045 0 -6.500 -0.7692 -6.500 -0.0001 0 NA
270.00 0.01111 270.1 0.00060 0 -6.500 -0.7692 -6.500 -0.0001 0 NA
275.00 0.01091 275.1 0.00079 0 -6.500 -0.7692 -6.500 -0.0001 0 NA
280.00 0.01071 280.1 0.00102 0 -6.500 -0.7692 -6.500 -0.0001 0 NA
285.00 0.01053 285.1 0.00131 0 -6.500 -0.7692 -6.500 -0.0001 0 NA
290.00 0.01034 290.1 0.00165 0 -6.500 -0.7692 -6.500 -0.0002 0 NA
295.00 0.01017 295.1 0.00206 0 -6.500 -0.7692 -6.500 -0.0001 0 NA
300.00 0.01000 300.1 0.00254 0 -6.500 -0.7692 -6.500 -0.0001 0 NA
305.00 0.00984 305.1 0.00309 0 -6.500 -0.7692 -6.500 -0.0001 0 NA
310.00 0.00968 310.1 0.00372 0 -6.500 -0.7692 -6.500 -0.0002 0 NA
315.00 0.00952 315.1 0.00446 0 -6.500 -0.7692 -6.500 -0.0001 0 NA
320.00 0.00937 320.1 0.00526 0 -6.500 -0.7692 -6.500 -0.0001 0 NA
325.00 0.00923 325.1 0.00614 0 -6.500 -0.7692 -6.500 -0.0001 0 NA
330.00 0.00909 330.1 0.00711 0 -6.500 -0.7692 -6.500 -0.0001 0 NA
335.00 0.00896 335.1 0.00815 0 -6.500 -0.7692 -6.500 -0.0002 0 NA
340.00 0.00882 340.1 0.00925 1 -6.500 -0.7692 -6.500 -0.0001 0 NA
0.00 0.02500 0.1 0.00000 0 -7.000 -0.7143 -7.000 -0.0001 0 NA
5.00 0.02500 5.1 0.00000 0 -7.000 -0.7143 -7.000 -0.0001 0 NA
10.00 0.02500 10.1 0.00000 0 -7.000 -0.7143 -7.000 -0.0001 0 NA
15.00 0.02500 15.1 0.00000 0 -7.000 -0.7143 -7.000 -0.0002 0 NA
20.00 0.02500 20.1 0.00000 0 -7.000 -0.7143 -7.000 -0.0002 0 NA
25.00 0.02500 25.0 0.00000 0 -7.000 -0.7143 -6.999 -0.0002 0 NA
30.00 0.02500 30.0 0.00000 0 -7.000 -0.7143 -7.000 -0.0002 0 NA
35.00 0.02500 35.0 0.00000 0 -7.000 -0.7143 -7.000 -0.0001 0 NA
40.00 0.02500 40.0 0.00000 0 -7.000 -0.7143 -7.000 -0.0001 0 NA
45.00 0.02500 45.0 0.00000 0 -7.000 -0.7143 -7.000 -0.0001 0 NA
50.00 0.02500 50.0 0.00000 0 -7.000 -0.7143 -7.000 -0.0002 0 NA
55.00 0.02500 55.0 0.00000 0 -7.000 -0.7143 -7.000 -0.0001 0 NA
60.00 0.02500 60.0 0.00000 0 -7.000 -0.7143 -7.000 -0.0001 0 NA
65.00 0.02500 65.0 0.00000 0 -7.000 -0.7143 -7.000 -0.0002 0 NA
70.00 0.02500 70.0 0.00000 0 -7.000 -0.7143 -7.000 -0.0002 0 NA
75.00 0.02500 75.0 0.00000 0 -7.000 -0.7143 -7.000 -0.0001 0 NA
80.00 0.02500 80.0 0.00000 0 -7.000 -0.7143 -7.000 -0.0002 0 NA
85.00 0.02500 85.1 0.00000 0 -7.000 -0.7143 -7.000 -0.0002 0 NA
90.00 0.02500 90.1 0.00000 0 -7.000 -0.7143 -7.000 -0.0002 0 NA
95.00 0.02500 95.1 0.00000 0 -7.000 -0.7143 -7.000 -0.0001 0 NA
100.00 0.02500 100.0 0.00000 0 -7.000 -0.7143 -7.000 -0.0001 0 NA
105.00 0.02500 105.0 0.00000 0 -7.000 -0.7143 -7.000 -0.0001 0 NA
110.00 0.02500 110.1 0.00000 0 -7.000 -0.7143 -7.000 -0.0001 0 NA
115.00 0.02500 115.1 0.00000 0 -7.000 -0.7143 -7.000 -0.0001 0 NA
120.00 0.02500 120.1 0.00000 0 -7.000 -0.7143 -7.000 -0.0001 0 NA
125.00 0.02400 125.0 0.00000 0 -7.000 -0.7143 -7.000 -0.0002 0 NA
130.00 0.02308 130.1 0.00000 0 -7.000 -0.7143 -7.000 -0.0001 0 NA
135.00 0.02222 135.1 0.00000 0 -7.000 -0.7143 -7.000 -0.0001 0 NA
140.00 0.02143 140.1 0.00000 0 -7.000 -0.7143 -7.000 -0.0001 0 NA
145.00 0.02069 145.1 0.00000 0 -7.000 -0.7143 -7.000 -0.0001 0 NA
150.00 0.02000 150.1 0.00000 0 -7.000 -0.7143 -7.000 -0.0001 0 NA
155.00 0.01935 155.1 0.00000 0 -7.000 -0.7143 -7.000 -0.0001 0 NA
160.00 0.01875 160.1 0.00000 0 -7.000 -0.7143 -7.000 -0.0001 0 NA
165.00 0.01818 165.1 0.00000 0 -7.000 -0.7143 -7.000 -0.0002 0 NA
170.00 0.01765 170.1 0.00000 0 -7.000 -0.7143 -7.000 -0.0001 0 NA
175.00 0.01714 175.1 0.00000 0 -7.000 -0.7143 -7.000 -0.0001 0 NA
180.00 0.01667 180.1 0.00000 0 -7.000 -0.7143 -7.000 -0.0001 0 NA
185.00 0.01622 185.1 0.00000 0 -7.000 -0.7143 -7.000 -0.0001 0 NA
190.00 0.01579 190.1 0.00000 0 -7.000 -0.7143 -7.000 -0.0002 0 NA
195.00 0.01538 195.1 0.00000 0 -7.000 -0.7143 -7.000 -0.0001 0 NA
200.00 0.01500 200.1 0.00000 0 -7.000 -0.7143 -7.000 -0.0002 0 NA
205.00 0.01463 205.1 0.00000 0 -7.000 -0.7143 -7.000 -0.0001 0 NA
210.00 0.01429 210.1 0.00000 0 -7.000 -0.7143 -7.000 -0.0001 0 NA
215.00 0.01395 215.1 0.00000 0 -7.000 -0.7143 -7.000 -0.0002 0 NA
220.00 0.01364 220.1 0.00000 0 -7.000 -0.7143 -7.000 -0.0002 0 NA
225.00 0.01333 225.1 0.00000 0 -7.000 -0.7143 -7.000 -0.0001 0 NA
230.00 0.01304 230.1 0.00000 0 -7.000 -0.7143 -7.000 -0.0001 0 NA
235.00 0.01277 235.1 0.00000 0 -7.000 -0.7143 -7.000 -0.0001 0 NA
240.00 0.01250 240.1 0.00005 0 -7.000 -0.7143 -7.000 -0.0001 0 NA
245.00 0.01224 245.1 0.00006 0 -7.000 -0.7143 -7.000 -0.0002 0 NA
250.00 0.01200 250.1 0.00007 0 -7.000 -0.7143 -7.000 -0.0001 0 NA
255.00 0.01176 255.1 0.00009 0 -7.000 -0.7143 -7.000 -0.0001 0 NA
260.00 0.01154 260.1 0.00012 0 -7.000 -0.7143 -7.000 -0.0002 0 NA
265.00 0.01132 265.1 0.00015 0 -7.000 -0.7143 -7.000 -0.0001 0 NA
270.00 0.01111 270.1 0.00021 0 -7.000 -0.7143 -7.000 -0.0001 0 NA
275.00 0.01091 275.1 0.00028 0 -7.000 -0.7143 -7.000 -0.0001 0 NA
280.00 0.01071 280.1 0.00036 0 -7.000 -0.7143 -7.000 -0.0001 0 NA
285.00 0.01053 285.1 0.00049 0 -7.000 -0.7143 -7.000 -0.0001 0 NA
290.00 0.01034 290.1 0.00063 0 -7.000 -0.7143 -7.000 -0.0001 0 NA
295.00 0.01017 295.1 0.00083 0 -7.000 -0.7143 -7.000 -0.0001 0 NA
300.00 0.01000 300.1 0.00106 0 -7.000 -0.7143 -7.000 -0.0002 0 NA
305.00 0.00984 305.1 0.00134 0 -7.000 -0.7143 -7.000 -0.0001 0 NA
310.00 0.00968 310.1 0.00168 0 -7.000 -0.7143 -7.000 -0.0001 0 NA
315.00 0.00952 315.1 0.00207 0 -7.000 -0.7143 -7.000 -0.0001 0 NA
320.00 0.00937 320.1 0.00254 0 -7.000 -0.7143 -7.000 -0.0001 0 NA
325.00 0.00923 325.1 0.00308 0 -7.000 -0.7143 -7.000 -0.0002 0 NA
330.00 0.00909 330.1 0.00369 0 -7.000 -0.7143 -7.000 -0.0001 0 NA
335.00 0.00896 335.1 0.00438 0 -7.000 -0.7143 -7.000 -0.0001 0 NA
340.00 0.00882 340.1 0.00515 0 -7.000 -0.7143 -7.000 -0.0002 0 NA
345.00 0.00870 345.1 0.00600 0 -7.000 -0.7143 -7.000 -0.0002 0 NA
350.00 0.00857 350.1 0.00690 0 -7.000 -0.7143 -7.000 -0.0001 0 NA
355.00 0.00845 355.1 0.00788 0 -7.000 -0.7143 -7.000 -0.0001 0 NA
360.00 0.00833 360.1 0.00894 1 -7.000 -0.7143 -7.000 -0.0002 0 NA
0.00 0.02500 0.1 0.00000 0 -7.500 -0.6667 -7.499 -0.0001 0 NA
5.00 0.02500 5.1 0.00000 0 -7.500 -0.6667 -7.499 -0.0001 0 NA
10.00 0.02500 10.1 0.00000 0 -7.500 -0.6667 -7.499 -0.0002 0 NA
15.00 0.02500 15.1 0.00000 0 -7.500 -0.6667 -7.499 -0.0001 0 NA
20.00 0.02500 20.1 0.00000 0 -7.500 -0.6667 -7.499 -0.0002 0 NA
25.00 0.02500 25.0 0.00000 0 -7.500 -0.6667 -7.500 -0.0002 0 NA
30.00 0.02500 30.0 0.00000 0 -7.500 -0.6667 -7.499 -0.0001 0 NA
35.00 0.02500 35.0 0.00000 0 -7.500 -0.6667 -7.499 -0.0001 0 NA
40.00 0.02500 40.0 0.00000 0 -7.500 -0.6667 -7.499 -0.0001 0 NA
45.00 0.02500 45.0 0.00000 0 -7.500 -0.6667 -7.499 -0.0001 0 NA
50.00 0.02500 50.0 0.00000 0 -7.500 -0.6667 -7.499 -0.0001 0 NA
55.00 0.02500 55.0 0.00000 0 -7.500 -0.6667 -7.499 -0.0001 0 NA
60.00 0.02500 60.0 0.00000 0 -7.500 -0.6667 -7.499 -0.0001 0 NA
65.00 0.02500 65.0 0.00000 0 -7.500 -0.6667 -7.499 -0.0002 0 NA
70.00 0.02500 70.0 0.00000 0 -7.500 -0.6667 -7.499 -0.0001 0 NA
75.00 0.02500 75.0 0.00000 0 -7.500 -0.6667 -7.499 -0.0001 0 NA
80.00 0.02500 80.0 0.00000 0 -7.500 -0.6667 -7.499 -0.0002 0 NA
85.00 0.02500 85.1 0.00000 0 -7.500 -0.6667 -7.499 -0.0001 0 NA
90.00 0.02500 90.1 0.00000 0 -7.500 -0.6667 -7.499 -0.0002 0 NA
95.00 0.02500 95.1 0.00000 0 -7.500 -0.6667 -7.499 -0.0001 0 NA
100.00 0.02500 100.0 0.00000 0 -7.500 -0.6667 -7.499 -0.0002 0 NA
105.00 0.02500 105.0 0.00000 0 -7.500 -0.6667 -7.499 -0.0001 0 NA
110.00 0.02500 110.1 0.00000 0 -7.500 -0.6667 -7.499 -0.0002 0 NA
115.00 0.02500 115.1 0.00000 0 -7.500 -0.6667 -7.499 -0.0001 0 NA
120.00 0.02500 120.1 0.00000 0 -7.500 -0.6667 -7.499 -0.0001 0 NA
125.00 0.02400 125.1 0.00000 0 -7.500 -0.6667 -7.499 -0.0001 0 NA
130.00 0.02308 130.1 0.00000 0 -7.500 -0.6667 -7.499 -0.0002 0 NA
135.00 0.02222 135.1 0.00000 0 -7.500 -0.6667 -7.499 -0.0001 0 NA
140.00 0.02143 140.1 0.00000 0 -7.500 -0.6667 -7.499 -0.0002 0 NA
145.00 0.02069 145.1 0.00000 0 -7.500 -0.6667 -7.499 -0.0001 0 NA
150.00 0.02000 150.1 0.00000 0 -7.500 -0.6667 -7.499 -0.0001 0 NA
155.00 0.01935 155.1 0.00000 0 -7.500 -0.6667 -7.499 -0.0002 0 NA
160.00 0.01875 160.1 0.00000 0 -7.500 -0.6667 -7.499 -0.0001 0 NA
165.00 0.01818 165.1 0.00000 0 -7.500 -0.6667 -7.499 -0.0001 0 NA
170.00 0.01765 170.1 0.00000 0 -7.500 -0.6667 -7.499 -0.0002 0 NA
175.00 0.01714 175.1 0.00000 0 -7.500 -0.6667 -7.499 -0.0001 0 NA
180.00 0.01667 180.1 0.00000 0 -7.500 -0.6667 -7.499 -0.0001 0 NA
185.00 0.01622 185.1 0.00000 0 -7.500 -0.6667 -7.499 -0.0001 0 NA
190.00 0.01579 190.1 0.00000 0 -7.500 -0.6667 -7.499 -0.0002 0 NA
195.00 0.01538 195.1 0.00000 0 -7.500 -0.6667 -7.499 -0.0001 0 NA
200.00 0.01500 200.1 0.00000 0 -7.500 -0.6667 -7.499 -0.0001 0 NA
205.00 0.01463 205.1 0.00000 0 -7.500 -0.6667 -7.499 -0.0001 0 NA
210.00 0.01429 210.1 0.00000 0 -7.500 -0.6667 -7.499 -0.0001 0 NA
215.00 0.01395 215.1 0.00000 0 -7.500 -0.6667 -7.499 -0.0001 0 NA
220.00 0.01364 220.1 0.00000 0 -7.500 -0.6667 -7.499 -0.0002 0 NA
225.00 0.01333 225.1 0.00000 0 -7.500 -0.6667 -7.499 -0.0001 0 NA
230.00 0.01304 230.1 0.00000 0 -7.500 -0.6667 -7.499 -0.0001 0 NA
235.00 0.01277 235.1 0.00000 0 -7.500 -0.6667 -7.499 -0.0001 0 NA
240.00 0.01250 240.1 0.00000 0 -7.500 -0.6667 -7.499 -0.0001 0 NA
245.00 0.01224 245.1 0.00000 0 -7.500 -0.6667 -7.499 -0.0001 0 NA
250.00 0.01200 250.1 0.00000 0 -7.500 -0.6667 -7.499 -0.0001 0 NA
255.00 0.01176 255.1 0.00005 0 -7.500 -0.6667 -7.499 -0.0002 0 NA
260.00 0.01154 260.1 0.00006 0 -7.500 -0.6667 -7.499 -0.0001 0 NA
265.00 0.01132 265.1 0.00007 0 -7.500 -0.6667 -7.499 -0.0001 0 NA
270.00 0.01111 270.1 0.00008 0 -7.500 -0.6667 -7.499 -0.0001 0 NA
275.00 0.01091 275.1 0.00010 0 -7.500 -0.6667 -7.499 -0.0002 0 NA
280.00 0.01071 280.1 0.00014 0 -7.500 -0.6667 -7.499 -0.0001 0 NA
285.00 0.01053 285.1 0.00018 0 -7.500 -0.6667 -7.499 -0.0001 0 NA
290.00 0.01034 290.1 0.00023 0 -7.500 -0.6667 -7.499 -0.0002 0 NA
295.00 0.01017 295.1 0.00030 0 -7.500 -0.6667 -7.499 -0.0001 0 NA
300.00 0.01000 300.1 0.00040 0 -7.500 -0.6667 -7.499 -0.0002 0 NA
305.00 0.00984 305.1 0.00052 0 -7.500 -0.6667 -7.499 -0.0002 0 NA
310.00 0.00968 310.1 0.00068 0 -7.500 -0.6667 -7.499 -0.0001 0 NA
315.00 0.00952 315.1 0.00087 0 -7.500 -0.6667 -7.499 -0.0001 0 NA
320.00 0.00937 320.1 0.00110 0 -7.500 -0.6667 -7.499 -0.0001 0 NA
325.00 0.00923 325.1 0.00138 0 -7.500 -0.6667 -7.499 -0.0002 0 NA
330.00 0.00909 330.1 0.00170 0 -7.500 -0.6667 -7.499 -0.0002 0 NA
335.00 0.00896 335.1 0.00209 0 -7.500 -0.6667 -7.499 -0.0001 0 NA
340.00 0.00882 340.1 0.00254 0 -7.500 -0.6667 -7.499 -0.0001 0 NA
345.00 0.00870 345.1 0.00306 0 -7.500 -0.6667 -7.499 -0.0001 0 NA
350.00 0.00857 350.1 0.00366 0 -7.500 -0.6667 -7.499 -0.0002 0 NA
355.00 0.00845 355.1 0.00431 0 -7.500 -0.6667 -7.499 -0.0001 0 NA
360.00 0.00833 360.1 0.00504 0 -7.500 -0.6667 -7.499 -0.0001 0 NA
365.00 0.00822 365.1 0.00585 0 -7.500 -0.6667 -7.499 -0.0002 0 NA
370.00 0.00811 370.1 0.00671 0 -7.500 -0.6667 -7.499 -0.0001 0 NA
375.00 0.00800 375.1 0.00763 0 -7.500 -0.6667 -7.499 -0.0002 0 NA
380.00 0.00789 380.1 0.00865 1 -7.500 -0.6667 -7.499 -0.0001 0 NA
0.00 0.02500 0.1 0.00000 0 -8.000 -0.6250 -7.999 -0.0002 0 NA
5.00 0.02500 5.1 0.00000 0 -8.000 -0.6250 -7.999 -0.0001 0 NA
10.00 0.02500 10.1 0.00000 0 -8.000 -0.6250 -7.999 -0.0002 0 NA
15.00 0.02500 15.1 0.00000 0 -8.000 -0.6250 -7.999 -0.0001 0 NA
20.00 0.02500 20.1 0.00000 0 -8.000 -0.6250 -7.999 -0.0001 0 NA
25.00 0.02500 25.0 0.00000 0 -8.000 -0.6250 -7.999 -0.0002 0 NA
30.00 0.02500 30.1 0.00000 0 -8.000 -0.6250 -7.999 -0.0002 0 NA
35.00 0.02500 35.0 0.00000 0 -8.000 -0.6250 -7.999 -0.0001 0 NA
40.00 0.02500 40.0 0.00000 0 -8.000 -0.6250 -7.999 -0.0001 0 NA
45.00 0.02500 45.0 0.00000 0 -8.000 -0.6250 -7.999 -0.0001 0 NA
50.00 0.02500 50.0 0.00000 0 -8.000 -0.6250 -7.999 -0.0001 0 NA
55.00 0.02500 55.0 0.00000 0 -8.000 -0.6250 -7.999 -0.0001 0 NA
60.00 0.02500 60.0 0.00000 0 -8.000 -0.6250 -7.999 -0.0001 0 NA
65.00 0.02500 65.0 0.00000 0 -8.000 -0.6250 -7.999 -0.0002 0 NA
70.00 0.02500 70.0 0.00000 0 -8.000 -0.6250 -7.999 -0.0001 0 NA
75.00 0.02500 75.0 0.00000 0 -8.000 -0.6250 -7.999 -0.0001 0 NA
80.00 0.02500 80.0 0.00000 0 -8.000 -0.6250 -7.999 -0.0001 0 NA
85.00 0.02500 85.1 0.00000 0 -8.000 -0.6250 -7.999 -0.0001 0 NA
90.00 0.02500 90.1 0.00000 0 -8.000 -0.6250 -7.999 -0.0001 0 NA
95.00 0.02500 95.1 0.00000 0 -8.000 -0.6250 -7.999 -0.0001 0 NA
100.00 0.02500 100.0 0.00000 0 -8.000 -0.6250 -7.999 -0.0001 0 NA
105.00 0.02500 105.0 0.00000 0 -8.000 -0.6250 -7.999 -0.0001 0 NA
110.00 0.02500 110.1 0.00000 0 -8.000 -0.6250 -7.999 -0.0001 0 NA
115.00 0.02500 115.1 0.00000 0 -8.000 -0.6250 -7.999 -0.0002 0 NA
120.00 0.02500 120.1 0.00000 0 -8.000 -0.6250 -7.999 -0.0001 0 NA
125.00 0.02400 125.1 0.00000 0 -8.000 -0.6250 -7.999 -0.0002 0 NA
130.00 0.02308 130.1 0.00000 0 -8.000 -0.6250 -7.999 -0.0001 0 NA
135.00 0.02222 135.1 0.00000 0 -8.000 -0.6250 -7.999 -0.0001 0 NA
140.00 0.02143 140.1 0.00000 0 -8.000 -0.6250 -7.999 -0.0001 0 NA
145.00 0.02069 145.1 0.00000 0 -8.000 -0.6250 -7.999 -0.0001 0 NA
150.00 0.02000 150.1 0.00000 0 -8.000 -0.6250 -7.999 -0.0001 0 NA
155.00 0.01935 155.1 0.00000 0 -8.000 -0.6250 -7.999 -0.0001 0 NA
160.00 0.01875 160.1 0.00000 0 -8.000 -0.6250 -7.999 -0.0001 0 NA
165.00 0.01818 165.1 0.00000 0 -8.000 -0.6250 -7.999 -0.0001 0 NA
170.00 0.01765 170.1 0.00000 0 -8.000 -0.6250 -7.999 -0.0001 0 NA
175.00 0.01714 175.1 0.00000 0 -8.000 -0.6250 -7.999 -0.0001 0 NA
180.00 0.01667 180.1 0.00000 0 -8.000 -0.6250 -7.999 -0.0001 0 NA
185.00 0.01622 185.1 0.00000 0 -8.000 -0.6250 -7.999 -0.0001 0 NA
190.00 0.01579 190.1 0.00000 0 -8.000 -0.6250 -7.999 -0.0001 0 NA
195.00 0.01538 195.1 0.00000 0 -8.000 -0.6250 -7.999 -0.0002 0 NA
200.00 0.01500 200.1 0.00000 0 -8.000 -0.6250 -7.999 -0.0001 0 NA
205.00 0.01463 205.1 0.00000 0 -8.000 -0.6250 -7.999 -0.0001 0 NA
210.00 0.01429 210.1 0.00000 0 -8.000 -0.6250 -7.999 -0.0002 0 NA
215.00 0.01395 215.1 0.00000 0 -8.000 -0.6250 -7.999 -0.0001 0 NA
220.00 0.01364 220.1 0.00000 0 -8.000 -0.6250 -7.999 -0.0001 0 NA
225.00 0.01333 225.1 0.00000 0 -8.000 -0.6250 -7.999 -0.0001 0 NA
230.00 0.01304 230.1 0.00000 0 -8.000 -0.6250 -7.999 -0.0001 0 NA
235.00 0.01277 235.1 0.00000 0 -8.000 -0.6250 -7.999 -0.0001 0 NA
240.00 0.01250 240.1 0.00000 0 -8.000 -0.6250 -7.999 -0.0002 0 NA
245.00 0.01224 245.1 0.00000 0 -8.000 -0.6250 -7.999 -0.0002 0 NA
250.00 0.01200 250.1 0.00000 0 -8.000 -0.6250 -7.999 -0.0001 0 NA
255.00 0.01176 255.1 0.00000 0 -8.000 -0.6250 -7.999 -0.0002 0 NA
260.00 0.01154 260.1 0.00000 0 -8.000 -0.6250 -7.999 -0.0002 0 NA
265.00 0.01132 265.1 0.00000 0 -8.000 -0.6250 -7.999 -0.0001 0 NA
270.00 0.01111 270.1 0.00005 0 -8.000 -0.6250 -7.999 -0.0002 0 NA
275.00 0.01091 275.1 0.00005 0 -8.000 -0.6250 -7.999 -0.0001 0 NA
280.00 0.01071 280.1 0.00006 0 -8.000 -0.6250 -7.999 -0.0001 0 NA
285.00 0.01053 285.1 0.00007 0 -8.000 -0.6250 -7.999 -0.0001 0 NA
290.00 0.01034 290.1 0.00009 0 -8.000 -0.6250 -7.999 -0.0001 0 NA
295.00 0.01017 295.1 0.00012 0 -8.000 -0.6250 -7.999 -0.0001 0 NA
300.00 0.01000 300.1 0.00015 0 -8.000 -0.6250 -7.999 -0.0001 0 NA
305.00 0.00984 305.1 0.00020 0 -8.000 -0.6250 -7.999 -0.0001 0 NA
310.00 0.00968 310.1 0.00026 0 -8.000 -0.6250 -7.999 -0.0001 0 NA
315.00 0.00952 315.1 0.00034 0 -8.000 -0.6250 -7.999 -0.0002 0 NA
320.00 0.00937 320.1 0.00043 0 -8.000 -0.6250 -7.999 -0.0001 0 NA
325.00 0.00923 325.1 0.00056 0 -8.000 -0.6250 -7.999 -0.0001 0 NA
330.00 0.00909 330.1 0.00072 0 -8.000 -0.6250 -7.999 -0.0002 0 NA
335.00 0.00896 335.1 0.00092 0 -8.000 -0.6250 -7.999 -0.0001 0 NA
340.00 0.00882 340.1 0.00114 0 -8.000 -0.6250 -8.000 -0.0001 0 NA
345.00 0.00870 345.1 0.00142 0 -8.000 -0.6250 -7.999 -0.0002 0 NA
350.00 0.00857 350.1 0.00174 0 -8.000 -0.6250 -7.999 -0.0001 0 NA
355.00 0.00845 355.1 0.00212 0 -8.000 -0.6250 -7.999 -0.0001 0 NA
360.00 0.00833 360.1 0.00255 0 -8.000 -0.6250 -7.999 -0.0001 0 NA
365.00 0.00822 365.1 0.00306 0 -8.000 -0.6250 -7.999 -0.0001 0 NA
370.00 0.00811 370.1 0.00362 0 -8.000 -0.6250 -7.999 -0.0002 0 NA
375.00 0.00800 375.1 0.00418 0 -8.000 -0.6250 -7.999 -0.0001 0 NA
380.00 0.00789 380.1 0.00487 0 -8.000 -0.6250 -7.999 -0.0002 0 NA
385.00 0.00779 385.1 0.00563 0 -8.000 -0.6250 -7.999 -0.0001 0 NA
390.00 0.00769 390.1 0.00644 0 -8.000 -0.6250 -7.999 -0.0002 0 NA
395.00 0.00759 395.1 0.00730 0 -8.000 -0.6250 -7.999 -0.0001 0 NA
400.00 0.00750 400.1 0.00825 1 -8.000 -0.6250 -7.999 -0.0002 0 NA
