% * Sample: E180F_11
% * Date / time: 2024-02-03 10:42:52.484735
% * R2CONTROL =  NOT SPECIFIED
% Column 1:  PSU1 nominal voltage setting (V)
% Column 2:  PSU1 nominal current setting (A)
% Column 3:  PSU1 voltage measurement (V)
% Column 4:  PSU1 current measurement (I)
% Column 5:  PSU1 limiter flag
% Column 6:  PSU2 nominal voltage setting (V)
% Column 7:  PSU2 nominal current setting (A)
% Column 8:  PSU2 voltage measurement (V)
% Column 9:  PSU2 current measurement (I)
% Column 10: PSU2 limiter flag
% Column 11: Heaterblock temperature (°C)
% * OPERATING POINT AT END OF PREHEAT / IDLE: U1 = 200.1 V  I1 = 0.00999 A  U2 = -2.421 V  I2 = -0.0002 A  T = NA °C
0.00 0.02500 0.1 0.00000 0 -0.000 -1.0000 -0.000 -0.0001 0 NA
5.00 0.02500 5.1 0.00000 0 -0.000 -1.0000 -0.000 -0.0001 0 NA
10.00 0.02500 10.1 0.00005 0 -0.000 -1.0000 -0.000 -0.0001 0 NA
15.00 0.02500 15.1 0.00008 0 -0.000 -1.0000 -0.000 -0.0002 0 NA
20.00 0.02500 20.1 0.00014 0 -0.000 -1.0000 -0.000 -0.0001 0 NA
25.00 0.02500 25.1 0.00027 0 -0.000 -1.0000 -0.000 -0.0001 0 NA
30.00 0.02500 30.1 0.00049 0 -0.000 -1.0000 -0.000 -0.0001 0 NA
35.00 0.02500 35.1 0.00085 0 -0.000 -1.0000 -0.000 -0.0001 0 NA
40.00 0.02500 40.0 0.00137 0 -0.000 -1.0000 -0.000 -0.0002 0 NA
45.00 0.02500 45.0 0.00205 0 -0.000 -1.0000 -0.000 -0.0001 0 NA
50.00 0.02500 50.0 0.00294 0 -0.000 -1.0000 -0.000 -0.0002 0 NA
55.00 0.02500 55.0 0.00400 0 -0.000 -1.0000 -0.000 -0.0001 0 NA
60.00 0.02500 60.0 0.00525 0 -0.000 -1.0000 -0.000 -0.0001 0 NA
65.00 0.02500 65.0 0.00671 0 -0.000 -1.0000 -0.000 -0.0001 0 NA
70.00 0.02500 70.0 0.00834 0 -0.000 -1.0000 -0.000 -0.0001 0 NA
75.00 0.02500 75.0 0.01009 0 -0.000 -1.0000 -0.000 -0.0001 0 NA
80.00 0.02500 80.1 0.01195 0 -0.000 -1.0000 -0.000 -0.0001 0 NA
85.00 0.02500 85.1 0.01386 0 -0.000 -1.0000 -0.000 -0.0002 0 NA
90.00 0.02500 90.1 0.01581 0 -0.000 -1.0000 -0.000 -0.0002 0 NA
95.00 0.02500 95.1 0.01780 0 -0.000 -1.0000 -0.000 -0.0001 0 NA
100.00 0.02500 100.1 0.01985 0 -0.000 -1.0000 -0.000 -0.0001 0 NA
105.00 0.02500 105.1 0.02190 0 -0.000 -1.0000 -0.000 -0.0001 0 NA
110.00 0.02500 101.0 0.02001 1 -0.000 -1.0000 -0.000 -0.0001 0 NA
0.00 0.02500 0.1 0.00000 0 -0.500 -1.0000 -0.499 -0.0002 0 NA
5.00 0.02500 5.1 0.00000 0 -0.500 -1.0000 -0.499 -0.0002 0 NA
10.00 0.02500 10.1 0.00000 0 -0.500 -1.0000 -0.499 -0.0002 0 NA
15.00 0.02500 15.1 0.00000 0 -0.500 -1.0000 -0.499 -0.0001 0 NA
20.00 0.02500 20.1 0.00000 0 -0.500 -1.0000 -0.499 -0.0001 0 NA
25.00 0.02500 25.1 0.00005 0 -0.500 -1.0000 -0.499 -0.0002 0 NA
30.00 0.02500 30.1 0.00006 0 -0.500 -1.0000 -0.499 -0.0001 0 NA
35.00 0.02500 35.1 0.00008 0 -0.500 -1.0000 -0.499 -0.0001 0 NA
40.00 0.02500 40.0 0.00014 0 -0.500 -1.0000 -0.499 -0.0002 0 NA
45.00 0.02500 45.0 0.00022 0 -0.500 -1.0000 -0.499 -0.0001 0 NA
50.00 0.02500 50.0 0.00039 0 -0.500 -1.0000 -0.499 -0.0001 0 NA
55.00 0.02500 55.0 0.00064 0 -0.500 -1.0000 -0.499 -0.0002 0 NA
60.00 0.02500 60.0 0.00101 0 -0.500 -1.0000 -0.499 -0.0002 0 NA
65.00 0.02500 65.0 0.00152 0 -0.500 -1.0000 -0.499 -0.0002 0 NA
70.00 0.02500 70.0 0.00218 0 -0.500 -1.0000 -0.499 -0.0001 0 NA
75.00 0.02500 75.0 0.00299 0 -0.500 -1.0000 -0.499 -0.0002 0 NA
80.00 0.02500 80.1 0.00397 0 -0.500 -1.0000 -0.499 -0.0002 0 NA
85.00 0.02500 85.1 0.00511 0 -0.500 -1.0000 -0.499 -0.0001 0 NA
90.00 0.02500 90.1 0.00641 0 -0.500 -1.0000 -0.499 -0.0001 0 NA
95.00 0.02500 95.1 0.00787 0 -0.500 -1.0000 -0.499 -0.0002 0 NA
100.00 0.02500 100.1 0.00951 0 -0.500 -1.0000 -0.500 -0.0002 0 NA
105.00 0.02500 105.1 0.01123 0 -0.500 -1.0000 -0.499 -0.0001 0 NA
110.00 0.02500 110.1 0.01304 0 -0.500 -1.0000 -0.499 -0.0001 0 NA
115.00 0.02500 115.1 0.01490 0 -0.500 -1.0000 -0.499 -0.0002 0 NA
120.00 0.02500 120.1 0.01683 0 -0.500 -1.0000 -0.499 -0.0001 0 NA
125.00 0.02400 125.1 0.01876 0 -0.500 -1.0000 -0.499 -0.0001 0 NA
130.00 0.02308 130.1 0.02072 0 -0.500 -1.0000 -0.499 -0.0002 0 NA
135.00 0.02222 128.8 0.02001 1 -0.500 -1.0000 -0.499 -0.0001 0 NA
0.00 0.02500 0.1 0.00000 0 -1.000 -1.0000 -1.000 -0.0002 0 NA
5.00 0.02500 5.1 0.00000 0 -1.000 -1.0000 -1.000 -0.0001 0 NA
10.00 0.02500 10.1 0.00000 0 -1.000 -1.0000 -1.000 -0.0001 0 NA
15.00 0.02500 15.1 0.00000 0 -1.000 -1.0000 -0.999 -0.0001 0 NA
20.00 0.02500 20.1 0.00000 0 -1.000 -1.0000 -1.000 -0.0001 0 NA
25.00 0.02500 25.1 0.00000 0 -1.000 -1.0000 -1.000 -0.0002 0 NA
30.00 0.02500 30.1 0.00000 0 -1.000 -1.0000 -1.000 -0.0001 0 NA
35.00 0.02500 35.1 0.00000 0 -1.000 -1.0000 -0.999 -0.0002 0 NA
40.00 0.02500 40.0 0.00000 0 -1.000 -1.0000 -0.999 -0.0001 0 NA
45.00 0.02500 45.0 0.00000 0 -1.000 -1.0000 -1.000 -0.0002 0 NA
50.00 0.02500 50.0 0.00006 0 -1.000 -1.0000 -0.999 -0.0002 0 NA
55.00 0.02500 55.0 0.00007 0 -1.000 -1.0000 -0.999 -0.0002 0 NA
60.00 0.02500 60.0 0.00012 0 -1.000 -1.0000 -0.999 -0.0002 0 NA
65.00 0.02500 65.0 0.00019 0 -1.000 -1.0000 -0.999 -0.0001 0 NA
70.00 0.02500 70.0 0.00030 0 -1.000 -1.0000 -1.000 -0.0001 0 NA
75.00 0.02500 75.0 0.00049 0 -1.000 -1.0000 -1.000 -0.0001 0 NA
80.00 0.02500 80.1 0.00077 0 -1.000 -1.0000 -0.999 -0.0001 0 NA
85.00 0.02500 85.1 0.00115 0 -1.000 -1.0000 -0.999 -0.0001 0 NA
90.00 0.02500 90.1 0.00165 0 -1.000 -1.0000 -0.999 -0.0001 0 NA
95.00 0.02500 95.1 0.00228 0 -1.000 -1.0000 -1.000 -0.0001 0 NA
100.00 0.02500 100.1 0.00305 0 -1.000 -1.0000 -0.999 -0.0001 0 NA
105.00 0.02500 105.1 0.00397 0 -1.000 -1.0000 -1.000 -0.0002 0 NA
110.00 0.02500 110.1 0.00504 0 -1.000 -1.0000 -1.000 -0.0001 0 NA
115.00 0.02500 115.1 0.00624 0 -1.000 -1.0000 -1.000 -0.0001 0 NA
120.00 0.02500 120.1 0.00758 0 -1.000 -1.0000 -1.000 -0.0002 0 NA
125.00 0.02400 125.1 0.00907 0 -1.000 -1.0000 -1.000 -0.0002 0 NA
130.00 0.02308 130.1 0.01067 0 -1.000 -1.0000 -1.000 -0.0001 0 NA
135.00 0.02222 135.1 0.01236 0 -1.000 -1.0000 -0.999 -0.0001 0 NA
140.00 0.02143 140.1 0.01415 0 -1.000 -1.0000 -0.999 -0.0001 0 NA
145.00 0.02069 145.1 0.01596 0 -1.000 -1.0000 -1.000 -0.0002 0 NA
150.00 0.02000 150.1 0.01781 0 -1.000 -1.0000 -1.000 -0.0002 0 NA
155.00 0.01935 155.1 0.01970 1 -1.000 -1.0000 -1.000 -0.0001 0 NA
0.00 0.02500 0.1 0.00000 0 -1.500 -1.0000 -1.500 -0.0001 0 NA
5.00 0.02500 5.1 0.00000 0 -1.500 -1.0000 -1.499 -0.0001 0 NA
10.00 0.02500 10.1 0.00000 0 -1.500 -1.0000 -1.499 -0.0001 0 NA
15.00 0.02500 15.1 0.00000 0 -1.500 -1.0000 -1.499 -0.0001 0 NA
20.00 0.02500 20.1 0.00000 0 -1.500 -1.0000 -1.499 -0.0001 0 NA
25.00 0.02500 25.1 0.00000 0 -1.500 -1.0000 -1.499 -0.0002 0 NA
30.00 0.02500 30.1 0.00000 0 -1.500 -1.0000 -1.499 -0.0002 0 NA
35.00 0.02500 35.1 0.00000 0 -1.500 -1.0000 -1.500 -0.0002 0 NA
40.00 0.02500 40.0 0.00000 0 -1.500 -1.0000 -1.499 -0.0002 0 NA
45.00 0.02500 45.0 0.00000 0 -1.500 -1.0000 -1.499 -0.0001 0 NA
50.00 0.02500 50.0 0.00000 0 -1.500 -1.0000 -1.499 -0.0002 0 NA
55.00 0.02500 55.0 0.00000 0 -1.500 -1.0000 -1.499 -0.0002 0 NA
60.00 0.02500 60.0 0.00000 0 -1.500 -1.0000 -1.500 -0.0001 0 NA
65.00 0.02500 65.0 0.00000 0 -1.500 -1.0000 -1.499 -0.0001 0 NA
70.00 0.02500 70.0 0.00005 0 -1.500 -1.0000 -1.499 -0.0002 0 NA
75.00 0.02500 75.0 0.00007 0 -1.500 -1.0000 -1.499 -0.0002 0 NA
80.00 0.02500 80.1 0.00010 0 -1.500 -1.0000 -1.499 -0.0002 0 NA
85.00 0.02500 85.1 0.00016 0 -1.500 -1.0000 -1.499 -0.0001 0 NA
90.00 0.02500 90.1 0.00024 0 -1.500 -1.0000 -1.499 -0.0002 0 NA
95.00 0.02500 95.1 0.00038 0 -1.500 -1.0000 -1.499 -0.0002 0 NA
100.00 0.02500 100.1 0.00059 0 -1.500 -1.0000 -1.499 -0.0002 0 NA
105.00 0.02500 105.1 0.00087 0 -1.500 -1.0000 -1.499 -0.0002 0 NA
110.00 0.02500 110.1 0.00126 0 -1.500 -1.0000 -1.500 -0.0001 0 NA
115.00 0.02500 115.1 0.00175 0 -1.500 -1.0000 -1.499 -0.0001 0 NA
120.00 0.02500 120.1 0.00236 0 -1.500 -1.0000 -1.499 -0.0001 0 NA
125.00 0.02400 125.1 0.00310 0 -1.500 -1.0000 -1.499 -0.0001 0 NA
130.00 0.02308 130.1 0.00397 0 -1.500 -1.0000 -1.500 -0.0002 0 NA
135.00 0.02222 135.1 0.00496 0 -1.500 -1.0000 -1.499 -0.0002 0 NA
140.00 0.02143 140.1 0.00609 0 -1.500 -1.0000 -1.499 -0.0001 0 NA
145.00 0.02069 145.1 0.00732 0 -1.500 -1.0000 -1.499 -0.0002 0 NA
150.00 0.02000 150.1 0.00868 0 -1.500 -1.0000 -1.499 -0.0001 0 NA
155.00 0.01935 155.1 0.01017 0 -1.500 -1.0000 -1.499 -0.0001 0 NA
160.00 0.01875 160.1 0.01175 0 -1.500 -1.0000 -1.500 -0.0002 0 NA
165.00 0.01818 165.1 0.01341 0 -1.500 -1.0000 -1.499 -0.0001 0 NA
170.00 0.01765 170.1 0.01515 0 -1.500 -1.0000 -1.499 -0.0002 0 NA
175.00 0.01714 175.1 0.01696 0 -1.500 -1.0000 -1.499 -0.0001 0 NA
180.00 0.01667 180.1 0.01878 1 -1.500 -1.0000 -1.500 -0.0001 0 NA
0.00 0.02500 0.1 0.00000 0 -2.000 -1.0000 -2.000 -0.0001 0 NA
5.00 0.02500 5.1 0.00000 0 -2.000 -1.0000 -1.999 -0.0001 0 NA
10.00 0.02500 10.1 0.00000 0 -2.000 -1.0000 -1.999 -0.0002 0 NA
15.00 0.02500 15.1 0.00000 0 -2.000 -1.0000 -1.999 -0.0001 0 NA
20.00 0.02500 20.1 0.00000 0 -2.000 -1.0000 -1.999 -0.0002 0 NA
25.00 0.02500 25.1 0.00000 0 -2.000 -1.0000 -1.999 -0.0002 0 NA
30.00 0.02500 30.1 0.00000 0 -2.000 -1.0000 -1.999 -0.0001 0 NA
35.00 0.02500 35.1 0.00000 0 -2.000 -1.0000 -1.999 -0.0002 0 NA
40.00 0.02500 40.0 0.00000 0 -2.000 -1.0000 -1.999 -0.0002 0 NA
45.00 0.02500 45.0 0.00000 0 -2.000 -1.0000 -1.999 -0.0002 0 NA
50.00 0.02500 50.0 0.00000 0 -2.000 -1.0000 -1.999 -0.0001 0 NA
55.00 0.02500 55.0 0.00000 0 -2.000 -1.0000 -1.999 -0.0001 0 NA
60.00 0.02500 60.0 0.00000 0 -2.000 -1.0000 -1.999 -0.0002 0 NA
65.00 0.02500 65.0 0.00000 0 -2.000 -1.0000 -1.999 -0.0002 0 NA
70.00 0.02500 70.0 0.00000 0 -2.000 -1.0000 -1.999 -0.0002 0 NA
75.00 0.02500 75.0 0.00000 0 -2.000 -1.0000 -2.000 -0.0001 0 NA
80.00 0.02500 80.1 0.00000 0 -2.000 -1.0000 -1.999 -0.0001 0 NA
85.00 0.02500 85.1 0.00000 0 -2.000 -1.0000 -1.999 -0.0002 0 NA
90.00 0.02500 90.1 0.00005 0 -2.000 -1.0000 -1.999 -0.0002 0 NA
95.00 0.02500 95.1 0.00007 0 -2.000 -1.0000 -2.000 -0.0002 0 NA
100.00 0.02500 100.1 0.00009 0 -2.000 -1.0000 -2.000 -0.0002 0 NA
105.00 0.02500 105.1 0.00014 0 -2.000 -1.0000 -1.999 -0.0001 0 NA
110.00 0.02500 110.1 0.00020 0 -2.000 -1.0000 -2.000 -0.0002 0 NA
115.00 0.02500 115.1 0.00030 0 -2.000 -1.0000 -1.999 -0.0001 0 NA
120.00 0.02500 120.1 0.00046 0 -2.000 -1.0000 -1.999 -0.0001 0 NA
125.00 0.02400 125.1 0.00068 0 -2.000 -1.0000 -1.999 -0.0002 0 NA
130.00 0.02308 130.1 0.00098 0 -2.000 -1.0000 -1.999 -0.0002 0 NA
135.00 0.02222 135.1 0.00137 0 -2.000 -1.0000 -1.999 -0.0001 0 NA
140.00 0.02143 140.1 0.00186 0 -2.000 -1.0000 -1.999 -0.0001 0 NA
145.00 0.02069 145.1 0.00246 0 -2.000 -1.0000 -1.999 -0.0002 0 NA
150.00 0.02000 150.1 0.00318 0 -2.000 -1.0000 -1.999 -0.0002 0 NA
155.00 0.01935 155.1 0.00400 0 -2.000 -1.0000 -1.999 -0.0001 0 NA
160.00 0.01875 160.1 0.00496 0 -2.000 -1.0000 -1.999 -0.0002 0 NA
165.00 0.01818 165.1 0.00601 0 -2.000 -1.0000 -1.999 -0.0001 0 NA
170.00 0.01765 170.1 0.00716 0 -2.000 -1.0000 -2.000 -0.0002 0 NA
175.00 0.01714 175.1 0.00845 0 -2.000 -1.0000 -1.999 -0.0002 0 NA
180.00 0.01667 180.1 0.00982 0 -2.000 -1.0000 -2.000 -0.0002 0 NA
185.00 0.01622 185.1 0.01128 0 -2.000 -1.0000 -1.999 -0.0001 0 NA
190.00 0.01579 190.1 0.01285 0 -2.000 -1.0000 -1.999 -0.0001 0 NA
195.00 0.01538 195.1 0.01454 0 -2.000 -1.0000 -1.999 -0.0002 0 NA
200.00 0.01500 200.1 0.01624 1 -2.000 -1.0000 -1.999 -0.0002 0 NA
0.00 0.02500 0.1 0.00000 0 -2.500 -1.0000 -2.499 -0.0001 0 NA
5.00 0.02500 5.1 0.00000 0 -2.500 -1.0000 -2.499 -0.0001 0 NA
10.00 0.02500 10.1 0.00000 0 -2.500 -1.0000 -2.499 -0.0001 0 NA
15.00 0.02500 15.1 0.00000 0 -2.500 -1.0000 -2.499 -0.0001 0 NA
20.00 0.02500 20.1 0.00000 0 -2.500 -1.0000 -2.499 -0.0001 0 NA
25.00 0.02500 25.1 0.00000 0 -2.500 -1.0000 -2.499 -0.0002 0 NA
30.00 0.02500 30.1 0.00000 0 -2.500 -1.0000 -2.499 -0.0001 0 NA
35.00 0.02500 35.1 0.00000 0 -2.500 -1.0000 -2.499 -0.0001 0 NA
40.00 0.02500 40.0 0.00000 0 -2.500 -1.0000 -2.499 -0.0001 0 NA
45.00 0.02500 45.0 0.00000 0 -2.500 -1.0000 -2.499 -0.0002 0 NA
50.00 0.02500 50.0 0.00000 0 -2.500 -1.0000 -2.499 -0.0001 0 NA
55.00 0.02500 55.0 0.00000 0 -2.500 -1.0000 -2.499 -0.0001 0 NA
60.00 0.02500 60.0 0.00000 0 -2.500 -1.0000 -2.499 -0.0001 0 NA
65.00 0.02500 65.0 0.00000 0 -2.500 -1.0000 -2.499 -0.0001 0 NA
70.00 0.02500 70.0 0.00000 0 -2.500 -1.0000 -2.499 -0.0002 0 NA
75.00 0.02500 75.0 0.00000 0 -2.500 -1.0000 -2.499 -0.0001 0 NA
80.00 0.02500 80.1 0.00000 0 -2.500 -1.0000 -2.499 -0.0002 0 NA
85.00 0.02500 85.1 0.00000 0 -2.500 -1.0000 -2.499 -0.0001 0 NA
90.00 0.02500 90.1 0.00000 0 -2.500 -1.0000 -2.499 -0.0001 0 NA
95.00 0.02500 95.1 0.00000 0 -2.500 -1.0000 -2.499 -0.0001 0 NA
100.00 0.02500 100.1 0.00000 0 -2.500 -1.0000 -2.499 -0.0001 0 NA
105.00 0.02500 105.1 0.00000 0 -2.500 -1.0000 -2.499 -0.0001 0 NA
110.00 0.02500 110.1 0.00005 0 -2.500 -1.0000 -2.499 -0.0001 0 NA
115.00 0.02500 115.1 0.00006 0 -2.500 -1.0000 -2.499 -0.0002 0 NA
120.00 0.02500 120.1 0.00008 0 -2.500 -1.0000 -2.499 -0.0001 0 NA
125.00 0.02400 125.1 0.00012 0 -2.500 -1.0000 -2.499 -0.0001 0 NA
130.00 0.02308 130.1 0.00017 0 -2.500 -1.0000 -2.499 -0.0001 0 NA
135.00 0.02222 135.1 0.00025 0 -2.500 -1.0000 -2.499 -0.0001 0 NA
140.00 0.02143 140.1 0.00037 0 -2.500 -1.0000 -2.499 -0.0002 0 NA
145.00 0.02069 145.1 0.00055 0 -2.500 -1.0000 -2.499 -0.0002 0 NA
150.00 0.02000 150.1 0.00078 0 -2.500 -1.0000 -2.499 -0.0001 0 NA
155.00 0.01935 155.1 0.00109 0 -2.500 -1.0000 -2.499 -0.0002 0 NA
160.00 0.01875 160.1 0.00149 0 -2.500 -1.0000 -2.499 -0.0001 0 NA
165.00 0.01818 165.1 0.00198 0 -2.500 -1.0000 -2.499 -0.0001 0 NA
170.00 0.01765 170.1 0.00257 0 -2.500 -1.0000 -2.499 -0.0001 0 NA
175.00 0.01714 175.1 0.00326 0 -2.500 -1.0000 -2.499 -0.0001 0 NA
180.00 0.01667 180.1 0.00406 0 -2.500 -1.0000 -2.499 -0.0001 0 NA
185.00 0.01622 185.1 0.00496 0 -2.500 -1.0000 -2.499 -0.0001 0 NA
190.00 0.01579 190.1 0.00597 0 -2.500 -1.0000 -2.499 -0.0001 0 NA
195.00 0.01538 195.1 0.00706 0 -2.500 -1.0000 -2.499 -0.0001 0 NA
200.00 0.01500 200.1 0.00825 0 -2.500 -1.0000 -2.499 -0.0002 0 NA
205.00 0.01463 205.1 0.00958 0 -2.500 -1.0000 -2.499 -0.0001 0 NA
210.00 0.01429 210.1 0.01095 0 -2.500 -1.0000 -2.499 -0.0001 0 NA
215.00 0.01395 215.1 0.01243 0 -2.500 -1.0000 -2.499 -0.0001 0 NA
220.00 0.01364 220.1 0.01404 1 -2.500 -1.0000 -2.499 -0.0002 0 NA
0.00 0.02500 0.1 0.00000 0 -3.000 -1.0000 -3.000 -0.0001 0 NA
5.00 0.02500 5.1 0.00000 0 -3.000 -1.0000 -3.000 -0.0001 0 NA
10.00 0.02500 10.1 0.00000 0 -3.000 -1.0000 -3.000 -0.0002 0 NA
15.00 0.02500 15.1 0.00000 0 -3.000 -1.0000 -3.000 -0.0002 0 NA
20.00 0.02500 20.1 0.00000 0 -3.000 -1.0000 -3.000 -0.0001 0 NA
25.00 0.02500 25.1 0.00000 0 -3.000 -1.0000 -3.000 -0.0002 0 NA
30.00 0.02500 30.1 0.00000 0 -3.000 -1.0000 -3.000 -0.0002 0 NA
35.00 0.02500 35.1 0.00000 0 -3.000 -1.0000 -3.000 -0.0001 0 NA
40.00 0.02500 40.0 0.00000 0 -3.000 -1.0000 -3.000 -0.0002 0 NA
45.00 0.02500 45.0 0.00000 0 -3.000 -1.0000 -3.000 -0.0002 0 NA
50.00 0.02500 50.0 0.00000 0 -3.000 -1.0000 -3.000 -0.0001 0 NA
55.00 0.02500 55.0 0.00000 0 -3.000 -1.0000 -3.000 -0.0001 0 NA
60.00 0.02500 60.0 0.00000 0 -3.000 -1.0000 -3.000 -0.0002 0 NA
65.00 0.02500 65.0 0.00000 0 -3.000 -1.0000 -3.000 -0.0001 0 NA
70.00 0.02500 70.0 0.00000 0 -3.000 -1.0000 -3.000 -0.0002 0 NA
75.00 0.02500 75.0 0.00000 0 -3.000 -1.0000 -3.000 -0.0002 0 NA
80.00 0.02500 80.1 0.00000 0 -3.000 -1.0000 -3.000 -0.0001 0 NA
85.00 0.02500 85.1 0.00000 0 -3.000 -1.0000 -3.000 -0.0001 0 NA
90.00 0.02500 90.1 0.00000 0 -3.000 -1.0000 -3.000 -0.0001 0 NA
95.00 0.02500 95.1 0.00000 0 -3.000 -1.0000 -3.000 -0.0002 0 NA
100.00 0.02500 100.1 0.00000 0 -3.000 -1.0000 -3.000 -0.0001 0 NA
105.00 0.02500 105.1 0.00000 0 -3.000 -1.0000 -3.000 -0.0002 0 NA
110.00 0.02500 110.1 0.00000 0 -3.000 -1.0000 -3.000 -0.0001 0 NA
115.00 0.02500 115.1 0.00000 0 -3.000 -1.0000 -3.000 -0.0001 0 NA
120.00 0.02500 120.1 0.00000 0 -3.000 -1.0000 -3.000 -0.0002 0 NA
125.00 0.02400 125.1 0.00000 0 -3.000 -1.0000 -3.000 -0.0001 0 NA
130.00 0.02308 130.1 0.00005 0 -3.000 -1.0000 -3.000 -0.0001 0 NA
135.00 0.02222 135.1 0.00006 0 -3.000 -1.0000 -3.000 -0.0002 0 NA
140.00 0.02143 140.1 0.00007 0 -3.000 -1.0000 -3.000 -0.0002 0 NA
145.00 0.02069 145.1 0.00010 0 -3.000 -1.0000 -3.000 -0.0001 0 NA
150.00 0.02000 150.1 0.00014 0 -3.000 -1.0000 -3.000 -0.0001 0 NA
155.00 0.01935 155.1 0.00021 0 -3.000 -1.0000 -3.000 -0.0001 0 NA
160.00 0.01875 160.1 0.00030 0 -3.000 -1.0000 -3.000 -0.0001 0 NA
165.00 0.01818 165.1 0.00044 0 -3.000 -1.0000 -3.000 -0.0001 0 NA
170.00 0.01765 170.1 0.00063 0 -3.000 -1.0000 -3.000 -0.0002 0 NA
175.00 0.01714 175.1 0.00087 0 -3.000 -1.0000 -3.000 -0.0002 0 NA
180.00 0.01667 180.1 0.00119 0 -3.000 -1.0000 -3.000 -0.0002 0 NA
185.00 0.01622 185.1 0.00159 0 -3.000 -1.0000 -3.000 -0.0001 0 NA
190.00 0.01579 190.1 0.00208 0 -3.000 -1.0000 -3.000 -0.0001 0 NA
195.00 0.01538 195.1 0.00266 0 -3.000 -1.0000 -3.000 -0.0002 0 NA
200.00 0.01500 200.1 0.00333 0 -3.000 -1.0000 -3.000 -0.0002 0 NA
205.00 0.01463 205.1 0.00411 0 -3.000 -1.0000 -3.000 -0.0001 0 NA
210.00 0.01429 210.1 0.00496 0 -3.000 -1.0000 -3.000 -0.0001 0 NA
215.00 0.01395 215.1 0.00590 0 -3.000 -1.0000 -3.000 -0.0001 0 NA
220.00 0.01364 220.1 0.00696 0 -3.000 -1.0000 -3.000 -0.0002 0 NA
225.00 0.01333 225.1 0.00809 0 -3.000 -1.0000 -3.000 -0.0002 0 NA
230.00 0.01304 230.1 0.00931 0 -3.000 -1.0000 -3.000 -0.0001 0 NA
235.00 0.01277 235.1 0.01064 0 -3.000 -1.0000 -3.000 -0.0001 0 NA
240.00 0.01250 240.1 0.01207 0 -3.000 -1.0000 -3.000 -0.0002 0 NA
245.00 0.01224 245.1 0.01357 1 -3.000 -1.0000 -3.000 -0.0002 0 NA
0.00 0.02500 0.1 0.00000 0 -3.500 -1.0000 -3.500 -0.0001 0 NA
5.00 0.02500 5.1 0.00000 0 -3.500 -1.0000 -3.500 -0.0002 0 NA
10.00 0.02500 10.1 0.00000 0 -3.500 -1.0000 -3.500 -0.0001 0 NA
15.00 0.02500 15.1 0.00000 0 -3.500 -1.0000 -3.500 -0.0001 0 NA
20.00 0.02500 20.1 0.00000 0 -3.500 -1.0000 -3.500 -0.0001 0 NA
25.00 0.02500 25.1 0.00000 0 -3.500 -1.0000 -3.500 -0.0001 0 NA
30.00 0.02500 30.1 0.00000 0 -3.500 -1.0000 -3.500 -0.0001 0 NA
35.00 0.02500 35.1 0.00000 0 -3.500 -1.0000 -3.500 -0.0002 0 NA
40.00 0.02500 40.0 0.00000 0 -3.500 -1.0000 -3.500 -0.0002 0 NA
45.00 0.02500 45.0 0.00000 0 -3.500 -1.0000 -3.500 -0.0002 0 NA
50.00 0.02500 50.0 0.00000 0 -3.500 -1.0000 -3.500 -0.0001 0 NA
55.00 0.02500 55.0 0.00000 0 -3.500 -1.0000 -3.500 -0.0001 0 NA
60.00 0.02500 60.0 0.00000 0 -3.500 -1.0000 -3.500 -0.0002 0 NA
65.00 0.02500 65.0 0.00000 0 -3.500 -1.0000 -3.500 -0.0001 0 NA
70.00 0.02500 70.0 0.00000 0 -3.500 -1.0000 -3.500 -0.0002 0 NA
75.00 0.02500 75.0 0.00000 0 -3.500 -1.0000 -3.500 -0.0001 0 NA
80.00 0.02500 80.1 0.00000 0 -3.500 -1.0000 -3.500 -0.0002 0 NA
85.00 0.02500 85.1 0.00000 0 -3.500 -1.0000 -3.500 -0.0001 0 NA
90.00 0.02500 90.1 0.00000 0 -3.500 -1.0000 -3.500 -0.0002 0 NA
95.00 0.02500 95.1 0.00000 0 -3.500 -1.0000 -3.500 -0.0002 0 NA
100.00 0.02500 100.1 0.00000 0 -3.500 -1.0000 -3.500 -0.0001 0 NA
105.00 0.02500 105.1 0.00000 0 -3.500 -1.0000 -3.500 -0.0002 0 NA
110.00 0.02500 110.1 0.00000 0 -3.500 -1.0000 -3.500 -0.0001 0 NA
115.00 0.02500 115.1 0.00000 0 -3.500 -1.0000 -3.500 -0.0001 0 NA
120.00 0.02500 120.1 0.00000 0 -3.500 -1.0000 -3.500 -0.0001 0 NA
125.00 0.02400 125.1 0.00000 0 -3.500 -1.0000 -3.500 -0.0001 0 NA
130.00 0.02308 130.1 0.00000 0 -3.500 -1.0000 -3.500 -0.0001 0 NA
135.00 0.02222 135.1 0.00000 0 -3.500 -1.0000 -3.500 -0.0001 0 NA
140.00 0.02143 140.1 0.00000 0 -3.500 -1.0000 -3.500 -0.0001 0 NA
145.00 0.02069 145.1 0.00000 0 -3.500 -1.0000 -3.500 -0.0002 0 NA
150.00 0.02000 150.1 0.00005 0 -3.500 -1.0000 -3.500 -0.0001 0 NA
155.00 0.01935 155.1 0.00006 0 -3.500 -1.0000 -3.500 -0.0001 0 NA
160.00 0.01875 160.1 0.00007 0 -3.500 -1.0000 -3.500 -0.0001 0 NA
165.00 0.01818 165.1 0.00009 0 -3.500 -1.0000 -3.500 -0.0002 0 NA
170.00 0.01765 170.1 0.00013 0 -3.500 -1.0000 -3.500 -0.0001 0 NA
175.00 0.01714 175.1 0.00018 0 -3.500 -1.0000 -3.500 -0.0001 0 NA
180.00 0.01667 180.1 0.00025 0 -3.500 -1.0000 -3.500 -0.0002 0 NA
185.00 0.01622 185.1 0.00036 0 -3.500 -1.0000 -3.500 -0.0001 0 NA
190.00 0.01579 190.1 0.00051 0 -3.500 -1.0000 -3.500 -0.0002 0 NA
195.00 0.01538 195.1 0.00071 0 -3.500 -1.0000 -3.500 -0.0001 0 NA
200.00 0.01500 200.1 0.00097 0 -3.500 -1.0000 -3.500 -0.0001 0 NA
205.00 0.01463 205.1 0.00130 0 -3.500 -1.0000 -3.500 -0.0001 0 NA
210.00 0.01429 210.1 0.00170 0 -3.500 -1.0000 -3.500 -0.0002 0 NA
215.00 0.01395 215.1 0.00219 0 -3.500 -1.0000 -3.500 -0.0001 0 NA
220.00 0.01364 220.1 0.00276 0 -3.500 -1.0000 -3.500 -0.0001 0 NA
225.00 0.01333 225.1 0.00342 0 -3.500 -1.0000 -3.500 -0.0002 0 NA
230.00 0.01304 230.1 0.00416 0 -3.500 -1.0000 -3.500 -0.0001 0 NA
235.00 0.01277 235.1 0.00498 0 -3.500 -1.0000 -3.500 -0.0002 0 NA
240.00 0.01250 240.1 0.00591 0 -3.500 -1.0000 -3.500 -0.0002 0 NA
245.00 0.01224 245.1 0.00690 0 -3.500 -1.0000 -3.500 -0.0001 0 NA
250.00 0.01200 250.1 0.00799 0 -3.500 -1.0000 -3.500 -0.0002 0 NA
255.00 0.01176 255.1 0.00915 0 -3.500 -1.0000 -3.500 -0.0002 0 NA
260.00 0.01154 260.1 0.01043 0 -3.500 -1.0000 -3.500 -0.0001 0 NA
265.00 0.01132 265.1 0.01179 1 -3.500 -1.0000 -3.500 -0.0001 0 NA
0.00 0.02500 0.1 0.00000 0 -4.000 -1.0000 -4.000 -0.0001 0 NA
5.00 0.02500 5.1 0.00000 0 -4.000 -1.0000 -4.000 -0.0001 0 NA
10.00 0.02500 10.1 0.00000 0 -4.000 -1.0000 -4.000 -0.0001 0 NA
15.00 0.02500 15.1 0.00000 0 -4.000 -1.0000 -4.000 -0.0002 0 NA
20.00 0.02500 20.1 0.00000 0 -4.000 -1.0000 -4.000 -0.0002 0 NA
25.00 0.02500 25.1 0.00000 0 -4.000 -1.0000 -4.000 -0.0002 0 NA
30.00 0.02500 30.1 0.00000 0 -4.000 -1.0000 -4.000 -0.0002 0 NA
35.00 0.02500 35.1 0.00000 0 -4.000 -1.0000 -4.000 -0.0001 0 NA
40.00 0.02500 40.0 0.00000 0 -4.000 -1.0000 -4.000 -0.0002 0 NA
45.00 0.02500 45.0 0.00000 0 -4.000 -1.0000 -4.000 -0.0002 0 NA
50.00 0.02500 50.0 0.00000 0 -4.000 -1.0000 -4.000 -0.0001 0 NA
55.00 0.02500 55.0 0.00000 0 -4.000 -1.0000 -4.000 -0.0001 0 NA
60.00 0.02500 60.0 0.00000 0 -4.000 -1.0000 -4.000 -0.0001 0 NA
65.00 0.02500 65.0 0.00000 0 -4.000 -1.0000 -4.000 -0.0002 0 NA
70.00 0.02500 70.0 0.00000 0 -4.000 -1.0000 -4.000 -0.0001 0 NA
75.00 0.02500 75.0 0.00000 0 -4.000 -1.0000 -4.000 -0.0001 0 NA
80.00 0.02500 80.1 0.00000 0 -4.000 -1.0000 -4.000 -0.0001 0 NA
85.00 0.02500 85.1 0.00000 0 -4.000 -1.0000 -4.000 -0.0001 0 NA
90.00 0.02500 90.1 0.00000 0 -4.000 -1.0000 -4.000 -0.0001 0 NA
95.00 0.02500 95.1 0.00000 0 -4.000 -1.0000 -4.000 -0.0001 0 NA
100.00 0.02500 100.1 0.00000 0 -4.000 -1.0000 -4.000 -0.0002 0 NA
105.00 0.02500 105.1 0.00000 0 -4.000 -1.0000 -4.000 -0.0001 0 NA
110.00 0.02500 110.1 0.00000 0 -4.000 -1.0000 -4.000 -0.0001 0 NA
115.00 0.02500 115.1 0.00000 0 -4.000 -1.0000 -4.000 -0.0001 0 NA
120.00 0.02500 120.1 0.00000 0 -4.000 -1.0000 -4.000 -0.0001 0 NA
125.00 0.02400 125.1 0.00000 0 -4.000 -1.0000 -4.000 -0.0001 0 NA
130.00 0.02308 130.1 0.00000 0 -4.000 -1.0000 -4.000 -0.0002 0 NA
135.00 0.02222 135.1 0.00000 0 -4.000 -1.0000 -4.000 -0.0001 0 NA
140.00 0.02143 140.1 0.00000 0 -4.000 -1.0000 -4.000 -0.0001 0 NA
145.00 0.02069 145.1 0.00000 0 -4.000 -1.0000 -4.000 -0.0001 0 NA
150.00 0.02000 150.1 0.00000 0 -4.000 -1.0000 -4.000 -0.0002 0 NA
155.00 0.01935 155.1 0.00000 0 -4.000 -1.0000 -4.000 -0.0001 0 NA
160.00 0.01875 160.1 0.00000 0 -4.000 -1.0000 -4.000 -0.0001 0 NA
165.00 0.01818 165.1 0.00000 0 -4.000 -1.0000 -4.000 -0.0001 0 NA
170.00 0.01765 170.1 0.00005 0 -4.000 -1.0000 -4.000 -0.0001 0 NA
175.00 0.01714 175.1 0.00005 0 -4.000 -1.0000 -4.000 -0.0002 0 NA
180.00 0.01667 180.1 0.00007 0 -4.000 -1.0000 -4.000 -0.0001 0 NA
185.00 0.01622 185.1 0.00008 0 -4.000 -1.0000 -4.000 -0.0001 0 NA
190.00 0.01579 190.1 0.00011 0 -4.000 -1.0000 -4.000 -0.0001 0 NA
195.00 0.01538 195.1 0.00015 0 -4.000 -1.0000 -4.000 -0.0002 0 NA
200.00 0.01500 200.1 0.00021 0 -4.000 -1.0000 -4.000 -0.0001 0 NA
205.00 0.01463 205.1 0.00030 0 -4.000 -1.0000 -4.000 -0.0002 0 NA
210.00 0.01429 210.1 0.00042 0 -4.000 -1.0000 -4.000 -0.0001 0 NA
215.00 0.01395 215.1 0.00059 0 -4.000 -1.0000 -4.000 -0.0001 0 NA
220.00 0.01364 220.1 0.00080 0 -4.000 -1.0000 -4.000 -0.0001 0 NA
225.00 0.01333 225.1 0.00107 0 -4.000 -1.0000 -4.000 -0.0002 0 NA
230.00 0.01304 230.1 0.00142 0 -4.000 -1.0000 -4.000 -0.0001 0 NA
235.00 0.01277 235.1 0.00182 0 -4.000 -1.0000 -4.000 -0.0001 0 NA
240.00 0.01250 240.1 0.00231 0 -4.000 -1.0000 -4.000 -0.0002 0 NA
245.00 0.01224 245.1 0.00287 0 -4.000 -1.0000 -4.000 -0.0001 0 NA
250.00 0.01200 250.1 0.00350 0 -4.000 -1.0000 -4.000 -0.0002 0 NA
255.00 0.01176 255.1 0.00423 0 -4.000 -1.0000 -4.000 -0.0001 0 NA
260.00 0.01154 260.1 0.00503 0 -4.000 -1.0000 -4.000 -0.0002 0 NA
265.00 0.01132 265.1 0.00590 0 -4.000 -1.0000 -4.000 -0.0002 0 NA
270.00 0.01111 270.1 0.00685 0 -4.000 -1.0000 -4.000 -0.0001 0 NA
275.00 0.01091 275.1 0.00792 0 -4.000 -1.0000 -4.000 -0.0002 0 NA
280.00 0.01071 280.1 0.00906 0 -4.000 -1.0000 -4.000 -0.0001 0 NA
285.00 0.01053 285.1 0.01027 0 -4.000 -1.0000 -4.000 -0.0001 0 NA
290.00 0.01034 290.1 0.01161 1 -4.000 -1.0000 -4.000 -0.0001 0 NA
0.00 0.02500 0.1 0.00000 0 -4.500 -1.0000 -4.500 -0.0001 0 NA
5.00 0.02500 5.1 0.00000 0 -4.500 -1.0000 -4.499 -0.0001 0 NA
10.00 0.02500 10.1 0.00000 0 -4.500 -1.0000 -4.500 -0.0001 0 NA
15.00 0.02500 15.1 0.00000 0 -4.500 -1.0000 -4.500 -0.0001 0 NA
20.00 0.02500 20.1 0.00000 0 -4.500 -1.0000 -4.499 -0.0002 0 NA
25.00 0.02500 25.1 0.00000 0 -4.500 -1.0000 -4.500 -0.0001 0 NA
30.00 0.02500 30.1 0.00000 0 -4.500 -1.0000 -4.499 -0.0002 0 NA
35.00 0.02500 35.1 0.00000 0 -4.500 -1.0000 -4.500 -0.0001 0 NA
40.00 0.02500 40.0 0.00000 0 -4.500 -1.0000 -4.499 -0.0002 0 NA
45.00 0.02500 45.0 0.00000 0 -4.500 -1.0000 -4.499 -0.0002 0 NA
50.00 0.02500 50.0 0.00000 0 -4.500 -1.0000 -4.500 -0.0001 0 NA
55.00 0.02500 55.0 0.00000 0 -4.500 -1.0000 -4.499 -0.0002 0 NA
60.00 0.02500 60.0 0.00000 0 -4.500 -1.0000 -4.500 -0.0002 0 NA
65.00 0.02500 65.0 0.00000 0 -4.500 -1.0000 -4.500 -0.0002 0 NA
70.00 0.02500 70.0 0.00000 0 -4.500 -1.0000 -4.500 -0.0001 0 NA
75.00 0.02500 75.0 0.00000 0 -4.500 -1.0000 -4.499 -0.0002 0 NA
80.00 0.02500 80.1 0.00000 0 -4.500 -1.0000 -4.499 -0.0002 0 NA
85.00 0.02500 85.1 0.00000 0 -4.500 -1.0000 -4.500 -0.0002 0 NA
90.00 0.02500 90.1 0.00000 0 -4.500 -1.0000 -4.500 -0.0002 0 NA
95.00 0.02500 95.1 0.00000 0 -4.500 -1.0000 -4.500 -0.0002 0 NA
100.00 0.02500 100.1 0.00000 0 -4.500 -1.0000 -4.500 -0.0001 0 NA
105.00 0.02500 105.1 0.00000 0 -4.500 -1.0000 -4.499 -0.0001 0 NA
110.00 0.02500 110.1 0.00000 0 -4.500 -1.0000 -4.499 -0.0001 0 NA
115.00 0.02500 115.1 0.00000 0 -4.500 -1.0000 -4.500 -0.0001 0 NA
120.00 0.02500 120.1 0.00000 0 -4.500 -1.0000 -4.500 -0.0001 0 NA
125.00 0.02400 125.1 0.00000 0 -4.500 -1.0000 -4.499 -0.0002 0 NA
130.00 0.02308 130.1 0.00000 0 -4.500 -1.0000 -4.500 -0.0001 0 NA
135.00 0.02222 135.1 0.00000 0 -4.500 -1.0000 -4.500 -0.0002 0 NA
140.00 0.02143 140.1 0.00000 0 -4.500 -1.0000 -4.499 -0.0001 0 NA
145.00 0.02069 145.1 0.00000 0 -4.500 -1.0000 -4.499 -0.0001 0 NA
150.00 0.02000 150.1 0.00000 0 -4.500 -1.0000 -4.500 -0.0001 0 NA
155.00 0.01935 155.1 0.00000 0 -4.500 -1.0000 -4.500 -0.0001 0 NA
160.00 0.01875 160.1 0.00000 0 -4.500 -1.0000 -4.499 -0.0002 0 NA
165.00 0.01818 165.1 0.00000 0 -4.500 -1.0000 -4.500 -0.0001 0 NA
170.00 0.01765 170.1 0.00000 0 -4.500 -1.0000 -4.500 -0.0002 0 NA
175.00 0.01714 175.1 0.00000 0 -4.500 -1.0000 -4.500 -0.0002 0 NA
180.00 0.01667 180.1 0.00000 0 -4.500 -1.0000 -4.499 -0.0001 0 NA
185.00 0.01622 185.1 0.00000 0 -4.500 -1.0000 -4.500 -0.0002 0 NA
190.00 0.01579 190.1 0.00000 0 -4.500 -1.0000 -4.500 -0.0002 0 NA
195.00 0.01538 195.1 0.00005 0 -4.500 -1.0000 -4.500 -0.0001 0 NA
200.00 0.01500 200.1 0.00006 0 -4.500 -1.0000 -4.500 -0.0002 0 NA
205.00 0.01463 205.1 0.00007 0 -4.500 -1.0000 -4.500 -0.0001 0 NA
210.00 0.01429 210.1 0.00010 0 -4.500 -1.0000 -4.500 -0.0002 0 NA
215.00 0.01395 215.1 0.00014 0 -4.500 -1.0000 -4.500 -0.0001 0 NA
220.00 0.01364 220.1 0.00019 0 -4.500 -1.0000 -4.500 -0.0001 0 NA
225.00 0.01333 225.1 0.00026 0 -4.500 -1.0000 -4.500 -0.0002 0 NA
230.00 0.01304 230.1 0.00036 0 -4.500 -1.0000 -4.500 -0.0001 0 NA
235.00 0.01277 235.1 0.00050 0 -4.500 -1.0000 -4.500 -0.0001 0 NA
240.00 0.01250 240.1 0.00068 0 -4.500 -1.0000 -4.500 -0.0001 0 NA
245.00 0.01224 245.1 0.00091 0 -4.500 -1.0000 -4.499 -0.0001 0 NA
250.00 0.01200 250.1 0.00120 0 -4.500 -1.0000 -4.500 -0.0001 0 NA
255.00 0.01176 255.1 0.00155 0 -4.500 -1.0000 -4.500 -0.0002 0 NA
260.00 0.01154 260.1 0.00196 0 -4.500 -1.0000 -4.500 -0.0001 0 NA
265.00 0.01132 265.1 0.00244 0 -4.500 -1.0000 -4.499 -0.0001 0 NA
270.00 0.01111 270.1 0.00300 0 -4.500 -1.0000 -4.499 -0.0001 0 NA
275.00 0.01091 275.1 0.00363 0 -4.500 -1.0000 -4.499 -0.0001 0 NA
280.00 0.01071 280.1 0.00434 0 -4.500 -1.0000 -4.500 -0.0001 0 NA
285.00 0.01053 285.1 0.00511 0 -4.500 -1.0000 -4.500 -0.0002 0 NA
290.00 0.01034 290.1 0.00597 0 -4.500 -1.0000 -4.500 -0.0001 0 NA
295.00 0.01017 295.1 0.00690 0 -4.500 -1.0000 -4.500 -0.0001 0 NA
300.00 0.01000 300.1 0.00793 0 -4.500 -1.0000 -4.500 -0.0001 0 NA
305.00 0.00984 305.1 0.00902 0 -4.500 -1.0000 -4.500 -0.0002 0 NA
310.00 0.00968 310.1 0.01023 1 -4.500 -1.0000 -4.500 -0.0001 0 NA
0.00 0.02500 0.1 0.00000 0 -5.000 -1.0000 -4.999 -0.0001 0 NA
5.00 0.02500 5.1 0.00000 0 -5.000 -1.0000 -4.999 -0.0001 0 NA
10.00 0.02500 10.1 0.00000 0 -5.000 -1.0000 -4.999 -0.0001 0 NA
15.00 0.02500 15.1 0.00000 0 -5.000 -1.0000 -4.999 -0.0001 0 NA
20.00 0.02500 20.1 0.00000 0 -5.000 -1.0000 -4.999 -0.0002 0 NA
25.00 0.02500 25.1 0.00000 0 -5.000 -1.0000 -5.000 -0.0001 0 NA
30.00 0.02500 30.1 0.00000 0 -5.000 -1.0000 -5.000 -0.0001 0 NA
35.00 0.02500 35.1 0.00000 0 -5.000 -1.0000 -4.999 -0.0001 0 NA
40.00 0.02500 40.0 0.00000 0 -5.000 -1.0000 -5.000 -0.0001 0 NA
45.00 0.02500 45.0 0.00000 0 -5.000 -1.0000 -5.000 -0.0001 0 NA
50.00 0.02500 50.0 0.00000 0 -5.000 -1.0000 -4.999 -0.0001 0 NA
55.00 0.02500 55.0 0.00000 0 -5.000 -1.0000 -5.000 -0.0001 0 NA
60.00 0.02500 60.0 0.00000 0 -5.000 -1.0000 -5.000 -0.0002 0 NA
65.00 0.02500 65.0 0.00000 0 -5.000 -1.0000 -5.000 -0.0001 0 NA
70.00 0.02500 70.0 0.00000 0 -5.000 -1.0000 -5.000 -0.0002 0 NA
75.00 0.02500 75.0 0.00000 0 -5.000 -1.0000 -5.000 -0.0002 0 NA
80.00 0.02500 80.1 0.00000 0 -5.000 -1.0000 -4.999 -0.0001 0 NA
85.00 0.02500 85.1 0.00000 0 -5.000 -1.0000 -5.000 -0.0001 0 NA
90.00 0.02500 90.1 0.00000 0 -5.000 -1.0000 -4.999 -0.0001 0 NA
95.00 0.02500 95.1 0.00000 0 -5.000 -1.0000 -4.999 -0.0001 0 NA
100.00 0.02500 100.1 0.00000 0 -5.000 -1.0000 -5.000 -0.0002 0 NA
105.00 0.02500 105.1 0.00000 0 -5.000 -1.0000 -4.999 -0.0002 0 NA
110.00 0.02500 110.1 0.00000 0 -5.000 -1.0000 -5.000 -0.0001 0 NA
115.00 0.02500 115.1 0.00000 0 -5.000 -1.0000 -4.999 -0.0002 0 NA
120.00 0.02500 120.1 0.00000 0 -5.000 -1.0000 -5.000 -0.0001 0 NA
125.00 0.02400 125.1 0.00000 0 -5.000 -1.0000 -4.999 -0.0001 0 NA
130.00 0.02308 130.1 0.00000 0 -5.000 -1.0000 -4.999 -0.0001 0 NA
135.00 0.02222 135.1 0.00000 0 -5.000 -1.0000 -5.000 -0.0002 0 NA
140.00 0.02143 140.1 0.00000 0 -5.000 -1.0000 -4.999 -0.0001 0 NA
145.00 0.02069 145.1 0.00000 0 -5.000 -1.0000 -4.999 -0.0002 0 NA
150.00 0.02000 150.1 0.00000 0 -5.000 -1.0000 -5.000 -0.0002 0 NA
155.00 0.01935 155.1 0.00000 0 -5.000 -1.0000 -4.999 -0.0001 0 NA
160.00 0.01875 160.1 0.00000 0 -5.000 -1.0000 -4.999 -0.0001 0 NA
165.00 0.01818 165.1 0.00000 0 -5.000 -1.0000 -4.999 -0.0002 0 NA
170.00 0.01765 170.1 0.00000 0 -5.000 -1.0000 -5.000 -0.0002 0 NA
175.00 0.01714 175.1 0.00000 0 -5.000 -1.0000 -5.000 -0.0002 0 NA
180.00 0.01667 180.1 0.00000 0 -5.000 -1.0000 -5.000 -0.0002 0 NA
185.00 0.01622 185.1 0.00000 0 -5.000 -1.0000 -4.999 -0.0001 0 NA
190.00 0.01579 190.1 0.00000 0 -5.000 -1.0000 -4.999 -0.0001 0 NA
195.00 0.01538 195.1 0.00000 0 -5.000 -1.0000 -4.999 -0.0002 0 NA
200.00 0.01500 200.1 0.00000 0 -5.000 -1.0000 -4.999 -0.0001 0 NA
205.00 0.01463 205.1 0.00000 0 -5.000 -1.0000 -4.999 -0.0001 0 NA
210.00 0.01429 210.1 0.00000 0 -5.000 -1.0000 -4.999 -0.0001 0 NA
215.00 0.01395 215.1 0.00005 0 -5.000 -1.0000 -5.000 -0.0002 0 NA
220.00 0.01364 220.1 0.00006 0 -5.000 -1.0000 -5.000 -0.0001 0 NA
225.00 0.01333 225.1 0.00007 0 -5.000 -1.0000 -4.999 -0.0001 0 NA
230.00 0.01304 230.1 0.00009 0 -5.000 -1.0000 -4.999 -0.0001 0 NA
235.00 0.01277 235.1 0.00013 0 -5.000 -1.0000 -4.999 -0.0001 0 NA
240.00 0.01250 240.1 0.00017 0 -5.000 -1.0000 -4.999 -0.0002 0 NA
245.00 0.01224 245.1 0.00022 0 -5.000 -1.0000 -4.999 -0.0002 0 NA
250.00 0.01200 250.1 0.00031 0 -5.000 -1.0000 -4.999 -0.0002 0 NA
255.00 0.01176 255.1 0.00042 0 -5.000 -1.0000 -5.000 -0.0001 0 NA
260.00 0.01154 260.1 0.00057 0 -5.000 -1.0000 -4.999 -0.0001 0 NA
265.00 0.01132 265.1 0.00077 0 -5.000 -1.0000 -5.000 -0.0001 0 NA
270.00 0.01111 270.1 0.00101 0 -5.000 -1.0000 -5.000 -0.0001 0 NA
275.00 0.01091 275.1 0.00131 0 -5.000 -1.0000 -4.999 -0.0002 0 NA
280.00 0.01071 280.1 0.00166 0 -5.000 -1.0000 -4.999 -0.0001 0 NA
285.00 0.01053 285.1 0.00208 0 -5.000 -1.0000 -4.999 -0.0001 0 NA
290.00 0.01034 290.1 0.00257 0 -5.000 -1.0000 -4.999 -0.0002 0 NA
295.00 0.01017 295.1 0.00312 0 -5.000 -1.0000 -4.999 -0.0001 0 NA
300.00 0.01000 300.1 0.00374 0 -5.000 -1.0000 -4.999 -0.0002 0 NA
305.00 0.00984 305.1 0.00443 0 -5.000 -1.0000 -5.000 -0.0001 0 NA
310.00 0.00968 310.1 0.00518 0 -5.000 -1.0000 -5.000 -0.0001 0 NA
315.00 0.00952 315.1 0.00601 0 -5.000 -1.0000 -5.000 -0.0002 0 NA
320.00 0.00937 320.1 0.00695 0 -5.000 -1.0000 -5.000 -0.0001 0 NA
325.00 0.00923 325.1 0.00795 0 -5.000 -1.0000 -4.999 -0.0001 0 NA
330.00 0.00909 330.1 0.00901 0 -5.000 -1.0000 -5.000 -0.0002 0 NA
335.00 0.00896 335.1 0.01012 1 -5.000 -1.0000 -4.999 -0.0001 0 NA
0.00 0.02500 0.1 0.00000 0 -5.500 -0.9091 -5.500 -0.0001 0 NA
5.00 0.02500 5.1 0.00000 0 -5.500 -0.9091 -5.500 -0.0001 0 NA
10.00 0.02500 10.1 0.00000 0 -5.500 -0.9091 -5.500 -0.0001 0 NA
15.00 0.02500 15.1 0.00000 0 -5.500 -0.9091 -5.500 -0.0001 0 NA
20.00 0.02500 20.1 0.00000 0 -5.500 -0.9091 -5.500 -0.0001 0 NA
25.00 0.02500 25.1 0.00000 0 -5.500 -0.9091 -5.500 -0.0001 0 NA
30.00 0.02500 30.1 0.00000 0 -5.500 -0.9091 -5.500 -0.0001 0 NA
35.00 0.02500 35.1 0.00000 0 -5.500 -0.9091 -5.500 -0.0001 0 NA
40.00 0.02500 40.0 0.00000 0 -5.500 -0.9091 -5.500 -0.0001 0 NA
45.00 0.02500 45.0 0.00000 0 -5.500 -0.9091 -5.500 -0.0001 0 NA
50.00 0.02500 50.0 0.00000 0 -5.500 -0.9091 -5.500 -0.0001 0 NA
55.00 0.02500 55.0 0.00000 0 -5.500 -0.9091 -5.500 -0.0001 0 NA
60.00 0.02500 60.0 0.00000 0 -5.500 -0.9091 -5.500 -0.0001 0 NA
65.00 0.02500 65.0 0.00000 0 -5.500 -0.9091 -5.500 -0.0002 0 NA
70.00 0.02500 70.0 0.00000 0 -5.500 -0.9091 -5.500 -0.0001 0 NA
75.00 0.02500 75.0 0.00000 0 -5.500 -0.9091 -5.500 -0.0001 0 NA
80.00 0.02500 80.1 0.00000 0 -5.500 -0.9091 -5.500 -0.0002 0 NA
85.00 0.02500 85.1 0.00000 0 -5.500 -0.9091 -5.500 -0.0001 0 NA
90.00 0.02500 90.1 0.00000 0 -5.500 -0.9091 -5.500 -0.0002 0 NA
95.00 0.02500 95.1 0.00000 0 -5.500 -0.9091 -5.500 -0.0001 0 NA
100.00 0.02500 100.1 0.00000 0 -5.500 -0.9091 -5.500 -0.0001 0 NA
105.00 0.02500 105.1 0.00000 0 -5.500 -0.9091 -5.500 -0.0002 0 NA
110.00 0.02500 110.1 0.00000 0 -5.500 -0.9091 -5.500 -0.0002 0 NA
115.00 0.02500 115.1 0.00000 0 -5.500 -0.9091 -5.500 -0.0001 0 NA
120.00 0.02500 120.1 0.00000 0 -5.500 -0.9091 -5.500 -0.0001 0 NA
125.00 0.02400 125.1 0.00000 0 -5.500 -0.9091 -5.501 -0.0001 0 NA
130.00 0.02308 130.1 0.00000 0 -5.500 -0.9091 -5.500 -0.0001 0 NA
135.00 0.02222 135.1 0.00000 0 -5.500 -0.9091 -5.500 -0.0001 0 NA
140.00 0.02143 140.1 0.00000 0 -5.500 -0.9091 -5.500 -0.0001 0 NA
145.00 0.02069 145.1 0.00000 0 -5.500 -0.9091 -5.500 -0.0001 0 NA
150.00 0.02000 150.1 0.00000 0 -5.500 -0.9091 -5.500 -0.0002 0 NA
155.00 0.01935 155.1 0.00000 0 -5.500 -0.9091 -5.500 -0.0002 0 NA
160.00 0.01875 160.1 0.00000 0 -5.500 -0.9091 -5.500 -0.0002 0 NA
165.00 0.01818 165.1 0.00000 0 -5.500 -0.9091 -5.500 -0.0001 0 NA
170.00 0.01765 170.1 0.00000 0 -5.500 -0.9091 -5.500 -0.0001 0 NA
175.00 0.01714 175.1 0.00000 0 -5.500 -0.9091 -5.500 -0.0002 0 NA
180.00 0.01667 180.1 0.00000 0 -5.500 -0.9091 -5.500 -0.0001 0 NA
185.00 0.01622 185.1 0.00000 0 -5.500 -0.9091 -5.500 -0.0001 0 NA
190.00 0.01579 190.1 0.00000 0 -5.500 -0.9091 -5.500 -0.0002 0 NA
195.00 0.01538 195.1 0.00000 0 -5.500 -0.9091 -5.500 -0.0001 0 NA
200.00 0.01500 200.1 0.00000 0 -5.500 -0.9091 -5.500 -0.0001 0 NA
205.00 0.01463 205.1 0.00000 0 -5.500 -0.9091 -5.500 -0.0001 0 NA
210.00 0.01429 210.1 0.00000 0 -5.500 -0.9091 -5.500 -0.0001 0 NA
215.00 0.01395 215.1 0.00000 0 -5.500 -0.9091 -5.500 -0.0002 0 NA
220.00 0.01364 220.1 0.00000 0 -5.500 -0.9091 -5.500 -0.0001 0 NA
225.00 0.01333 225.1 0.00000 0 -5.500 -0.9091 -5.500 -0.0001 0 NA
230.00 0.01304 230.1 0.00000 0 -5.500 -0.9091 -5.500 -0.0001 0 NA
235.00 0.01277 235.1 0.00005 0 -5.500 -0.9091 -5.500 -0.0002 0 NA
240.00 0.01250 240.1 0.00006 0 -5.500 -0.9091 -5.500 -0.0001 0 NA
245.00 0.01224 245.1 0.00007 0 -5.500 -0.9091 -5.500 -0.0001 0 NA
250.00 0.01200 250.1 0.00008 0 -5.500 -0.9091 -5.500 -0.0001 0 NA
255.00 0.01176 255.1 0.00011 0 -5.500 -0.9091 -5.500 -0.0001 0 NA
260.00 0.01154 260.1 0.00014 0 -5.500 -0.9091 -5.500 -0.0001 0 NA
265.00 0.01132 265.1 0.00020 0 -5.500 -0.9091 -5.500 -0.0001 0 NA
270.00 0.01111 270.1 0.00027 0 -5.500 -0.9091 -5.500 -0.0001 0 NA
275.00 0.01091 275.1 0.00036 0 -5.500 -0.9091 -5.500 -0.0001 0 NA
280.00 0.01071 280.1 0.00049 0 -5.500 -0.9091 -5.500 -0.0001 0 NA
285.00 0.01053 285.1 0.00065 0 -5.500 -0.9091 -5.500 -0.0001 0 NA
290.00 0.01034 290.1 0.00085 0 -5.500 -0.9091 -5.500 -0.0002 0 NA
295.00 0.01017 295.1 0.00111 0 -5.500 -0.9091 -5.500 -0.0001 0 NA
300.00 0.01000 300.1 0.00142 0 -5.500 -0.9091 -5.500 -0.0001 0 NA
305.00 0.00984 305.1 0.00177 0 -5.500 -0.9091 -5.500 -0.0002 0 NA
310.00 0.00968 310.1 0.00220 0 -5.500 -0.9091 -5.500 -0.0001 0 NA
315.00 0.00952 315.1 0.00268 0 -5.500 -0.9091 -5.501 -0.0002 0 NA
320.00 0.00937 320.1 0.00322 0 -5.500 -0.9091 -5.500 -0.0001 0 NA
325.00 0.00923 325.1 0.00383 0 -5.500 -0.9091 -5.500 -0.0001 0 NA
330.00 0.00909 330.1 0.00451 0 -5.500 -0.9091 -5.500 -0.0001 0 NA
335.00 0.00896 335.1 0.00525 0 -5.500 -0.9091 -5.500 -0.0002 0 NA
340.00 0.00882 340.1 0.00605 0 -5.500 -0.9091 -5.500 -0.0002 0 NA
345.00 0.00870 345.1 0.00695 0 -5.500 -0.9091 -5.500 -0.0001 0 NA
350.00 0.00857 350.1 0.00794 0 -5.500 -0.9091 -5.500 -0.0001 0 NA
355.00 0.00845 355.1 0.00895 1 -5.500 -0.9091 -5.500 -0.0002 0 NA
0.00 0.02500 0.1 0.00000 0 -6.000 -0.8333 -6.000 -0.0002 0 NA
5.00 0.02500 5.1 0.00000 0 -6.000 -0.8333 -6.000 -0.0002 0 NA
10.00 0.02500 10.1 0.00000 0 -6.000 -0.8333 -6.000 -0.0002 0 NA
15.00 0.02500 15.1 0.00000 0 -6.000 -0.8333 -6.000 -0.0001 0 NA
20.00 0.02500 20.1 0.00000 0 -6.000 -0.8333 -6.000 -0.0002 0 NA
25.00 0.02500 25.1 0.00000 0 -6.000 -0.8333 -6.000 -0.0001 0 NA
30.00 0.02500 25.1 0.00000 0 -6.000 -0.8333 -6.000 -0.0002 0 NA
35.00 0.02500 35.1 0.00000 0 -6.000 -0.8333 -6.000 -0.0001 0 NA
40.00 0.02500 40.0 0.00000 0 -6.000 -0.8333 -6.000 -0.0002 0 NA
45.00 0.02500 45.0 0.00000 0 -6.000 -0.8333 -6.000 -0.0001 0 NA
50.00 0.02500 50.0 0.00000 0 -6.000 -0.8333 -6.000 -0.0001 0 NA
55.00 0.02500 55.0 0.00000 0 -6.000 -0.8333 -6.000 -0.0001 0 NA
60.00 0.02500 60.0 0.00000 0 -6.000 -0.8333 -6.000 -0.0001 0 NA
65.00 0.02500 65.0 0.00000 0 -6.000 -0.8333 -6.000 -0.0001 0 NA
70.00 0.02500 70.0 0.00000 0 -6.000 -0.8333 -6.000 -0.0001 0 NA
75.00 0.02500 75.0 0.00000 0 -6.000 -0.8333 -6.000 -0.0001 0 NA
80.00 0.02500 80.1 0.00000 0 -6.000 -0.8333 -6.000 -0.0002 0 NA
85.00 0.02500 85.1 0.00000 0 -6.000 -0.8333 -6.000 -0.0001 0 NA
90.00 0.02500 90.1 0.00000 0 -6.000 -0.8333 -6.000 -0.0001 0 NA
95.00 0.02500 95.1 0.00000 0 -6.000 -0.8333 -6.000 -0.0001 0 NA
100.00 0.02500 100.1 0.00000 0 -6.000 -0.8333 -6.000 -0.0002 0 NA
105.00 0.02500 105.1 0.00000 0 -6.000 -0.8333 -6.000 -0.0001 0 NA
110.00 0.02500 110.1 0.00000 0 -6.000 -0.8333 -6.000 -0.0002 0 NA
115.00 0.02500 115.1 0.00000 0 -6.000 -0.8333 -6.000 -0.0001 0 NA
120.00 0.02500 120.1 0.00000 0 -6.000 -0.8333 -6.000 -0.0001 0 NA
125.00 0.02400 125.1 0.00000 0 -6.000 -0.8333 -6.000 -0.0001 0 NA
130.00 0.02308 130.1 0.00000 0 -6.000 -0.8333 -6.000 -0.0001 0 NA
135.00 0.02222 135.1 0.00000 0 -6.000 -0.8333 -6.000 -0.0002 0 NA
140.00 0.02143 140.1 0.00000 0 -6.000 -0.8333 -6.000 -0.0001 0 NA
145.00 0.02069 145.1 0.00000 0 -6.000 -0.8333 -6.000 -0.0002 0 NA
150.00 0.02000 150.1 0.00000 0 -6.000 -0.8333 -6.000 -0.0001 0 NA
155.00 0.01935 155.1 0.00000 0 -6.000 -0.8333 -6.000 -0.0002 0 NA
160.00 0.01875 160.1 0.00000 0 -6.000 -0.8333 -6.000 -0.0001 0 NA
165.00 0.01818 165.1 0.00000 0 -6.000 -0.8333 -6.000 -0.0001 0 NA
170.00 0.01765 170.1 0.00000 0 -6.000 -0.8333 -6.000 -0.0001 0 NA
175.00 0.01714 175.1 0.00000 0 -6.000 -0.8333 -6.000 -0.0001 0 NA
180.00 0.01667 180.1 0.00000 0 -6.000 -0.8333 -6.000 -0.0002 0 NA
185.00 0.01622 185.1 0.00000 0 -6.000 -0.8333 -6.000 -0.0001 0 NA
190.00 0.01579 190.1 0.00000 0 -6.000 -0.8333 -6.000 -0.0001 0 NA
195.00 0.01538 195.1 0.00000 0 -6.000 -0.8333 -6.000 -0.0001 0 NA
200.00 0.01500 200.1 0.00000 0 -6.000 -0.8333 -6.000 -0.0001 0 NA
205.00 0.01463 205.1 0.00000 0 -6.000 -0.8333 -6.000 -0.0002 0 NA
210.00 0.01429 210.1 0.00000 0 -6.000 -0.8333 -6.000 -0.0001 0 NA
215.00 0.01395 215.1 0.00000 0 -6.000 -0.8333 -6.000 -0.0002 0 NA
220.00 0.01364 220.1 0.00000 0 -6.000 -0.8333 -6.000 -0.0001 0 NA
225.00 0.01333 225.1 0.00000 0 -6.000 -0.8333 -6.000 -0.0001 0 NA
230.00 0.01304 230.1 0.00000 0 -6.000 -0.8333 -6.000 -0.0001 0 NA
235.00 0.01277 235.1 0.00000 0 -6.000 -0.8333 -6.000 -0.0001 0 NA
240.00 0.01250 240.1 0.00000 0 -6.000 -0.8333 -6.000 -0.0002 0 NA
245.00 0.01224 245.1 0.00000 0 -6.000 -0.8333 -6.000 -0.0002 0 NA
250.00 0.01200 250.1 0.00000 0 -6.000 -0.8333 -6.000 -0.0001 0 NA
255.00 0.01176 255.1 0.00005 0 -6.000 -0.8333 -6.000 -0.0001 0 NA
260.00 0.01154 260.1 0.00006 0 -6.000 -0.8333 -6.000 -0.0002 0 NA
265.00 0.01132 265.1 0.00007 0 -6.000 -0.8333 -6.000 -0.0002 0 NA
270.00 0.01111 270.1 0.00008 0 -6.000 -0.8333 -6.000 -0.0001 0 NA
275.00 0.01091 275.1 0.00010 0 -6.000 -0.8333 -6.000 -0.0001 0 NA
280.00 0.01071 280.1 0.00014 0 -6.000 -0.8333 -6.000 -0.0001 0 NA
285.00 0.01053 285.1 0.00018 0 -6.000 -0.8333 -6.000 -0.0002 0 NA
290.00 0.01034 290.1 0.00024 0 -6.000 -0.8333 -6.000 -0.0002 0 NA
295.00 0.01017 295.1 0.00032 0 -6.000 -0.8333 -6.000 -0.0002 0 NA
300.00 0.01000 300.1 0.00042 0 -6.000 -0.8333 -6.000 -0.0001 0 NA
305.00 0.00984 305.1 0.00056 0 -6.000 -0.8333 -6.000 -0.0001 0 NA
310.00 0.00968 310.1 0.00074 0 -6.000 -0.8333 -6.000 -0.0001 0 NA
315.00 0.00952 315.1 0.00095 0 -6.000 -0.8333 -6.000 -0.0001 0 NA
320.00 0.00937 320.1 0.00121 0 -6.000 -0.8333 -6.000 -0.0002 0 NA
325.00 0.00923 325.1 0.00153 0 -6.000 -0.8333 -6.000 -0.0002 0 NA
330.00 0.00909 330.1 0.00190 0 -6.000 -0.8333 -6.000 -0.0001 0 NA
335.00 0.00896 335.1 0.00232 0 -6.000 -0.8333 -6.000 -0.0002 0 NA
340.00 0.00882 340.1 0.00280 0 -6.000 -0.8333 -6.000 -0.0002 0 NA
345.00 0.00870 345.1 0.00334 0 -6.000 -0.8333 -6.000 -0.0001 0 NA
350.00 0.00857 350.1 0.00394 0 -6.000 -0.8333 -6.000 -0.0001 0 NA
355.00 0.00845 355.1 0.00460 0 -6.000 -0.8333 -6.000 -0.0002 0 NA
360.00 0.00833 360.1 0.00532 0 -6.000 -0.8333 -6.000 -0.0001 0 NA
365.00 0.00822 365.1 0.00612 0 -6.000 -0.8333 -6.000 -0.0001 0 NA
370.00 0.00811 370.1 0.00699 0 -6.000 -0.8333 -6.000 -0.0001 0 NA
375.00 0.00800 375.1 0.00793 0 -6.000 -0.8333 -6.000 -0.0001 0 NA
380.00 0.00789 380.1 0.00894 1 -6.000 -0.8333 -6.000 -0.0001 0 NA
0.00 0.02500 0.1 0.00000 0 -6.500 -0.7692 -6.500 -0.0002 0 NA
5.00 0.02500 5.1 0.00000 0 -6.500 -0.7692 -6.500 -0.0001 0 NA
10.00 0.02500 10.1 0.00000 0 -6.500 -0.7692 -6.500 -0.0002 0 NA
15.00 0.02500 15.1 0.00000 0 -6.500 -0.7692 -6.500 -0.0001 0 NA
20.00 0.02500 20.1 0.00000 0 -6.500 -0.7692 -6.500 -0.0001 0 NA
25.00 0.02500 25.1 0.00000 0 -6.500 -0.7692 -6.500 -0.0001 0 NA
30.00 0.02500 30.1 0.00000 0 -6.500 -0.7692 -6.500 -0.0002 0 NA
35.00 0.02500 35.1 0.00000 0 -6.500 -0.7692 -6.500 -0.0001 0 NA
40.00 0.02500 40.0 0.00000 0 -6.500 -0.7692 -6.500 -0.0001 0 NA
45.00 0.02500 45.0 0.00000 0 -6.500 -0.7692 -6.500 -0.0001 0 NA
50.00 0.02500 50.0 0.00000 0 -6.500 -0.7692 -6.500 -0.0001 0 NA
55.00 0.02500 55.0 0.00000 0 -6.500 -0.7692 -6.500 -0.0001 0 NA
60.00 0.02500 60.0 0.00000 0 -6.500 -0.7692 -6.500 -0.0001 0 NA
65.00 0.02500 65.0 0.00000 0 -6.500 -0.7692 -6.500 -0.0001 0 NA
70.00 0.02500 70.0 0.00000 0 -6.500 -0.7692 -6.500 -0.0001 0 NA
75.00 0.02500 75.0 0.00000 0 -6.500 -0.7692 -6.500 -0.0002 0 NA
80.00 0.02500 80.1 0.00000 0 -6.500 -0.7692 -6.500 -0.0001 0 NA
85.00 0.02500 85.1 0.00000 0 -6.500 -0.7692 -6.500 -0.0002 0 NA
90.00 0.02500 90.1 0.00000 0 -6.500 -0.7692 -6.500 -0.0001 0 NA
95.00 0.02500 95.1 0.00000 0 -6.500 -0.7692 -6.500 -0.0002 0 NA
100.00 0.02500 100.1 0.00000 0 -6.500 -0.7692 -6.500 -0.0001 0 NA
105.00 0.02500 105.1 0.00000 0 -6.500 -0.7692 -6.500 -0.0001 0 NA
110.00 0.02500 110.1 0.00000 0 -6.500 -0.7692 -6.500 -0.0001 0 NA
115.00 0.02500 115.1 0.00000 0 -6.500 -0.7692 -6.500 -0.0001 0 NA
120.00 0.02500 120.1 0.00000 0 -6.500 -0.7692 -6.500 -0.0001 0 NA
125.00 0.02400 125.1 0.00000 0 -6.500 -0.7692 -6.500 -0.0002 0 NA
130.00 0.02308 130.1 0.00000 0 -6.500 -0.7692 -6.500 -0.0002 0 NA
135.00 0.02222 135.1 0.00000 0 -6.500 -0.7692 -6.500 -0.0002 0 NA
140.00 0.02143 140.1 0.00000 0 -6.500 -0.7692 -6.500 -0.0001 0 NA
145.00 0.02069 145.1 0.00000 0 -6.500 -0.7692 -6.500 -0.0001 0 NA
150.00 0.02000 150.1 0.00000 0 -6.500 -0.7692 -6.500 -0.0001 0 NA
155.00 0.01935 155.1 0.00000 0 -6.500 -0.7692 -6.500 -0.0001 0 NA
160.00 0.01875 160.1 0.00000 0 -6.500 -0.7692 -6.500 -0.0001 0 NA
165.00 0.01818 165.1 0.00000 0 -6.500 -0.7692 -6.500 -0.0001 0 NA
170.00 0.01765 170.1 0.00000 0 -6.500 -0.7692 -6.500 -0.0001 0 NA
175.00 0.01714 175.1 0.00000 0 -6.500 -0.7692 -6.500 -0.0002 0 NA
180.00 0.01667 180.1 0.00000 0 -6.500 -0.7692 -6.500 -0.0001 0 NA
185.00 0.01622 185.1 0.00000 0 -6.500 -0.7692 -6.500 -0.0001 0 NA
190.00 0.01579 190.1 0.00000 0 -6.500 -0.7692 -6.500 -0.0001 0 NA
195.00 0.01538 195.1 0.00000 0 -6.500 -0.7692 -6.500 -0.0002 0 NA
200.00 0.01500 200.1 0.00000 0 -6.500 -0.7692 -6.500 -0.0002 0 NA
205.00 0.01463 205.1 0.00000 0 -6.500 -0.7692 -6.500 -0.0001 0 NA
210.00 0.01429 210.1 0.00000 0 -6.500 -0.7692 -6.500 -0.0002 0 NA
215.00 0.01395 215.1 0.00000 0 -6.500 -0.7692 -6.500 -0.0001 0 NA
220.00 0.01364 220.1 0.00000 0 -6.500 -0.7692 -6.500 -0.0002 0 NA
225.00 0.01333 225.1 0.00000 0 -6.500 -0.7692 -6.500 -0.0002 0 NA
230.00 0.01304 230.1 0.00000 0 -6.500 -0.7692 -6.500 -0.0002 0 NA
235.00 0.01277 235.1 0.00000 0 -6.500 -0.7692 -6.500 -0.0001 0 NA
240.00 0.01250 240.1 0.00000 0 -6.500 -0.7692 -6.500 -0.0001 0 NA
245.00 0.01224 245.1 0.00000 0 -6.500 -0.7692 -6.500 -0.0001 0 NA
250.00 0.01200 250.1 0.00000 0 -6.500 -0.7692 -6.500 -0.0001 0 NA
255.00 0.01176 255.1 0.00000 0 -6.500 -0.7692 -6.500 -0.0001 0 NA
260.00 0.01154 260.1 0.00000 0 -6.500 -0.7692 -6.500 -0.0002 0 NA
265.00 0.01132 265.1 0.00000 0 -6.500 -0.7692 -6.500 -0.0001 0 NA
270.00 0.01111 270.1 0.00000 0 -6.500 -0.7692 -6.500 -0.0001 0 NA
275.00 0.01091 275.1 0.00005 0 -6.500 -0.7692 -6.500 -0.0002 0 NA
280.00 0.01071 280.1 0.00005 0 -6.500 -0.7692 -6.500 -0.0001 0 NA
285.00 0.01053 285.1 0.00007 0 -6.500 -0.7692 -6.500 -0.0001 0 NA
290.00 0.01034 290.1 0.00007 0 -6.500 -0.7692 -6.500 -0.0001 0 NA
295.00 0.01017 295.1 0.00009 0 -6.500 -0.7692 -6.500 -0.0001 0 NA
300.00 0.01000 300.1 0.00012 0 -6.500 -0.7692 -6.500 -0.0001 0 NA
305.00 0.00984 305.1 0.00016 0 -6.500 -0.7692 -6.500 -0.0001 0 NA
310.00 0.00968 310.1 0.00021 0 -6.500 -0.7692 -6.500 -0.0001 0 NA
315.00 0.00952 315.1 0.00028 0 -6.500 -0.7692 -6.500 -0.0001 0 NA
320.00 0.00937 320.1 0.00036 0 -6.500 -0.7692 -6.500 -0.0001 0 NA
325.00 0.00923 325.1 0.00049 0 -6.500 -0.7692 -6.500 -0.0001 0 NA
330.00 0.00909 330.1 0.00063 0 -6.500 -0.7692 -6.500 -0.0002 0 NA
335.00 0.00896 335.1 0.00082 0 -6.500 -0.7692 -6.500 -0.0001 0 NA
340.00 0.00882 340.1 0.00105 0 -6.500 -0.7692 -6.500 -0.0002 0 NA
345.00 0.00870 345.1 0.00132 0 -6.500 -0.7692 -6.500 -0.0001 0 NA
350.00 0.00857 350.1 0.00163 0 -6.500 -0.7692 -6.500 -0.0001 0 NA
355.00 0.00845 355.1 0.00200 0 -6.500 -0.7692 -6.500 -0.0001 0 NA
360.00 0.00833 360.1 0.00243 0 -6.500 -0.7692 -6.500 -0.0001 0 NA
365.00 0.00822 365.1 0.00291 0 -6.500 -0.7692 -6.500 -0.0002 0 NA
370.00 0.00811 370.1 0.00343 0 -6.500 -0.7692 -6.500 -0.0001 0 NA
375.00 0.00800 375.1 0.00404 0 -6.500 -0.7692 -6.500 -0.0002 0 NA
380.00 0.00789 380.1 0.00468 0 -6.500 -0.7692 -6.500 -0.0001 0 NA
385.00 0.00779 385.1 0.00540 0 -6.500 -0.7692 -6.500 -0.0001 0 NA
390.00 0.00769 390.1 0.00618 0 -6.500 -0.7692 -6.500 -0.0001 0 NA
395.00 0.00759 395.1 0.00705 0 -6.500 -0.7692 -6.500 -0.0002 0 NA
400.00 0.00750 400.1 0.00794 1 -6.500 -0.7692 -6.500 -0.0002 0 NA
0.00 0.02500 0.1 0.00000 0 -7.000 -0.7143 -7.000 -0.0001 0 NA
5.00 0.02500 5.1 0.00000 0 -7.000 -0.7143 -7.000 -0.0001 0 NA
10.00 0.02500 10.1 0.00000 0 -7.000 -0.7143 -7.000 -0.0001 0 NA
15.00 0.02500 15.1 0.00000 0 -7.000 -0.7143 -7.000 -0.0001 0 NA
20.00 0.02500 20.1 0.00000 0 -7.000 -0.7143 -7.000 -0.0001 0 NA
25.00 0.02500 25.1 0.00000 0 -7.000 -0.7143 -7.000 -0.0002 0 NA
30.00 0.02500 30.1 0.00000 0 -7.000 -0.7143 -7.000 -0.0001 0 NA
35.00 0.02500 35.1 0.00000 0 -7.000 -0.7143 -7.000 -0.0002 0 NA
40.00 0.02500 40.0 0.00000 0 -7.000 -0.7143 -7.000 -0.0001 0 NA
45.00 0.02500 45.0 0.00000 0 -7.000 -0.7143 -7.000 -0.0001 0 NA
50.00 0.02500 50.0 0.00000 0 -7.000 -0.7143 -7.000 -0.0001 0 NA
55.00 0.02500 55.0 0.00000 0 -7.000 -0.7143 -7.000 -0.0001 0 NA
60.00 0.02500 60.0 0.00000 0 -7.000 -0.7143 -7.000 -0.0001 0 NA
65.00 0.02500 65.0 0.00000 0 -7.000 -0.7143 -7.000 -0.0002 0 NA
70.00 0.02500 70.0 0.00000 0 -7.000 -0.7143 -7.000 -0.0001 0 NA
75.00 0.02500 75.0 0.00000 0 -7.000 -0.7143 -7.000 -0.0001 0 NA
80.00 0.02500 80.1 0.00000 0 -7.000 -0.7143 -7.000 -0.0001 0 NA
85.00 0.02500 85.1 0.00000 0 -7.000 -0.7143 -7.000 -0.0001 0 NA
90.00 0.02500 90.1 0.00000 0 -7.000 -0.7143 -7.000 -0.0001 0 NA
95.00 0.02500 95.1 0.00000 0 -7.000 -0.7143 -7.000 -0.0001 0 NA
100.00 0.02500 100.1 0.00000 0 -7.000 -0.7143 -7.000 -0.0002 0 NA
105.00 0.02500 105.1 0.00000 0 -7.000 -0.7143 -7.000 -0.0002 0 NA
110.00 0.02500 110.1 0.00000 0 -7.000 -0.7143 -7.000 -0.0001 0 NA
115.00 0.02500 115.1 0.00000 0 -7.000 -0.7143 -7.000 -0.0002 0 NA
120.00 0.02500 120.1 0.00000 0 -7.000 -0.7143 -7.000 -0.0001 0 NA
125.00 0.02400 125.1 0.00000 0 -7.000 -0.7143 -7.000 -0.0002 0 NA
130.00 0.02308 130.1 0.00000 0 -7.000 -0.7143 -7.000 -0.0002 0 NA
135.00 0.02222 135.1 0.00000 0 -7.000 -0.7143 -7.000 -0.0001 0 NA
140.00 0.02143 140.1 0.00000 0 -7.000 -0.7143 -7.000 -0.0002 0 NA
145.00 0.02069 145.1 0.00000 0 -7.000 -0.7143 -7.000 -0.0001 0 NA
150.00 0.02000 150.1 0.00000 0 -7.000 -0.7143 -7.000 -0.0001 0 NA
155.00 0.01935 155.1 0.00000 0 -7.000 -0.7143 -7.000 -0.0001 0 NA
160.00 0.01875 160.1 0.00000 0 -7.000 -0.7143 -7.000 -0.0001 0 NA
165.00 0.01818 165.1 0.00000 0 -7.000 -0.7143 -7.000 -0.0001 0 NA
170.00 0.01765 170.1 0.00000 0 -7.000 -0.7143 -7.000 -0.0001 0 NA
175.00 0.01714 175.1 0.00000 0 -7.000 -0.7143 -7.000 -0.0001 0 NA
180.00 0.01667 180.1 0.00000 0 -7.000 -0.7143 -7.000 -0.0002 0 NA
185.00 0.01622 185.1 0.00000 0 -7.000 -0.7143 -7.000 -0.0001 0 NA
190.00 0.01579 190.1 0.00000 0 -7.000 -0.7143 -7.000 -0.0002 0 NA
195.00 0.01538 195.1 0.00000 0 -7.000 -0.7143 -7.000 -0.0001 0 NA
200.00 0.01500 200.1 0.00000 0 -7.000 -0.7143 -7.000 -0.0001 0 NA
205.00 0.01463 205.1 0.00000 0 -7.000 -0.7143 -7.000 -0.0002 0 NA
210.00 0.01429 210.1 0.00000 0 -7.000 -0.7143 -7.000 -0.0001 0 NA
215.00 0.01395 215.1 0.00000 0 -7.000 -0.7143 -7.000 -0.0001 0 NA
220.00 0.01364 220.1 0.00000 0 -7.000 -0.7143 -7.000 -0.0002 0 NA
225.00 0.01333 225.1 0.00000 0 -7.000 -0.7143 -7.000 -0.0001 0 NA
230.00 0.01304 230.1 0.00000 0 -7.000 -0.7143 -7.000 -0.0001 0 NA
235.00 0.01277 235.1 0.00000 0 -7.000 -0.7143 -7.000 -0.0001 0 NA
240.00 0.01250 240.1 0.00000 0 -7.000 -0.7143 -6.999 -0.0001 0 NA
245.00 0.01224 245.1 0.00000 0 -7.000 -0.7143 -7.000 -0.0002 0 NA
250.00 0.01200 250.1 0.00000 0 -7.000 -0.7143 -7.000 -0.0001 0 NA
255.00 0.01176 255.1 0.00000 0 -7.000 -0.7143 -6.999 -0.0001 0 NA
260.00 0.01154 260.1 0.00000 0 -7.000 -0.7143 -7.000 -0.0002 0 NA
265.00 0.01132 265.1 0.00000 0 -7.000 -0.7143 -7.000 -0.0001 0 NA
270.00 0.01111 270.1 0.00000 0 -7.000 -0.7143 -7.000 -0.0001 0 NA
275.00 0.01091 275.1 0.00000 0 -7.000 -0.7143 -7.000 -0.0001 0 NA
280.00 0.01071 280.1 0.00000 0 -7.000 -0.7143 -7.000 -0.0001 0 NA
285.00 0.01053 285.1 0.00000 0 -7.000 -0.7143 -7.000 -0.0002 0 NA
290.00 0.01034 290.1 0.00000 0 -7.000 -0.7143 -7.000 -0.0002 0 NA
295.00 0.01017 295.1 0.00005 0 -7.000 -0.7143 -7.000 -0.0001 0 NA
300.00 0.01000 300.1 0.00005 0 -7.000 -0.7143 -7.000 -0.0001 0 NA
305.00 0.00984 305.1 0.00006 0 -7.000 -0.7143 -7.000 -0.0001 0 NA
310.00 0.00968 310.1 0.00007 0 -7.000 -0.7143 -7.000 -0.0001 0 NA
315.00 0.00952 315.1 0.00009 0 -7.000 -0.7143 -7.000 -0.0001 0 NA
320.00 0.00937 320.1 0.00012 0 -7.000 -0.7143 -7.000 -0.0001 0 NA
325.00 0.00923 325.1 0.00014 0 -7.000 -0.7143 -6.999 -0.0002 0 NA
330.00 0.00909 330.1 0.00019 0 -7.000 -0.7143 -7.000 -0.0002 0 NA
335.00 0.00896 335.1 0.00024 0 -7.000 -0.7143 -7.000 -0.0001 0 NA
340.00 0.00882 340.1 0.00032 0 -7.000 -0.7143 -7.000 -0.0001 0 NA
345.00 0.00870 345.1 0.00042 0 -7.000 -0.7143 -7.000 -0.0001 0 NA
350.00 0.00857 350.1 0.00056 0 -7.000 -0.7143 -7.000 -0.0001 0 NA
355.00 0.00845 355.1 0.00071 0 -7.000 -0.7143 -7.000 -0.0001 0 NA
360.00 0.00833 360.1 0.00091 0 -7.000 -0.7143 -7.000 -0.0001 0 NA
365.00 0.00822 365.1 0.00114 0 -7.000 -0.7143 -7.000 -0.0001 0 NA
370.00 0.00811 370.1 0.00142 0 -7.000 -0.7143 -7.000 -0.0002 0 NA
375.00 0.00800 375.1 0.00175 0 -7.000 -0.7143 -7.000 -0.0001 0 NA
380.00 0.00789 380.1 0.00213 0 -7.000 -0.7143 -7.000 -0.0002 0 NA
385.00 0.00779 385.1 0.00255 0 -7.000 -0.7143 -6.999 -0.0002 0 NA
390.00 0.00769 390.1 0.00303 0 -7.000 -0.7143 -7.000 -0.0001 0 NA
395.00 0.00759 395.1 0.00355 0 -7.000 -0.7143 -7.000 -0.0001 0 NA
400.00 0.00750 400.1 0.00414 0 -7.000 -0.7143 -7.000 -0.0001 0 NA
0.00 0.02500 0.1 0.00000 0 -7.500 -0.6667 -7.499 -0.0001 0 NA
5.00 0.02500 5.1 0.00000 0 -7.500 -0.6667 -7.499 -0.0001 0 NA
10.00 0.02500 10.1 0.00000 0 -7.500 -0.6667 -7.499 -0.0001 0 NA
15.00 0.02500 15.1 0.00000 0 -7.500 -0.6667 -7.499 -0.0002 0 NA
20.00 0.02500 20.1 0.00000 0 -7.500 -0.6667 -7.499 -0.0001 0 NA
25.00 0.02500 25.1 0.00000 0 -7.500 -0.6667 -7.499 -0.0002 0 NA
30.00 0.02500 30.1 0.00000 0 -7.500 -0.6667 -7.499 -0.0001 0 NA
35.00 0.02500 35.1 0.00000 0 -7.500 -0.6667 -7.499 -0.0001 0 NA
40.00 0.02500 40.0 0.00000 0 -7.500 -0.6667 -7.499 -0.0002 0 NA
45.00 0.02500 45.0 0.00000 0 -7.500 -0.6667 -7.499 -0.0002 0 NA
50.00 0.02500 50.0 0.00000 0 -7.500 -0.6667 -7.499 -0.0001 0 NA
55.00 0.02500 55.0 0.00000 0 -7.500 -0.6667 -7.499 -0.0001 0 NA
60.00 0.02500 60.0 0.00000 0 -7.500 -0.6667 -7.499 -0.0001 0 NA
65.00 0.02500 65.0 0.00000 0 -7.500 -0.6667 -7.499 -0.0002 0 NA
70.00 0.02500 70.0 0.00000 0 -7.500 -0.6667 -7.499 -0.0001 0 NA
75.00 0.02500 75.0 0.00000 0 -7.500 -0.6667 -7.499 -0.0001 0 NA
80.00 0.02500 80.1 0.00000 0 -7.500 -0.6667 -7.499 -0.0001 0 NA
85.00 0.02500 85.1 0.00000 0 -7.500 -0.6667 -7.499 -0.0001 0 NA
90.00 0.02500 90.1 0.00000 0 -7.500 -0.6667 -7.499 -0.0001 0 NA
95.00 0.02500 95.1 0.00000 0 -7.500 -0.6667 -7.499 -0.0001 0 NA
100.00 0.02500 100.1 0.00000 0 -7.500 -0.6667 -7.499 -0.0001 0 NA
105.00 0.02500 105.1 0.00000 0 -7.500 -0.6667 -7.499 -0.0001 0 NA
110.00 0.02500 110.1 0.00000 0 -7.500 -0.6667 -7.499 -0.0001 0 NA
115.00 0.02500 115.1 0.00000 0 -7.500 -0.6667 -7.499 -0.0002 0 NA
120.00 0.02500 120.1 0.00000 0 -7.500 -0.6667 -7.499 -0.0001 0 NA
125.00 0.02400 125.1 0.00000 0 -7.500 -0.6667 -7.499 -0.0001 0 NA
130.00 0.02308 130.1 0.00000 0 -7.500 -0.6667 -7.499 -0.0001 0 NA
135.00 0.02222 135.1 0.00000 0 -7.500 -0.6667 -7.499 -0.0002 0 NA
140.00 0.02143 140.1 0.00000 0 -7.500 -0.6667 -7.499 -0.0001 0 NA
145.00 0.02069 145.1 0.00000 0 -7.500 -0.6667 -7.499 -0.0001 0 NA
150.00 0.02000 150.1 0.00000 0 -7.500 -0.6667 -7.499 -0.0001 0 NA
155.00 0.01935 155.1 0.00000 0 -7.500 -0.6667 -7.499 -0.0001 0 NA
160.00 0.01875 160.1 0.00000 0 -7.500 -0.6667 -7.499 -0.0001 0 NA
165.00 0.01818 165.1 0.00000 0 -7.500 -0.6667 -7.499 -0.0002 0 NA
170.00 0.01765 170.1 0.00000 0 -7.500 -0.6667 -7.499 -0.0001 0 NA
175.00 0.01714 175.1 0.00000 0 -7.500 -0.6667 -7.500 -0.0001 0 NA
180.00 0.01667 180.1 0.00000 0 -7.500 -0.6667 -7.499 -0.0001 0 NA
185.00 0.01622 185.1 0.00000 0 -7.500 -0.6667 -7.499 -0.0001 0 NA
190.00 0.01579 190.1 0.00000 0 -7.500 -0.6667 -7.499 -0.0001 0 NA
195.00 0.01538 195.1 0.00000 0 -7.500 -0.6667 -7.499 -0.0001 0 NA
200.00 0.01500 200.1 0.00000 0 -7.500 -0.6667 -7.499 -0.0001 0 NA
205.00 0.01463 205.0 0.00000 0 -7.500 -0.6667 -7.499 -0.0001 0 NA
210.00 0.01429 210.1 0.00000 0 -7.500 -0.6667 -7.499 -0.0002 0 NA
215.00 0.01395 215.1 0.00000 0 -7.500 -0.6667 -7.499 -0.0002 0 NA
220.00 0.01364 220.1 0.00000 0 -7.500 -0.6667 -7.499 -0.0001 0 NA
225.00 0.01333 225.1 0.00000 0 -7.500 -0.6667 -7.499 -0.0001 0 NA
230.00 0.01304 230.1 0.00000 0 -7.500 -0.6667 -7.499 -0.0001 0 NA
235.00 0.01277 235.1 0.00000 0 -7.500 -0.6667 -7.499 -0.0001 0 NA
240.00 0.01250 240.1 0.00000 0 -7.500 -0.6667 -7.499 -0.0002 0 NA
245.00 0.01224 245.1 0.00000 0 -7.500 -0.6667 -7.499 -0.0001 0 NA
250.00 0.01200 250.1 0.00000 0 -7.500 -0.6667 -7.499 -0.0001 0 NA
255.00 0.01176 255.1 0.00000 0 -7.500 -0.6667 -7.499 -0.0001 0 NA
260.00 0.01154 260.1 0.00000 0 -7.500 -0.6667 -7.499 -0.0001 0 NA
265.00 0.01132 265.1 0.00000 0 -7.500 -0.6667 -7.499 -0.0001 0 NA
270.00 0.01111 270.1 0.00000 0 -7.500 -0.6667 -7.499 -0.0001 0 NA
275.00 0.01091 275.1 0.00000 0 -7.500 -0.6667 -7.499 -0.0002 0 NA
280.00 0.01071 280.1 0.00000 0 -7.500 -0.6667 -7.499 -0.0001 0 NA
285.00 0.01053 285.1 0.00000 0 -7.500 -0.6667 -7.499 -0.0002 0 NA
290.00 0.01034 290.1 0.00000 0 -7.500 -0.6667 -7.499 -0.0001 0 NA
295.00 0.01017 295.1 0.00000 0 -7.500 -0.6667 -7.499 -0.0002 0 NA
300.00 0.01000 300.1 0.00000 0 -7.500 -0.6667 -7.499 -0.0002 0 NA
305.00 0.00984 305.1 0.00000 0 -7.500 -0.6667 -7.499 -0.0001 0 NA
310.00 0.00968 310.1 0.00000 0 -7.500 -0.6667 -7.499 -0.0001 0 NA
315.00 0.00952 315.1 0.00005 0 -7.500 -0.6667 -7.499 -0.0002 0 NA
320.00 0.00937 320.1 0.00005 0 -7.500 -0.6667 -7.499 -0.0001 0 NA
325.00 0.00923 325.1 0.00006 0 -7.500 -0.6667 -7.499 -0.0001 0 NA
330.00 0.00909 330.1 0.00007 0 -7.500 -0.6667 -7.499 -0.0002 0 NA
335.00 0.00896 335.1 0.00008 0 -7.500 -0.6667 -7.499 -0.0002 0 NA
340.00 0.00882 340.1 0.00010 0 -7.500 -0.6667 -7.499 -0.0001 0 NA
345.00 0.00870 345.1 0.00013 0 -7.500 -0.6667 -7.499 -0.0001 0 NA
350.00 0.00857 350.1 0.00017 0 -7.500 -0.6667 -7.499 -0.0001 0 NA
355.00 0.00845 355.1 0.00021 0 -7.500 -0.6667 -7.499 -0.0001 0 NA
360.00 0.00833 360.1 0.00028 0 -7.500 -0.6667 -7.499 -0.0001 0 NA
365.00 0.00822 365.1 0.00037 0 -7.500 -0.6667 -7.499 -0.0002 0 NA
370.00 0.00811 370.1 0.00048 0 -7.500 -0.6667 -7.499 -0.0001 0 NA
375.00 0.00800 375.1 0.00062 0 -7.500 -0.6667 -7.499 -0.0001 0 NA
380.00 0.00789 380.1 0.00078 0 -7.500 -0.6667 -7.499 -0.0002 0 NA
385.00 0.00779 385.1 0.00099 0 -7.500 -0.6667 -7.499 -0.0001 0 NA
390.00 0.00769 390.1 0.00123 0 -7.500 -0.6667 -7.499 -0.0002 0 NA
395.00 0.00759 395.1 0.00151 0 -7.500 -0.6667 -7.499 -0.0001 0 NA
400.00 0.00750 400.1 0.00184 0 -7.500 -0.6667 -7.499 -0.0001 0 NA
0.00 0.02500 0.1 0.00000 0 -8.000 -0.6250 -7.999 -0.0001 0 NA
5.00 0.02500 5.1 0.00000 0 -8.000 -0.6250 -7.999 -0.0002 0 NA
10.00 0.02500 10.1 0.00000 0 -8.000 -0.6250 -7.999 -0.0001 0 NA
15.00 0.02500 15.1 0.00000 0 -8.000 -0.6250 -7.999 -0.0002 0 NA
20.00 0.02500 20.1 0.00000 0 -8.000 -0.6250 -7.999 -0.0001 0 NA
25.00 0.02500 25.1 0.00000 0 -8.000 -0.6250 -7.999 -0.0001 0 NA
30.00 0.02500 30.1 0.00000 0 -8.000 -0.6250 -7.999 -0.0002 0 NA
35.00 0.02500 35.1 0.00000 0 -8.000 -0.6250 -7.999 -0.0002 0 NA
40.00 0.02500 40.0 0.00000 0 -8.000 -0.6250 -7.999 -0.0001 0 NA
45.00 0.02500 45.0 0.00000 0 -8.000 -0.6250 -7.999 -0.0002 0 NA
50.00 0.02500 50.0 0.00000 0 -8.000 -0.6250 -7.999 -0.0001 0 NA
55.00 0.02500 55.0 0.00000 0 -8.000 -0.6250 -7.999 -0.0001 0 NA
60.00 0.02500 60.0 0.00000 0 -8.000 -0.6250 -7.999 -0.0001 0 NA
65.00 0.02500 65.0 0.00000 0 -8.000 -0.6250 -7.999 -0.0001 0 NA
70.00 0.02500 70.0 0.00000 0 -8.000 -0.6250 -7.999 -0.0001 0 NA
75.00 0.02500 75.0 0.00000 0 -8.000 -0.6250 -7.999 -0.0002 0 NA
80.00 0.02500 80.1 0.00000 0 -8.000 -0.6250 -7.999 -0.0001 0 NA
85.00 0.02500 85.1 0.00000 0 -8.000 -0.6250 -7.999 -0.0001 0 NA
90.00 0.02500 90.1 0.00000 0 -8.000 -0.6250 -7.999 -0.0001 0 NA
95.00 0.02500 95.1 0.00000 0 -8.000 -0.6250 -7.999 -0.0002 0 NA
100.00 0.02500 100.1 0.00000 0 -8.000 -0.6250 -7.999 -0.0001 0 NA
105.00 0.02500 105.1 0.00000 0 -8.000 -0.6250 -7.999 -0.0001 0 NA
110.00 0.02500 110.1 0.00000 0 -8.000 -0.6250 -7.999 -0.0001 0 NA
115.00 0.02500 115.1 0.00000 0 -8.000 -0.6250 -7.999 -0.0002 0 NA
120.00 0.02500 120.1 0.00000 0 -8.000 -0.6250 -7.999 -0.0002 0 NA
125.00 0.02400 125.1 0.00000 0 -8.000 -0.6250 -7.999 -0.0002 0 NA
130.00 0.02308 130.1 0.00000 0 -8.000 -0.6250 -7.999 -0.0001 0 NA
135.00 0.02222 135.1 0.00000 0 -8.000 -0.6250 -7.999 -0.0002 0 NA
140.00 0.02143 140.1 0.00000 0 -8.000 -0.6250 -7.999 -0.0001 0 NA
145.00 0.02069 145.1 0.00000 0 -8.000 -0.6250 -7.999 -0.0002 0 NA
150.00 0.02000 150.1 0.00000 0 -8.000 -0.6250 -7.999 -0.0002 0 NA
155.00 0.01935 155.1 0.00000 0 -8.000 -0.6250 -7.999 -0.0001 0 NA
160.00 0.01875 160.1 0.00000 0 -8.000 -0.6250 -7.999 -0.0001 0 NA
165.00 0.01818 165.1 0.00000 0 -8.000 -0.6250 -7.999 -0.0002 0 NA
170.00 0.01765 170.1 0.00000 0 -8.000 -0.6250 -7.999 -0.0001 0 NA
175.00 0.01714 175.1 0.00000 0 -8.000 -0.6250 -7.999 -0.0001 0 NA
180.00 0.01667 180.1 0.00000 0 -8.000 -0.6250 -7.999 -0.0002 0 NA
185.00 0.01622 185.1 0.00000 0 -8.000 -0.6250 -7.999 -0.0001 0 NA
190.00 0.01579 190.1 0.00000 0 -8.000 -0.6250 -7.999 -0.0002 0 NA
195.00 0.01538 195.1 0.00000 0 -8.000 -0.6250 -7.999 -0.0002 0 NA
200.00 0.01500 200.1 0.00000 0 -8.000 -0.6250 -7.999 -0.0001 0 NA
205.00 0.01463 205.1 0.00000 0 -8.000 -0.6250 -7.999 -0.0001 0 NA
210.00 0.01429 210.1 0.00000 0 -8.000 -0.6250 -7.999 -0.0001 0 NA
215.00 0.01395 215.1 0.00000 0 -8.000 -0.6250 -7.999 -0.0002 0 NA
220.00 0.01364 220.1 0.00000 0 -8.000 -0.6250 -7.999 -0.0001 0 NA
225.00 0.01333 225.1 0.00000 0 -8.000 -0.6250 -7.999 -0.0001 0 NA
230.00 0.01304 230.1 0.00000 0 -8.000 -0.6250 -7.999 -0.0001 0 NA
235.00 0.01277 235.1 0.00000 0 -8.000 -0.6250 -7.999 -0.0002 0 NA
240.00 0.01250 240.1 0.00000 0 -8.000 -0.6250 -7.999 -0.0001 0 NA
245.00 0.01224 245.1 0.00000 0 -8.000 -0.6250 -7.999 -0.0001 0 NA
250.00 0.01200 250.1 0.00000 0 -8.000 -0.6250 -7.999 -0.0002 0 NA
255.00 0.01176 255.1 0.00000 0 -8.000 -0.6250 -8.000 -0.0001 0 NA
260.00 0.01154 260.1 0.00000 0 -8.000 -0.6250 -7.999 -0.0001 0 NA
265.00 0.01132 265.1 0.00000 0 -8.000 -0.6250 -7.999 -0.0001 0 NA
270.00 0.01111 270.1 0.00000 0 -8.000 -0.6250 -8.000 -0.0001 0 NA
275.00 0.01091 275.1 0.00000 0 -8.000 -0.6250 -7.999 -0.0001 0 NA
280.00 0.01071 280.1 0.00000 0 -8.000 -0.6250 -7.999 -0.0002 0 NA
285.00 0.01053 285.1 0.00000 0 -8.000 -0.6250 -7.999 -0.0001 0 NA
290.00 0.01034 290.1 0.00000 0 -8.000 -0.6250 -7.999 -0.0001 0 NA
295.00 0.01017 295.1 0.00000 0 -8.000 -0.6250 -7.999 -0.0002 0 NA
300.00 0.01000 300.1 0.00000 0 -8.000 -0.6250 -7.999 -0.0001 0 NA
305.00 0.00984 305.1 0.00000 0 -8.000 -0.6250 -7.999 -0.0001 0 NA
310.00 0.00968 310.1 0.00000 0 -8.000 -0.6250 -7.999 -0.0002 0 NA
315.00 0.00952 315.1 0.00000 0 -8.000 -0.6250 -7.999 -0.0001 0 NA
320.00 0.00937 320.1 0.00000 0 -8.000 -0.6250 -7.999 -0.0001 0 NA
325.00 0.00923 325.1 0.00000 0 -8.000 -0.6250 -7.999 -0.0001 0 NA
330.00 0.00909 330.1 0.00000 0 -8.000 -0.6250 -7.999 -0.0001 0 NA
335.00 0.00896 335.1 0.00000 0 -8.000 -0.6250 -7.999 -0.0001 0 NA
340.00 0.00882 340.1 0.00005 0 -8.000 -0.6250 -7.999 -0.0001 0 NA
345.00 0.00870 345.1 0.00006 0 -8.000 -0.6250 -7.999 -0.0001 0 NA
350.00 0.00857 350.1 0.00007 0 -8.000 -0.6250 -7.999 -0.0002 0 NA
355.00 0.00845 355.1 0.00007 0 -8.000 -0.6250 -7.999 -0.0001 0 NA
360.00 0.00833 360.1 0.00010 0 -8.000 -0.6250 -7.999 -0.0001 0 NA
365.00 0.00822 365.1 0.00012 0 -8.000 -0.6250 -7.999 -0.0001 0 NA
370.00 0.00811 370.1 0.00015 0 -8.000 -0.6250 -7.999 -0.0001 0 NA
375.00 0.00800 375.1 0.00020 0 -8.000 -0.6250 -7.999 -0.0001 0 NA
380.00 0.00789 380.1 0.00026 0 -8.000 -0.6250 -7.999 -0.0001 0 NA
385.00 0.00779 385.1 0.00033 0 -8.000 -0.6250 -7.999 -0.0001 0 NA
390.00 0.00769 390.1 0.00042 0 -8.000 -0.6250 -8.000 -0.0001 0 NA
395.00 0.00759 395.1 0.00054 0 -8.000 -0.6250 -7.999 -0.0001 0 NA
400.00 0.00750 400.1 0.00069 0 -8.000 -0.6250 -7.999 -0.0001 0 NA
