% * Sample: MJL21193_3
% * Date / time: 2023-12-09 21:51:42.393084
% * R2CONTROL =  2093.0 Ohm
% Column 1:  PSU1 nominal voltage setting (V)
% Column 2:  PSU1 nominal current setting (A)
% Column 3:  PSU1 voltage measurement (V)
% Column 4:  PSU1 current measurement (I)
% Column 5:  PSU1 limiter flag
% Column 6:  PSU2 nominal voltage setting (V)
% Column 7:  PSU2 nominal current setting (A)
% Column 8:  PSU2 voltage measurement (V)
% Column 9:  PSU2 current measurement (I)
% Column 10: PSU2 limiter flag
% Column 11: Heaterblock temperature (°C)
% * OPERATING POINT AT END OF PREHEAT / IDLE: U1 = -12.000 V  I1 = -0.4997 A  U2 = -8.987 V  I2 = -0.0041 A  T = 50.00 °C
-0.000 -2.0000 -0.000 -0.0000 0 -0.650 -0.3000 -0.650 -0.0002 0 50.00
-1.000 -2.0000 -1.000 -0.0073 0 -0.650 -0.3000 -0.650 -0.0002 0 49.94
-2.000 -2.0000 -2.001 -0.0072 0 -0.650 -0.3000 -0.650 -0.0002 0 49.94
-3.000 -2.0000 -3.000 -0.0072 0 -0.650 -0.3000 -0.650 -0.0002 0 49.94
-4.000 -2.0000 -4.001 -0.0072 0 -0.650 -0.3000 -0.650 -0.0002 0 49.94
-5.000 -2.0000 -5.001 -0.0071 0 -0.650 -0.3000 -0.650 -0.0002 0 49.94
-6.000 -2.0000 -6.001 -0.0072 0 -0.650 -0.3000 -0.650 -0.0002 0 50.00
-7.000 -2.0000 -7.000 -0.0073 0 -0.650 -0.3000 -0.650 -0.0002 0 50.00
-8.000 -2.0000 -8.000 -0.0072 0 -0.650 -0.3000 -0.649 -0.0002 0 50.00
-9.000 -2.0000 -8.999 -0.0073 0 -0.650 -0.3000 -0.650 -0.0002 0 50.00
-10.000 -2.0000 -10.000 -0.0073 0 -0.650 -0.3000 -0.650 -0.0002 0 50.00
-11.000 -2.0000 -10.999 -0.0073 0 -0.650 -0.3000 -0.650 -0.0002 0 50.00
-12.000 -2.0000 -12.000 -0.0073 0 -0.650 -0.3000 -0.650 -0.0002 0 50.00
-13.000 -2.0000 -12.998 -0.0073 0 -0.650 -0.3000 -0.650 -0.0002 0 50.00
-14.000 -2.0000 -13.999 -0.0073 0 -0.650 -0.3000 -0.650 -0.0002 0 50.00
-15.000 -2.0000 -14.999 -0.0073 0 -0.650 -0.3000 -0.649 -0.0002 0 50.00
-16.000 -2.0000 -15.999 -0.0073 0 -0.650 -0.3000 -0.649 -0.0002 0 50.00
-17.000 -2.0000 -16.999 -0.0074 0 -0.650 -0.3000 -0.650 -0.0002 0 50.00
-18.000 -2.0000 -17.999 -0.0074 0 -0.650 -0.3000 -0.650 -0.0002 0 50.00
-19.000 -2.0000 -18.999 -0.0074 0 -0.650 -0.3000 -0.650 -0.0002 0 50.00
-20.000 -2.0000 -19.999 -0.0074 0 -0.650 -0.3000 -0.650 -0.0002 0 50.06
-0.000 -2.0000 -0.001 -0.0000 0 -4.836 -0.3000 -4.836 -0.0022 0 50.06
-1.000 -2.0000 -1.000 -0.2444 0 -4.836 -0.3000 -4.836 -0.0022 0 50.00
-2.000 -2.0000 -2.001 -0.2466 0 -4.836 -0.3000 -4.836 -0.0022 0 50.00
-3.000 -2.0000 -3.000 -0.2481 0 -4.836 -0.3000 -4.836 -0.0022 0 50.00
-4.000 -2.0000 -4.001 -0.2495 0 -4.836 -0.3000 -4.836 -0.0022 0 50.00
-5.000 -2.0000 -5.001 -0.2508 0 -4.836 -0.3000 -4.836 -0.0022 0 50.00
-6.000 -2.0000 -6.000 -0.2520 0 -4.836 -0.3000 -4.836 -0.0022 0 50.06
-7.000 -2.0000 -7.001 -0.2531 0 -4.836 -0.3000 -4.836 -0.0021 0 50.06
-8.000 -2.0000 -8.000 -0.2542 0 -4.836 -0.3000 -4.836 -0.0022 0 50.06
-9.000 -2.0000 -9.000 -0.2553 0 -4.836 -0.3000 -4.836 -0.0022 0 50.06
-10.000 -2.0000 -10.000 -0.2563 0 -4.836 -0.3000 -4.836 -0.0022 0 50.00
-11.000 -2.0000 -10.999 -0.2573 0 -4.836 -0.3000 -4.836 -0.0022 0 50.00
-12.000 -2.0000 -12.000 -0.2583 0 -4.836 -0.3000 -4.836 -0.0022 0 50.00
-13.000 -2.0000 -12.999 -0.2593 0 -4.836 -0.3000 -4.836 -0.0022 0 50.06
-14.000 -2.0000 -13.999 -0.2603 0 -4.836 -0.3000 -4.836 -0.0021 0 50.00
-15.000 -2.0000 -14.999 -0.2612 0 -4.836 -0.3000 -4.836 -0.0022 0 50.06
-16.000 -2.0000 -15.999 -0.2621 0 -4.836 -0.3000 -4.836 -0.0022 0 50.06
-17.000 -2.0000 -17.000 -0.2631 0 -4.836 -0.3000 -4.836 -0.0021 0 50.06
-18.000 -2.0000 -17.999 -0.2640 0 -4.836 -0.3000 -4.836 -0.0022 0 50.06
-19.000 -2.0000 -18.999 -0.2649 0 -4.836 -0.3000 -4.836 -0.0022 0 50.06
-20.000 -2.0000 -19.999 -0.2658 0 -4.836 -0.3000 -4.836 -0.0022 0 50.00
-0.000 -2.0000 -0.001 -0.0000 0 -9.022 -0.3000 -9.021 -0.0042 0 50.06
-1.000 -2.0000 -1.000 -0.4554 0 -9.022 -0.3000 -9.021 -0.0041 0 50.00
-2.000 -2.0000 -2.000 -0.4613 0 -9.022 -0.3000 -9.021 -0.0041 0 50.00
-3.000 -2.0000 -3.000 -0.4654 0 -9.022 -0.3000 -9.021 -0.0042 0 49.94
-4.000 -2.0000 -4.001 -0.4688 0 -9.022 -0.3000 -9.021 -0.0042 0 49.94
-5.000 -2.0000 -5.001 -0.4722 0 -9.022 -0.3000 -9.021 -0.0042 0 50.00
-6.000 -2.0000 -6.000 -0.4751 0 -9.022 -0.3000 -9.021 -0.0041 0 50.00
-7.000 -2.0000 -7.000 -0.4780 0 -9.022 -0.3000 -9.021 -0.0041 0 50.00
-8.000 -2.0000 -7.999 -0.4808 0 -9.022 -0.3000 -9.021 -0.0041 0 50.00
-9.000 -2.0000 -9.000 -0.4836 0 -9.022 -0.3000 -9.021 -0.0042 0 50.00
-10.000 -2.0000 -10.000 -0.4862 0 -9.022 -0.3000 -9.021 -0.0041 0 50.06
-11.000 -2.0000 -10.999 -0.4888 0 -9.022 -0.3000 -9.021 -0.0041 0 50.06
-12.000 -2.0000 -12.000 -0.4915 0 -9.022 -0.3000 -9.021 -0.0042 0 50.06
-13.000 -2.0000 -12.999 -0.4938 0 -9.022 -0.3000 -9.021 -0.0042 0 50.06
-14.000 -2.0000 -13.999 -0.4962 0 -9.022 -0.3000 -9.021 -0.0042 0 50.06
-15.000 -2.0000 -14.999 -0.4986 0 -9.022 -0.3000 -9.021 -0.0042 0 50.06
-16.000 -2.0000 -15.999 -0.5008 0 -9.022 -0.3000 -9.021 -0.0042 0 50.06
-17.000 -2.0000 -17.000 -0.5031 0 -9.022 -0.3000 -9.021 -0.0041 0 50.06
-18.000 -2.0000 -17.999 -0.5053 0 -9.022 -0.3000 -9.021 -0.0042 0 50.06
-19.000 -2.0000 -18.999 -0.5076 0 -9.022 -0.3000 -9.021 -0.0042 0 50.00
-20.000 -2.0000 -19.999 -0.5096 0 -9.022 -0.3000 -9.021 -0.0041 0 50.00
-0.000 -2.0000 -0.001 -0.0000 0 -13.208 -0.3000 -13.207 -0.0062 0 50.00
-1.000 -2.0000 -1.000 -0.6335 0 -13.208 -0.3000 -13.208 -0.0061 0 50.00
-2.000 -2.0000 -2.001 -0.6476 0 -13.208 -0.3000 -13.207 -0.0061 0 49.94
-3.000 -2.0000 -3.000 -0.6549 0 -13.208 -0.3000 -13.208 -0.0061 0 49.88
-4.000 -2.0000 -4.001 -0.6610 0 -13.208 -0.3000 -13.208 -0.0062 0 49.94
-5.000 -2.0000 -5.001 -0.6667 0 -13.208 -0.3000 -13.208 -0.0061 0 49.94
-6.000 -2.0000 -6.001 -0.6720 0 -13.208 -0.3000 -13.208 -0.0061 0 49.94
-7.000 -2.0000 -7.001 -0.6770 0 -13.208 -0.3000 -13.207 -0.0062 0 50.00
-8.000 -2.0000 -7.999 -0.6817 0 -13.208 -0.3000 -13.207 -0.0061 0 50.00
-9.000 -2.0000 -9.000 -0.6864 0 -13.208 -0.3000 -13.207 -0.0061 0 50.00
-10.000 -2.0000 -10.000 -0.6909 0 -13.208 -0.3000 -13.207 -0.0062 0 50.06
-11.000 -2.0000 -10.999 -0.6953 0 -13.208 -0.3000 -13.208 -0.0062 0 50.06
-12.000 -2.0000 -12.000 -0.6997 0 -13.208 -0.3000 -13.208 -0.0062 0 50.06
-13.000 -2.0000 -12.998 -0.7038 0 -13.208 -0.3000 -13.208 -0.0061 0 50.06
-14.000 -2.0000 -13.999 -0.7079 0 -13.208 -0.3000 -13.208 -0.0062 0 50.06
-15.000 -2.0000 -14.999 -0.7118 0 -13.208 -0.3000 -13.207 -0.0061 0 50.06
-16.000 -2.0000 -15.999 -0.7157 0 -13.208 -0.3000 -13.208 -0.0062 0 50.06
-17.000 -2.0000 -16.999 -0.7194 0 -13.208 -0.3000 -13.208 -0.0061 0 50.06
-18.000 -2.0000 -17.999 -0.7230 0 -13.208 -0.3000 -13.208 -0.0062 0 50.06
-19.000 -2.0000 -18.999 -0.7266 0 -13.208 -0.3000 -13.207 -0.0061 0 50.06
-20.000 -2.0000 -19.999 -0.7299 0 -13.208 -0.3000 -13.208 -0.0062 0 50.06
-0.000 -2.0000 -0.002 -0.0000 0 -17.394 -0.3000 -17.394 -0.0082 0 50.06
-1.000 -2.0000 -1.000 -0.7772 0 -17.394 -0.3000 -17.394 -0.0082 0 49.94
-2.000 -2.0000 -2.000 -0.8089 0 -17.394 -0.3000 -17.393 -0.0082 0 49.88
-3.000 -2.0000 -3.000 -0.8200 0 -17.394 -0.3000 -17.394 -0.0081 0 49.88
-4.000 -2.0000 -4.001 -0.8292 0 -17.394 -0.3000 -17.394 -0.0082 0 49.88
-5.000 -2.0000 -5.001 -0.8373 0 -17.394 -0.3000 -17.394 -0.0082 0 49.88
-6.000 -2.0000 -6.001 -0.8450 0 -17.394 -0.3000 -17.393 -0.0082 0 49.94
-7.000 -2.0000 -7.001 -0.8524 0 -17.394 -0.3000 -17.394 -0.0082 0 49.94
-8.000 -2.0000 -7.999 -0.8594 0 -17.394 -0.3000 -17.394 -0.0082 0 50.00
-9.000 -2.0000 -8.999 -0.8661 0 -17.394 -0.3000 -17.393 -0.0082 0 50.00
-10.000 -2.0000 -10.000 -0.8726 0 -17.394 -0.3000 -17.394 -0.0082 0 50.06
-11.000 -2.0000 -10.999 -0.8790 0 -17.394 -0.3000 -17.394 -0.0082 0 50.06
-12.000 -2.0000 -12.000 -0.8853 0 -17.394 -0.3000 -17.394 -0.0082 0 50.06
-13.000 -2.0000 -12.998 -0.8912 0 -17.394 -0.3000 -17.394 -0.0082 0 50.06
-14.000 -2.0000 -13.999 -0.8971 0 -17.394 -0.3000 -17.394 -0.0082 0 50.06
-15.000 -2.0000 -14.999 -0.9030 0 -17.394 -0.3000 -17.394 -0.0082 0 50.06
-16.000 -2.0000 -15.999 -0.9086 0 -17.394 -0.3000 -17.394 -0.0082 0 50.06
-17.000 -2.0000 -16.999 -0.9139 0 -17.394 -0.3000 -17.394 -0.0082 0 50.06
-18.000 -2.0000 -17.999 -0.9193 0 -17.394 -0.3000 -17.394 -0.0082 0 50.06
-19.000 -2.0000 -18.999 -0.9244 0 -17.394 -0.3000 -17.394 -0.0081 0 50.06
-20.000 -2.0000 -20.000 -0.9292 0 -17.394 -0.3000 -17.393 -0.0082 0 50.12
-0.000 -2.0000 -0.002 -0.0000 0 -21.580 -0.3000 -21.579 -0.0102 0 50.06
-1.000 -2.0000 -1.000 -0.8915 0 -21.580 -0.3000 -21.580 -0.0102 0 49.94
-2.000 -2.0000 -2.001 -0.9503 0 -21.580 -0.3000 -21.580 -0.0102 0 49.88
-3.000 -2.0000 -3.000 -0.9666 0 -21.580 -0.3000 -21.579 -0.0102 0 49.81
-4.000 -2.0000 -4.001 -0.9790 0 -21.580 -0.3000 -21.579 -0.0101 0 49.81
-5.000 -2.0000 -5.001 -0.9901 0 -21.580 -0.3000 -21.579 -0.0102 0 49.88
-6.000 -2.0000 -6.001 -1.0004 0 -21.580 -0.3000 -21.579 -0.0102 0 49.94
-7.000 -2.0000 -7.000 -1.0102 0 -21.580 -0.3000 -21.580 -0.0102 0 49.94
-8.000 -2.0000 -8.000 -1.0194 0 -21.580 -0.3000 -21.579 -0.0101 0 50.00
-9.000 -2.0000 -9.000 -1.0284 0 -21.580 -0.3000 -21.579 -0.0102 0 50.00
-10.000 -2.0000 -10.000 -1.0372 0 -21.580 -0.3000 -21.579 -0.0102 0 50.06
-11.000 -2.0000 -10.999 -1.0455 0 -21.580 -0.3000 -21.580 -0.0102 0 50.06
-12.000 -2.0000 -12.000 -1.0540 0 -21.580 -0.3000 -21.579 -0.0102 0 50.06
-13.000 -2.0000 -12.999 -1.0620 0 -21.580 -0.3000 -21.579 -0.0102 0 50.06
-14.000 -2.0000 -13.999 -1.0699 0 -21.580 -0.3000 -21.579 -0.0102 0 50.06
-15.000 -2.0000 -14.999 -1.0778 0 -21.580 -0.3000 -21.579 -0.0102 0 50.06
-16.000 -2.0000 -15.999 -1.0854 0 -21.580 -0.3000 -21.579 -0.0102 0 50.06
-17.000 -2.0000 -17.000 -1.0928 0 -21.580 -0.3000 -21.580 -0.0102 0 50.12
-18.000 -2.0000 -17.999 -1.1001 0 -21.580 -0.3000 -21.579 -0.0102 0 50.06
-19.000 -2.0000 -18.999 -1.1070 0 -21.580 -0.3000 -21.580 -0.0102 0 50.12
-20.000 -2.0000 -19.999 -1.1137 0 -21.580 -0.3000 -21.579 -0.0102 0 50.12
-0.000 -2.0000 -0.002 -0.0000 0 -25.766 -0.3000 -25.766 -0.0122 0 50.06
-1.000 -2.0000 -1.000 -0.9885 0 -25.766 -0.3000 -25.766 -0.0122 0 49.94
-2.000 -2.0000 -2.001 -1.0789 0 -25.766 -0.3000 -25.766 -0.0122 0 49.81
-3.000 -2.0000 -3.000 -1.1011 0 -25.766 -0.3000 -25.766 -0.0122 0 49.75
-4.000 -2.0000 -4.001 -1.1171 0 -25.766 -0.3000 -25.766 -0.0122 0 49.81
-5.000 -2.0000 -5.001 -1.1310 0 -25.766 -0.3000 -25.766 -0.0122 0 49.81
-6.000 -2.0000 -6.001 -1.1439 0 -25.766 -0.3000 -25.766 -0.0121 0 49.88
-7.000 -2.0000 -7.000 -1.1561 0 -25.766 -0.3000 -25.766 -0.0122 0 49.94
-8.000 -2.0000 -8.000 -1.1678 0 -25.766 -0.3000 -25.766 -0.0122 0 50.00
-9.000 -2.0000 -9.000 -1.1790 0 -25.766 -0.3000 -25.766 -0.0121 0 50.00
-10.000 -2.0000 -10.000 -1.1901 0 -25.766 -0.3000 -25.766 -0.0122 0 50.00
-11.000 -2.0000 -11.000 -1.2008 0 -25.766 -0.3000 -25.766 -0.0122 0 50.06
-12.000 -2.0000 -12.000 -1.2112 0 -25.766 -0.3000 -25.766 -0.0122 0 50.06
-13.000 -2.0000 -12.999 -1.2214 0 -25.766 -0.3000 -25.766 -0.0122 0 50.06
-14.000 -2.0000 -13.999 -1.2315 0 -25.766 -0.3000 -25.766 -0.0122 0 50.06
-15.000 -2.0000 -14.999 -1.2415 0 -25.766 -0.3000 -25.766 -0.0122 0 50.12
-16.000 -2.0000 -15.999 -1.2512 0 -25.766 -0.3000 -25.766 -0.0122 0 50.12
-17.000 -2.0000 -16.999 -1.2607 0 -25.766 -0.3000 -25.766 -0.0122 0 50.12
-18.000 -2.0000 -17.999 -1.2700 0 -25.766 -0.3000 -25.766 -0.0122 0 50.12
-19.000 -2.0000 -18.999 -1.2790 0 -25.766 -0.3000 -25.766 -0.0122 0 50.12
-20.000 -2.0000 -20.000 -1.2877 0 -25.766 -0.3000 -25.766 -0.0122 0 50.12
-0.000 -2.0000 -0.002 -0.0000 0 -29.952 -0.3000 -29.953 -0.0142 0 50.12
-1.000 -2.0000 -1.000 -1.0728 0 -29.952 -0.3000 -29.952 -0.0142 0 49.94
-2.000 -2.0000 -2.001 -1.1963 0 -29.952 -0.3000 -29.953 -0.0142 0 49.75
-3.000 -2.0000 -3.000 -1.2262 0 -29.952 -0.3000 -29.953 -0.0141 0 49.75
-4.000 -2.0000 -4.001 -1.2460 0 -29.952 -0.3000 -29.953 -0.0141 0 49.75
-5.000 -2.0000 -5.001 -1.2630 0 -29.952 -0.3000 -29.953 -0.0142 0 49.81
-6.000 -2.0000 -6.001 -1.2787 0 -29.952 -0.3000 -29.953 -0.0141 0 49.88
-7.000 -2.0000 -7.000 -1.2933 0 -29.952 -0.3000 -29.953 -0.0141 0 49.94
-8.000 -2.0000 -8.000 -1.3072 0 -29.952 -0.3000 -29.953 -0.0142 0 50.00
-9.000 -2.0000 -9.000 -1.3208 0 -29.952 -0.3000 -29.953 -0.0141 0 50.00
-10.000 -2.0000 -10.000 -1.3340 0 -29.952 -0.3000 -29.953 -0.0142 0 50.06
-11.000 -2.0000 -10.999 -1.3470 0 -29.952 -0.3000 -29.952 -0.0141 0 50.06
-12.000 -2.0000 -12.000 -1.3595 0 -29.952 -0.3000 -29.953 -0.0141 0 50.06
-13.000 -2.0000 -12.999 -1.3720 0 -29.952 -0.3000 -29.952 -0.0141 0 50.12
-14.000 -2.0000 -13.999 -1.3842 0 -29.952 -0.3000 -29.953 -0.0141 0 50.12
-15.000 -2.0000 -14.999 -1.3962 0 -29.952 -0.3000 -29.953 -0.0141 0 50.12
-16.000 -2.0000 -15.999 -1.4080 0 -29.952 -0.3000 -29.952 -0.0141 0 50.12
-17.000 -2.0000 -17.000 -1.4197 0 -29.952 -0.3000 -29.952 -0.0141 0 50.12
-18.000 -2.0000 -17.999 -1.4312 0 -29.952 -0.3000 -29.953 -0.0142 0 50.12
-19.000 -2.0000 -18.999 -1.4423 0 -29.952 -0.3000 -29.953 -0.0142 0 50.12
-20.000 -2.0000 -20.000 -1.4531 0 -29.952 -0.3000 -29.953 -0.0142 0 50.12
-0.000 -2.0000 -0.002 -0.0000 0 -34.138 -0.2929 -34.138 -0.0162 0 50.06
-1.000 -2.0000 -1.000 -1.1479 0 -34.138 -0.2929 -34.138 -0.0161 0 49.88
-2.000 -2.0000 -2.001 -1.3034 0 -34.138 -0.2929 -34.138 -0.0161 0 49.75
-3.000 -2.0000 -3.000 -1.3433 0 -34.138 -0.2929 -34.138 -0.0161 0 49.69
-4.000 -2.0000 -4.001 -1.3676 0 -34.138 -0.2929 -34.138 -0.0161 0 49.75
-5.000 -2.0000 -5.001 -1.3879 0 -34.138 -0.2929 -34.138 -0.0161 0 49.81
-6.000 -2.0000 -6.001 -1.4063 0 -34.138 -0.2929 -34.138 -0.0161 0 49.88
-7.000 -2.0000 -7.001 -1.4234 0 -34.138 -0.2929 -34.138 -0.0161 0 49.94
-8.000 -2.0000 -8.000 -1.4397 0 -34.138 -0.2929 -34.138 -0.0161 0 50.00
-9.000 -2.0000 -9.000 -1.4556 0 -34.138 -0.2929 -34.138 -0.0161 0 50.00
-10.000 -2.0000 -10.000 -1.4708 0 -34.138 -0.2929 -34.138 -0.0161 0 50.06
-11.000 -2.0000 -10.999 -1.4858 0 -34.138 -0.2929 -34.138 -0.0161 0 50.06
-12.000 -2.0000 -12.000 -1.5005 0 -34.138 -0.2929 -34.138 -0.0161 0 50.06
-13.000 -2.0000 -12.998 -1.5149 0 -34.138 -0.2929 -34.138 -0.0161 0 50.12
-14.000 -2.0000 -13.999 -1.5291 0 -34.138 -0.2929 -34.138 -0.0161 0 50.12
-15.000 -2.0000 -14.999 -1.5433 0 -34.138 -0.2929 -34.138 -0.0161 0 50.12
-16.000 -2.0000 -15.999 -1.5572 0 -34.138 -0.2929 -34.138 -0.0161 0 50.12
-17.000 -2.0000 -17.000 -1.5708 0 -34.138 -0.2929 -34.138 -0.0161 0 50.12
-18.000 -2.0000 -17.999 -1.5845 0 -34.138 -0.2929 -34.138 -0.0161 0 50.12
-19.000 -2.0000 -18.999 -1.5980 0 -34.138 -0.2929 -34.138 -0.0161 0 50.19
-20.000 -2.0000 -20.000 -1.6112 0 -34.138 -0.2929 -34.138 -0.0161 0 50.19
-0.000 -2.0000 -0.003 -0.0000 0 -38.324 -0.2609 -38.323 -0.0182 0 50.12
-1.000 -2.0000 -1.000 -1.2180 0 -38.324 -0.2609 -38.323 -0.0181 0 49.88
-2.000 -2.0000 -2.001 -1.4022 0 -38.324 -0.2609 -38.323 -0.0181 0 49.69
-3.000 -2.0000 -3.000 -1.4537 0 -38.324 -0.2609 -38.323 -0.0181 0 49.69
-4.000 -2.0000 -4.001 -1.4829 0 -38.324 -0.2609 -38.323 -0.0181 0 49.69
-5.000 -2.0000 -5.001 -1.5064 0 -38.324 -0.2609 -38.323 -0.0181 0 49.75
-6.000 -2.0000 -6.001 -1.5275 0 -38.324 -0.2609 -38.323 -0.0181 0 49.81
-7.000 -2.0000 -7.000 -1.5472 0 -38.324 -0.2609 -38.323 -0.0181 0 49.88
-8.000 -2.0000 -7.999 -1.5658 0 -38.324 -0.2609 -38.323 -0.0181 0 50.00
-9.000 -2.0000 -8.999 -1.5839 0 -38.324 -0.2609 -38.323 -0.0181 0 50.00
-10.000 -2.0000 -10.000 -1.6012 0 -38.324 -0.2609 -38.323 -0.0181 0 50.06
-11.000 -2.0000 -10.999 -1.6182 0 -38.324 -0.2609 -38.323 -0.0181 0 50.06
-12.000 -2.0000 -12.000 -1.6349 0 -38.324 -0.2609 -38.323 -0.0181 0 50.06
-13.000 -2.0000 -12.999 -1.6512 0 -38.324 -0.2609 -38.323 -0.0181 0 50.12
-14.000 -2.0000 -13.999 -1.6675 0 -38.324 -0.2609 -38.323 -0.0181 0 50.12
-15.000 -2.0000 -15.000 -1.6835 0 -38.324 -0.2609 -38.323 -0.0181 0 50.12
-16.000 -2.0000 -15.999 -1.6995 0 -38.324 -0.2609 -38.323 -0.0181 0 50.12
-17.000 -2.0000 -17.000 -1.7153 0 -38.324 -0.2609 -38.323 -0.0181 0 50.12
-18.000 -2.0000 -17.999 -1.7311 0 -38.324 -0.2609 -38.323 -0.0181 0 50.19
-19.000 -2.0000 -18.999 -1.7468 0 -38.324 -0.2609 -38.323 -0.0181 0 50.12
-20.000 -2.0000 -20.000 -1.7626 0 -38.324 -0.2609 -38.323 -0.0181 0 50.19
-0.000 -2.0000 -0.003 -0.0000 0 -42.510 -0.2352 -42.509 -0.0201 0 50.12
-1.000 -2.0000 -1.000 -1.2827 0 -42.510 -0.2352 -42.509 -0.0201 0 49.88
-2.000 -2.0000 -2.001 -1.4933 0 -42.510 -0.2352 -42.509 -0.0201 0 49.69
-3.000 -2.0000 -3.000 -1.5584 0 -42.510 -0.2352 -42.509 -0.0201 0 49.62
-4.000 -2.0000 -4.001 -1.5926 0 -42.510 -0.2352 -42.509 -0.0201 0 49.69
-5.000 -2.0000 -5.001 -1.6197 0 -42.510 -0.2352 -42.509 -0.0201 0 49.75
-6.000 -2.0000 -6.001 -1.6436 0 -42.510 -0.2352 -42.509 -0.0201 0 49.81
-7.000 -2.0000 -7.001 -1.6657 0 -42.510 -0.2352 -42.510 -0.0201 0 49.88
-8.000 -2.0000 -8.000 -1.6867 0 -42.510 -0.2352 -42.509 -0.0201 0 49.94
-9.000 -2.0000 -9.000 -1.7067 0 -42.510 -0.2352 -42.509 -0.0201 0 50.00
-10.000 -2.0000 -10.000 -1.7263 0 -42.510 -0.2352 -42.509 -0.0201 0 50.06
-11.000 -2.0000 -11.000 -1.7452 0 -42.510 -0.2352 -42.509 -0.0201 0 50.12
-12.000 -2.0000 -12.000 -1.7638 0 -42.510 -0.2352 -42.510 -0.0201 0 50.12
-13.000 -2.0000 -12.999 -1.7820 0 -42.510 -0.2352 -42.509 -0.0201 0 50.12
-14.000 -2.0000 -13.999 -1.8001 0 -42.510 -0.2352 -42.509 -0.0201 0 50.12
-15.000 -2.0000 -15.000 -1.8179 0 -42.510 -0.2352 -42.509 -0.0201 0 50.12
-16.000 -2.0000 -15.999 -1.8360 0 -42.510 -0.2352 -42.509 -0.0201 0 50.12
-17.000 -2.0000 -16.999 -1.8540 0 -42.510 -0.2352 -42.509 -0.0201 0 50.19
-18.000 -2.0000 -17.999 -1.8720 0 -42.510 -0.2352 -42.509 -0.0201 0 50.19
-19.000 -2.0000 -18.999 -1.8902 0 -42.510 -0.2352 -42.509 -0.0201 0 50.19
-20.000 -2.0000 -20.000 -1.9083 0 -42.510 -0.2352 -42.509 -0.0201 0 50.19
