% * Sample: 300B_TJMesh_1
% * Date / time: 2023-12-30 11:11:35.428817
% * R2CONTROL =  NOT SPECIFIED
% Column 1:  PSU1 nominal voltage setting (V)
% Column 2:  PSU1 nominal current setting (A)
% Column 3:  PSU1 voltage measurement (V)
% Column 4:  PSU1 current measurement (I)
% Column 5:  PSU1 limiter flag
% Column 6:  PSU2 nominal voltage setting (V)
% Column 7:  PSU2 nominal current setting (A)
% Column 8:  PSU2 voltage measurement (V)
% Column 9:  PSU2 current measurement (I)
% Column 10: PSU2 limiter flag
% Column 11: Heaterblock temperature (°C)
% * OPERATING POINT AT END OF PREHEAT / IDLE: U1 = 300.1 V  I1 = 0.10001 A  U2 = -55.525 V  I2 = -0.000 A  T = NA °C
0.00 0.12000 0.1 0.00000 0 -0.000 -1.000 -6.939 -0.000 0 NA
5.00 0.12000 5.1 0.00000 0 -0.000 -1.000 -4.727 -0.000 0 NA
10.00 0.12000 10.1 0.00000 0 -0.000 -1.000 -3.259 -0.000 0 NA
15.00 0.12000 15.1 0.00031 0 -0.000 -1.000 -2.277 -0.000 0 NA
20.00 0.12000 20.0 0.00186 0 -0.000 -1.000 -1.615 -0.000 0 NA
25.00 0.12000 25.0 0.00491 0 -0.000 -1.000 -1.047 -0.000 0 NA
30.00 0.12000 30.0 0.00895 0 -0.000 -1.000 -0.772 -0.000 0 NA
35.00 0.12000 35.0 0.01392 0 -0.000 -1.000 -0.580 -0.000 0 NA
40.00 0.12000 40.0 0.01939 0 -0.000 -1.000 -0.445 -0.000 0 NA
45.00 0.12000 45.0 0.02526 0 -0.000 -1.000 -0.349 -0.000 0 NA
50.00 0.12000 50.0 0.03143 0 -0.000 -1.000 -0.261 -0.000 0 NA
55.00 0.12000 55.0 0.03795 0 -0.000 -1.000 -0.215 -0.000 0 NA
60.00 0.12000 60.0 0.04474 0 -0.000 -1.000 -0.181 -0.000 0 NA
65.00 0.12000 65.0 0.05177 0 -0.000 -1.000 -0.155 -0.000 0 NA
70.00 0.12000 70.0 0.05905 0 -0.000 -1.000 -0.135 -0.000 0 NA
75.00 0.12000 75.0 0.06656 0 -0.000 -1.000 -0.114 -0.000 0 NA
80.00 0.12000 80.0 0.07428 0 -0.000 -1.000 -0.103 -0.000 0 NA
85.00 0.12000 85.1 0.08220 0 -0.000 -1.000 -0.093 -0.000 0 NA
90.00 0.12000 90.1 0.09029 0 -0.000 -1.000 -0.085 -0.000 0 NA
95.00 0.12000 95.0 0.09857 0 -0.000 -1.000 -0.079 -0.000 0 NA
100.00 0.12000 100.0 0.10694 0 -0.000 -1.000 -0.073 -0.000 0 NA
105.00 0.12000 105.0 0.11539 0 -0.000 -1.000 -0.067 -0.000 0 NA
110.00 0.12000 108.0 0.12003 1 -0.000 -1.000 -0.059 -0.000 0 NA
0.00 0.12000 0.1 0.00000 0 -10.000 -0.500 -10.000 -0.000 0 NA
5.00 0.12000 5.1 0.00000 0 -10.000 -0.500 -10.000 -0.000 0 NA
10.00 0.12000 10.1 0.00000 0 -10.000 -0.500 -10.000 -0.000 0 NA
15.00 0.12000 15.1 0.00000 0 -10.000 -0.500 -10.000 -0.000 0 NA
20.00 0.12000 20.0 0.00000 0 -10.000 -0.500 -10.000 -0.000 0 NA
25.00 0.12000 25.0 0.00000 0 -10.000 -0.500 -10.000 -0.000 0 NA
30.00 0.12000 30.0 0.00000 0 -10.000 -0.500 -10.000 -0.000 0 NA
35.00 0.12000 35.0 0.00005 0 -10.000 -0.500 -10.000 -0.000 0 NA
40.00 0.12000 40.0 0.00014 0 -10.000 -0.500 -10.000 -0.000 0 NA
45.00 0.12000 45.0 0.00052 0 -10.000 -0.500 -10.000 -0.000 0 NA
50.00 0.12000 50.0 0.00149 0 -10.000 -0.500 -10.000 -0.000 0 NA
55.00 0.12000 55.0 0.00320 0 -10.000 -0.500 -10.000 -0.000 0 NA
60.00 0.12000 60.0 0.00570 0 -10.000 -0.500 -10.000 -0.000 0 NA
65.00 0.12000 65.0 0.00894 0 -10.000 -0.500 -10.000 -0.000 0 NA
70.00 0.12000 70.0 0.01286 0 -10.000 -0.500 -10.000 -0.000 0 NA
75.00 0.12000 75.0 0.01736 0 -10.000 -0.500 -10.000 -0.000 0 NA
80.00 0.12000 80.0 0.02237 0 -10.000 -0.500 -10.000 -0.000 0 NA
85.00 0.12000 85.1 0.02783 0 -10.000 -0.500 -10.000 -0.000 0 NA
90.00 0.12000 90.1 0.03370 0 -10.000 -0.500 -10.000 -0.000 0 NA
95.00 0.12000 95.0 0.03990 0 -10.000 -0.500 -10.000 -0.000 0 NA
100.00 0.12000 100.0 0.04645 0 -10.000 -0.500 -10.000 -0.000 0 NA
105.00 0.12000 105.0 0.05331 0 -10.000 -0.500 -10.000 -0.000 0 NA
110.00 0.12000 110.1 0.06044 0 -10.000 -0.500 -10.000 -0.000 0 NA
115.00 0.12000 115.0 0.06785 0 -10.000 -0.500 -10.000 -0.000 0 NA
120.00 0.12000 120.1 0.07548 0 -10.000 -0.500 -10.000 -0.000 0 NA
125.00 0.12000 125.0 0.08330 0 -10.000 -0.500 -10.000 -0.000 0 NA
130.00 0.12000 130.1 0.09130 0 -10.000 -0.500 -10.000 -0.000 0 NA
135.00 0.12000 135.1 0.09943 0 -10.000 -0.500 -10.000 -0.000 0 NA
140.00 0.12000 140.1 0.10769 0 -10.000 -0.500 -10.000 -0.000 0 NA
145.00 0.12000 145.1 0.11592 0 -10.000 -0.500 -10.000 -0.000 0 NA
150.00 0.12000 147.8 0.12003 1 -10.000 -0.500 -10.000 -0.000 0 NA
0.00 0.12000 0.1 0.00000 0 -20.000 -0.250 -20.000 -0.000 0 NA
5.00 0.12000 5.1 0.00000 0 -20.000 -0.250 -20.000 -0.000 0 NA
10.00 0.12000 10.1 0.00000 0 -20.000 -0.250 -20.000 -0.000 0 NA
15.00 0.12000 15.1 0.00000 0 -20.000 -0.250 -20.000 -0.000 0 NA
20.00 0.12000 20.0 0.00000 0 -20.000 -0.250 -20.000 -0.000 0 NA
25.00 0.12000 25.0 0.00000 0 -20.000 -0.250 -20.000 -0.000 0 NA
30.00 0.12000 30.0 0.00000 0 -20.000 -0.250 -20.000 -0.000 0 NA
35.00 0.12000 35.0 0.00000 0 -20.000 -0.250 -20.000 -0.000 0 NA
40.00 0.12000 40.0 0.00000 0 -20.000 -0.250 -20.000 -0.000 0 NA
45.00 0.12000 45.0 0.00000 0 -20.000 -0.250 -20.000 -0.000 0 NA
50.00 0.12000 50.0 0.00005 0 -20.000 -0.250 -20.000 -0.000 0 NA
55.00 0.12000 55.0 0.00006 0 -20.000 -0.250 -20.000 -0.000 0 NA
60.00 0.12000 60.0 0.00007 0 -20.000 -0.250 -20.000 -0.000 0 NA
65.00 0.12000 65.0 0.00010 0 -20.000 -0.250 -20.000 -0.000 0 NA
70.00 0.12000 70.0 0.00016 0 -20.000 -0.250 -20.000 -0.000 0 NA
75.00 0.12000 75.0 0.00029 0 -20.000 -0.250 -20.000 -0.000 0 NA
80.00 0.12000 80.0 0.00066 0 -20.000 -0.250 -20.000 -0.000 0 NA
85.00 0.12000 85.1 0.00144 0 -20.000 -0.250 -20.000 -0.000 0 NA
90.00 0.12000 90.1 0.00281 0 -20.000 -0.250 -20.000 -0.000 0 NA
95.00 0.12000 95.0 0.00487 0 -20.000 -0.250 -20.000 -0.000 0 NA
100.00 0.12000 100.0 0.00761 0 -20.000 -0.250 -20.000 -0.000 0 NA
105.00 0.12000 105.0 0.01100 0 -20.000 -0.250 -20.000 -0.000 0 NA
110.00 0.12000 110.1 0.01500 0 -20.000 -0.250 -20.000 -0.000 0 NA
115.00 0.12000 115.0 0.01952 0 -20.000 -0.250 -20.000 -0.000 0 NA
120.00 0.12000 120.1 0.02452 0 -20.000 -0.250 -20.000 -0.000 0 NA
125.00 0.12000 125.0 0.02995 0 -20.000 -0.250 -20.000 -0.000 0 NA
130.00 0.12000 130.1 0.03578 0 -20.000 -0.250 -20.000 -0.000 0 NA
135.00 0.12000 135.1 0.04199 0 -20.000 -0.250 -20.000 -0.000 0 NA
140.00 0.12000 140.1 0.04853 0 -20.000 -0.250 -20.000 -0.000 0 NA
145.00 0.12000 145.1 0.05536 0 -20.000 -0.250 -20.000 -0.000 0 NA
150.00 0.12000 150.1 0.06249 0 -20.000 -0.250 -20.000 -0.000 0 NA
155.00 0.12000 155.1 0.06990 0 -20.000 -0.250 -20.000 -0.000 0 NA
160.00 0.12000 160.1 0.07751 0 -20.000 -0.250 -20.000 -0.000 0 NA
165.00 0.12000 165.1 0.08532 0 -20.000 -0.250 -20.000 -0.000 0 NA
170.00 0.12000 170.1 0.09331 0 -20.000 -0.250 -20.000 -0.000 0 NA
175.00 0.12000 175.1 0.10139 0 -20.000 -0.250 -20.000 -0.000 0 NA
180.00 0.12000 180.1 0.10949 0 -20.000 -0.250 -20.000 -0.000 0 NA
185.00 0.12000 185.1 0.11751 0 -20.000 -0.250 -20.000 -0.000 0 NA
190.00 0.12000 187.0 0.12003 1 -20.000 -0.250 -20.000 -0.000 0 NA
0.00 0.12000 0.1 0.00000 0 -30.000 -0.167 -30.000 -0.000 0 NA
5.00 0.12000 5.1 0.00000 0 -30.000 -0.167 -30.000 -0.000 0 NA
10.00 0.12000 10.1 0.00000 0 -30.000 -0.167 -30.000 -0.000 0 NA
15.00 0.12000 15.1 0.00000 0 -30.000 -0.167 -30.000 -0.000 0 NA
20.00 0.12000 20.0 0.00000 0 -30.000 -0.167 -30.000 -0.000 0 NA
25.00 0.12000 25.0 0.00000 0 -30.000 -0.167 -30.000 -0.000 0 NA
30.00 0.12000 30.0 0.00000 0 -30.000 -0.167 -30.000 -0.000 0 NA
35.00 0.12000 35.0 0.00000 0 -30.000 -0.167 -30.000 -0.000 0 NA
40.00 0.12000 40.0 0.00000 0 -30.000 -0.167 -30.000 -0.000 0 NA
45.00 0.12000 45.0 0.00000 0 -30.000 -0.167 -30.000 -0.000 0 NA
50.00 0.12000 50.0 0.00000 0 -30.000 -0.167 -30.000 -0.000 0 NA
55.00 0.12000 55.0 0.00000 0 -30.000 -0.167 -30.000 -0.000 0 NA
60.00 0.12000 60.0 0.00000 0 -30.000 -0.167 -30.000 -0.000 0 NA
65.00 0.12000 65.0 0.00005 0 -30.000 -0.167 -30.000 -0.000 0 NA
70.00 0.12000 70.0 0.00006 0 -30.000 -0.167 -30.000 -0.000 0 NA
75.00 0.12000 75.0 0.00007 0 -30.000 -0.167 -30.000 -0.000 0 NA
80.00 0.12000 80.0 0.00008 0 -30.000 -0.167 -30.000 -0.000 0 NA
85.00 0.12000 85.1 0.00011 0 -30.000 -0.167 -30.000 -0.000 0 NA
90.00 0.12000 90.1 0.00014 0 -30.000 -0.167 -30.000 -0.000 0 NA
95.00 0.12000 95.0 0.00018 0 -30.000 -0.167 -30.000 -0.000 0 NA
100.00 0.12000 100.0 0.00024 0 -30.000 -0.167 -30.000 -0.000 0 NA
105.00 0.12000 105.0 0.00035 0 -30.000 -0.167 -30.000 -0.000 0 NA
110.00 0.12000 110.1 0.00054 0 -30.000 -0.167 -30.000 -0.000 0 NA
115.00 0.12000 115.0 0.00092 0 -30.000 -0.167 -30.000 -0.000 0 NA
120.00 0.12000 120.1 0.00163 0 -30.000 -0.167 -30.000 -0.000 0 NA
125.00 0.12000 125.0 0.00280 0 -30.000 -0.167 -30.000 -0.000 0 NA
130.00 0.12000 130.1 0.00453 0 -30.000 -0.167 -30.000 -0.000 0 NA
135.00 0.12000 135.1 0.00687 0 -30.000 -0.167 -30.000 -0.000 0 NA
140.00 0.12000 140.1 0.00983 0 -30.000 -0.167 -30.000 -0.000 0 NA
145.00 0.12000 145.1 0.01337 0 -30.000 -0.167 -30.000 -0.000 0 NA
150.00 0.12000 150.1 0.01747 0 -30.000 -0.167 -30.000 -0.000 0 NA
155.00 0.12000 155.1 0.02207 0 -30.000 -0.167 -30.000 -0.000 0 NA
160.00 0.12000 160.1 0.02714 0 -30.000 -0.167 -30.000 -0.000 0 NA
165.00 0.12000 165.1 0.03261 0 -30.000 -0.167 -30.000 -0.000 0 NA
170.00 0.12000 170.1 0.03848 0 -30.000 -0.167 -30.000 -0.000 0 NA
175.00 0.12000 175.1 0.04469 0 -30.000 -0.167 -30.000 -0.000 0 NA
180.00 0.12000 180.1 0.05124 0 -30.000 -0.167 -30.000 -0.000 0 NA
185.00 0.12000 185.1 0.05810 0 -30.000 -0.167 -30.000 -0.000 0 NA
190.00 0.12000 190.1 0.06528 0 -30.000 -0.167 -30.000 -0.000 0 NA
195.00 0.12000 195.0 0.07268 0 -30.000 -0.167 -30.000 -0.000 0 NA
200.00 0.12000 200.1 0.08034 0 -30.000 -0.167 -30.000 -0.000 0 NA
205.00 0.12000 205.1 0.08818 0 -30.000 -0.167 -30.000 -0.000 0 NA
210.00 0.12000 210.1 0.09617 0 -30.000 -0.167 -30.000 -0.000 0 NA
215.00 0.12000 215.1 0.10417 0 -30.000 -0.167 -30.000 -0.000 0 NA
220.00 0.12000 220.1 0.11214 0 -30.000 -0.167 -30.000 -0.000 0 NA
225.00 0.12000 225.1 0.12012 1 -30.000 -0.167 -30.000 -0.000 0 NA
0.00 0.12000 0.1 0.00000 0 -40.000 -0.125 -40.000 -0.000 0 NA
5.00 0.12000 5.1 0.00000 0 -40.000 -0.125 -40.000 -0.000 0 NA
10.00 0.12000 10.1 0.00000 0 -40.000 -0.125 -40.000 -0.000 0 NA
15.00 0.12000 15.0 0.00000 0 -40.000 -0.125 -40.000 -0.000 0 NA
20.00 0.12000 20.0 0.00000 0 -40.000 -0.125 -40.000 -0.000 0 NA
25.00 0.12000 25.0 0.00000 0 -40.000 -0.125 -40.000 -0.000 0 NA
30.00 0.12000 30.0 0.00000 0 -40.000 -0.125 -40.000 -0.000 0 NA
35.00 0.12000 35.0 0.00000 0 -40.000 -0.125 -40.000 -0.000 0 NA
40.00 0.12000 40.0 0.00000 0 -40.000 -0.125 -40.000 -0.000 0 NA
45.00 0.12000 45.0 0.00000 0 -40.000 -0.125 -40.000 -0.000 0 NA
50.00 0.12000 50.0 0.00000 0 -40.000 -0.125 -40.000 -0.000 0 NA
55.00 0.12000 55.0 0.00000 0 -40.000 -0.125 -40.000 -0.000 0 NA
60.00 0.12000 60.0 0.00000 0 -40.000 -0.125 -40.000 -0.000 0 NA
65.00 0.12000 65.0 0.00000 0 -40.000 -0.125 -40.000 -0.000 0 NA
70.00 0.12000 70.0 0.00000 0 -40.000 -0.125 -40.000 -0.000 0 NA
75.00 0.12000 75.0 0.00005 0 -40.000 -0.125 -40.000 -0.000 0 NA
80.00 0.12000 80.0 0.00005 0 -40.000 -0.125 -40.000 -0.000 0 NA
85.00 0.12000 85.1 0.00006 0 -40.000 -0.125 -40.000 -0.000 0 NA
90.00 0.12000 90.1 0.00007 0 -40.000 -0.125 -40.000 -0.000 0 NA
95.00 0.12000 95.0 0.00007 0 -40.000 -0.125 -40.000 -0.000 0 NA
100.00 0.12000 100.0 0.00009 0 -40.000 -0.125 -40.000 -0.000 0 NA
105.00 0.12000 105.0 0.00012 0 -40.000 -0.125 -40.000 -0.000 0 NA
110.00 0.12000 110.0 0.00015 0 -40.000 -0.125 -40.000 -0.000 0 NA
115.00 0.12000 115.0 0.00019 0 -40.000 -0.125 -40.000 -0.000 0 NA
120.00 0.12000 120.1 0.00023 0 -40.000 -0.125 -40.000 -0.000 0 NA
125.00 0.12000 125.0 0.00028 0 -40.000 -0.125 -40.000 -0.000 0 NA
130.00 0.12000 130.1 0.00035 0 -40.000 -0.125 -40.000 -0.000 0 NA
135.00 0.12000 135.1 0.00045 0 -40.000 -0.125 -40.000 -0.000 0 NA
140.00 0.12000 140.1 0.00060 0 -40.000 -0.125 -40.000 -0.000 0 NA
145.00 0.12000 145.1 0.00085 0 -40.000 -0.125 -40.000 -0.000 0 NA
150.00 0.12000 150.1 0.00126 0 -40.000 -0.125 -40.000 -0.000 0 NA
155.00 0.12000 155.1 0.00194 0 -40.000 -0.125 -40.000 -0.000 0 NA
160.00 0.12000 160.1 0.00300 0 -40.000 -0.125 -40.000 -0.000 0 NA
165.00 0.12000 165.1 0.00451 0 -40.000 -0.125 -40.000 -0.000 0 NA
170.00 0.12000 170.1 0.00654 0 -40.000 -0.125 -40.000 -0.000 0 NA
175.00 0.12000 175.1 0.00912 0 -40.000 -0.125 -40.000 -0.000 0 NA
180.00 0.12000 180.1 0.01228 0 -40.000 -0.125 -40.000 -0.000 0 NA
185.00 0.12000 185.1 0.01596 0 -40.000 -0.125 -40.000 -0.000 0 NA
190.00 0.12000 190.1 0.02018 0 -40.000 -0.125 -40.000 -0.000 0 NA
195.00 0.12000 195.0 0.02486 0 -40.000 -0.125 -40.000 -0.000 0 NA
200.00 0.12000 200.1 0.03001 0 -40.000 -0.125 -40.000 -0.000 0 NA
205.00 0.12000 205.1 0.03560 0 -40.000 -0.125 -40.000 -0.000 0 NA
210.00 0.12000 210.1 0.04155 0 -40.000 -0.125 -40.000 -0.000 0 NA
215.00 0.12000 215.1 0.04785 0 -40.000 -0.125 -40.000 -0.000 0 NA
220.00 0.12000 220.1 0.05450 0 -40.000 -0.125 -40.000 -0.000 0 NA
225.00 0.12000 225.1 0.06144 0 -40.000 -0.125 -40.000 -0.000 0 NA
230.00 0.12000 230.1 0.06869 0 -40.000 -0.125 -40.000 -0.000 0 NA
235.00 0.12000 235.1 0.07619 0 -40.000 -0.125 -40.000 -0.000 0 NA
240.00 0.12000 240.1 0.08392 0 -40.000 -0.125 -40.000 -0.000 0 NA
245.00 0.12000 245.1 0.09181 0 -40.000 -0.125 -40.000 -0.000 0 NA
250.00 0.12000 250.1 0.10000 0 -40.000 -0.125 -40.000 -0.000 0 NA
255.00 0.12000 255.1 0.10815 0 -40.000 -0.125 -40.000 -0.000 0 NA
260.00 0.12000 260.1 0.11628 0 -40.000 -0.125 -40.000 -0.000 0 NA
265.00 0.12000 262.5 0.12003 1 -40.000 -0.125 -40.000 -0.000 0 NA
0.00 0.12000 0.1 0.00000 0 -50.000 -0.100 -50.000 -0.000 0 NA
5.00 0.12000 5.1 0.00000 0 -50.000 -0.100 -50.000 -0.000 0 NA
10.00 0.12000 10.1 0.00000 0 -50.000 -0.100 -50.000 -0.000 0 NA
15.00 0.12000 15.1 0.00000 0 -50.000 -0.100 -50.000 -0.000 0 NA
20.00 0.12000 20.0 0.00000 0 -50.000 -0.100 -50.000 -0.000 0 NA
25.00 0.12000 25.0 0.00000 0 -50.000 -0.100 -50.000 -0.000 0 NA
30.00 0.12000 30.0 0.00000 0 -50.000 -0.100 -50.000 -0.000 0 NA
35.00 0.12000 35.0 0.00000 0 -50.000 -0.100 -50.000 -0.000 0 NA
40.00 0.12000 40.0 0.00000 0 -50.000 -0.100 -50.000 -0.000 0 NA
45.00 0.12000 45.0 0.00000 0 -50.000 -0.100 -50.000 -0.000 0 NA
50.00 0.12000 50.0 0.00000 0 -50.000 -0.100 -50.000 -0.000 0 NA
55.00 0.12000 55.0 0.00000 0 -50.000 -0.100 -50.000 -0.000 0 NA
60.00 0.12000 60.0 0.00000 0 -50.000 -0.100 -50.000 -0.000 0 NA
65.00 0.12000 65.0 0.00000 0 -50.000 -0.100 -50.000 -0.000 0 NA
70.00 0.12000 70.0 0.00000 0 -50.000 -0.100 -50.000 -0.000 0 NA
75.00 0.12000 75.0 0.00000 0 -50.000 -0.100 -50.000 -0.000 0 NA
80.00 0.12000 80.0 0.00000 0 -50.000 -0.100 -50.000 -0.000 0 NA
85.00 0.12000 85.1 0.00000 0 -50.000 -0.100 -50.000 -0.000 0 NA
90.00 0.12000 90.1 0.00000 0 -50.000 -0.100 -50.000 -0.000 0 NA
95.00 0.12000 95.0 0.00005 0 -50.000 -0.100 -50.000 -0.000 0 NA
100.00 0.12000 100.0 0.00006 0 -50.000 -0.100 -50.000 -0.000 0 NA
105.00 0.12000 105.0 0.00007 0 -50.000 -0.100 -50.000 -0.000 0 NA
110.00 0.12000 110.1 0.00007 0 -50.000 -0.100 -50.000 -0.000 0 NA
115.00 0.12000 115.0 0.00009 0 -50.000 -0.100 -50.000 -0.000 0 NA
120.00 0.12000 120.1 0.00011 0 -50.000 -0.100 -50.000 -0.000 0 NA
125.00 0.12000 125.0 0.00013 0 -50.000 -0.100 -50.000 -0.000 0 NA
130.00 0.12000 130.1 0.00016 0 -50.000 -0.100 -50.000 -0.000 0 NA
135.00 0.12000 135.1 0.00019 0 -50.000 -0.100 -50.000 -0.000 0 NA
140.00 0.12000 140.1 0.00023 0 -50.000 -0.100 -50.000 -0.000 0 NA
145.00 0.12000 145.1 0.00028 0 -50.000 -0.100 -50.000 -0.000 0 NA
150.00 0.12000 150.1 0.00033 0 -50.000 -0.100 -50.000 -0.000 0 NA
155.00 0.12000 155.1 0.00040 0 -50.000 -0.100 -50.000 -0.000 0 NA
160.00 0.12000 160.1 0.00048 0 -50.000 -0.100 -50.000 -0.000 0 NA
165.00 0.12000 165.1 0.00057 0 -50.000 -0.100 -50.000 -0.000 0 NA
170.00 0.12000 170.1 0.00071 0 -50.000 -0.100 -50.000 -0.000 0 NA
175.00 0.12000 175.1 0.00090 0 -50.000 -0.100 -50.000 -0.000 0 NA
180.00 0.12000 180.1 0.00119 0 -50.000 -0.100 -50.000 -0.000 0 NA
185.00 0.12000 185.1 0.00163 0 -50.000 -0.100 -50.000 -0.000 0 NA
190.00 0.12000 190.1 0.00231 0 -50.000 -0.100 -50.000 -0.000 0 NA
195.00 0.12000 195.0 0.00330 0 -50.000 -0.100 -50.000 -0.000 0 NA
200.00 0.12000 200.1 0.00468 0 -50.000 -0.100 -50.000 -0.000 0 NA
205.00 0.12000 205.1 0.00649 0 -50.000 -0.100 -50.000 -0.000 0 NA
210.00 0.12000 210.1 0.00878 0 -50.000 -0.100 -50.000 -0.000 0 NA
215.00 0.12000 215.1 0.01159 0 -50.000 -0.100 -50.000 -0.000 0 NA
220.00 0.12000 220.1 0.01492 0 -50.000 -0.100 -50.000 -0.000 0 NA
225.00 0.12000 225.1 0.01876 0 -50.000 -0.100 -50.000 -0.000 0 NA
230.00 0.12000 230.1 0.02310 0 -50.000 -0.100 -50.000 -0.000 0 NA
235.00 0.12000 235.1 0.02791 0 -50.000 -0.100 -50.000 -0.000 0 NA
240.00 0.12000 240.1 0.03315 0 -50.000 -0.100 -50.000 -0.000 0 NA
245.00 0.12000 245.1 0.03881 0 -50.000 -0.100 -50.000 -0.000 0 NA
250.00 0.12000 250.1 0.04487 0 -50.000 -0.100 -50.000 -0.000 0 NA
255.00 0.12000 255.1 0.05127 0 -50.000 -0.100 -50.000 -0.000 0 NA
260.00 0.12000 260.1 0.05801 0 -50.000 -0.100 -50.000 -0.000 0 NA
265.00 0.12000 265.1 0.06508 0 -50.000 -0.100 -50.000 -0.000 0 NA
270.00 0.12000 270.1 0.07247 0 -50.000 -0.100 -50.000 -0.000 0 NA
275.00 0.12000 275.1 0.08012 0 -50.000 -0.100 -50.000 -0.000 0 NA
280.00 0.12000 280.1 0.08796 0 -50.000 -0.100 -50.000 -0.000 0 NA
285.00 0.12000 285.1 0.09598 0 -50.000 -0.100 -50.000 -0.000 0 NA
290.00 0.12000 290.1 0.10413 0 -50.000 -0.100 -50.000 -0.000 0 NA
295.00 0.12000 295.1 0.11225 0 -50.000 -0.100 -50.000 -0.000 0 NA
300.00 0.12000 300.1 0.12035 1 -50.000 -0.100 -50.000 -0.000 0 NA
0.00 0.12000 0.1 0.00000 0 -60.000 -0.083 -60.000 -0.000 0 NA
5.00 0.12000 5.1 0.00000 0 -60.000 -0.083 -60.000 -0.000 0 NA
10.00 0.12000 10.1 0.00000 0 -60.000 -0.083 -60.000 -0.000 0 NA
15.00 0.12000 15.1 0.00000 0 -60.000 -0.083 -60.000 -0.000 0 NA
20.00 0.12000 20.0 0.00000 0 -60.000 -0.083 -60.000 -0.000 0 NA
25.00 0.12000 25.0 0.00000 0 -60.000 -0.083 -60.000 -0.000 0 NA
30.00 0.12000 30.0 0.00000 0 -60.000 -0.083 -60.000 -0.000 0 NA
35.00 0.12000 35.0 0.00000 0 -60.000 -0.083 -60.000 -0.000 0 NA
40.00 0.12000 40.0 0.00000 0 -60.000 -0.083 -60.000 -0.000 0 NA
45.00 0.12000 45.0 0.00000 0 -60.000 -0.083 -60.000 -0.000 0 NA
50.00 0.12000 50.0 0.00000 0 -60.000 -0.083 -60.000 -0.000 0 NA
55.00 0.12000 55.0 0.00000 0 -60.000 -0.083 -60.000 -0.000 0 NA
60.00 0.12000 60.0 0.00000 0 -60.000 -0.083 -60.000 -0.000 0 NA
65.00 0.12000 65.0 0.00000 0 -60.000 -0.083 -60.000 -0.000 0 NA
70.00 0.12000 70.0 0.00000 0 -60.000 -0.083 -60.000 -0.000 0 NA
75.00 0.12000 75.0 0.00000 0 -60.000 -0.083 -60.000 -0.000 0 NA
80.00 0.12000 80.0 0.00000 0 -60.000 -0.083 -60.000 -0.000 0 NA
85.00 0.12000 85.1 0.00000 0 -60.000 -0.083 -60.000 -0.000 0 NA
90.00 0.12000 90.1 0.00000 0 -60.000 -0.083 -60.000 -0.000 0 NA
95.00 0.12000 95.0 0.00000 0 -60.000 -0.083 -60.000 -0.000 0 NA
100.00 0.12000 100.0 0.00000 0 -60.000 -0.083 -60.000 -0.000 0 NA
105.00 0.12000 105.0 0.00005 0 -60.000 -0.083 -60.000 -0.000 0 NA
110.00 0.12000 110.1 0.00005 0 -60.000 -0.083 -60.000 -0.000 0 NA
115.00 0.12000 115.0 0.00006 0 -60.000 -0.083 -60.000 -0.000 0 NA
120.00 0.12000 120.1 0.00007 0 -60.000 -0.083 -60.000 -0.000 0 NA
125.00 0.12000 125.0 0.00007 0 -60.000 -0.083 -60.000 -0.000 0 NA
130.00 0.12000 130.1 0.00008 0 -60.000 -0.083 -60.000 -0.000 0 NA
135.00 0.12000 135.1 0.00010 0 -60.000 -0.083 -60.000 -0.000 0 NA
140.00 0.12000 140.1 0.00012 0 -60.000 -0.083 -60.000 -0.000 0 NA
145.00 0.12000 145.1 0.00014 0 -60.000 -0.083 -60.000 -0.000 0 NA
150.00 0.12000 150.1 0.00017 0 -60.000 -0.083 -60.000 -0.000 0 NA
155.00 0.12000 155.1 0.00021 0 -60.000 -0.083 -60.000 -0.000 0 NA
160.00 0.12000 160.1 0.00024 0 -60.000 -0.083 -60.000 -0.000 0 NA
165.00 0.12000 165.1 0.00028 0 -60.000 -0.083 -60.000 -0.000 0 NA
170.00 0.12000 170.1 0.00033 0 -60.000 -0.083 -60.000 -0.000 0 NA
175.00 0.12000 175.1 0.00039 0 -60.000 -0.083 -60.000 -0.000 0 NA
180.00 0.12000 180.1 0.00045 0 -60.000 -0.083 -60.000 -0.000 0 NA
185.00 0.12000 185.1 0.00052 0 -60.000 -0.083 -60.000 -0.000 0 NA
190.00 0.12000 190.1 0.00060 0 -60.000 -0.083 -60.000 -0.000 0 NA
195.00 0.12000 195.0 0.00070 0 -60.000 -0.083 -60.000 -0.000 0 NA
200.00 0.12000 200.1 0.00082 0 -60.000 -0.083 -60.000 -0.000 0 NA
205.00 0.12000 205.1 0.00099 0 -60.000 -0.083 -60.000 -0.000 0 NA
210.00 0.12000 210.1 0.00121 0 -60.000 -0.083 -60.000 -0.000 0 NA
215.00 0.12000 215.1 0.00153 0 -60.000 -0.083 -60.000 -0.000 0 NA
220.00 0.12000 220.1 0.00199 0 -60.000 -0.083 -60.000 -0.000 0 NA
225.00 0.12000 225.1 0.00267 0 -60.000 -0.083 -60.000 -0.000 0 NA
230.00 0.12000 230.1 0.00362 0 -60.000 -0.083 -60.000 -0.000 0 NA
235.00 0.12000 235.1 0.00490 0 -60.000 -0.083 -60.000 -0.000 0 NA
240.00 0.12000 240.1 0.00656 0 -60.000 -0.083 -60.000 -0.000 0 NA
245.00 0.12000 245.1 0.00865 0 -60.000 -0.083 -60.000 -0.000 0 NA
250.00 0.12000 250.1 0.01119 0 -60.000 -0.083 -60.000 -0.000 0 NA
255.00 0.12000 255.1 0.01421 0 -60.000 -0.083 -60.000 -0.000 0 NA
260.00 0.12000 260.1 0.01773 0 -60.000 -0.083 -60.000 -0.000 0 NA
265.00 0.12000 265.1 0.02172 0 -60.000 -0.083 -60.000 -0.000 0 NA
270.00 0.12000 270.1 0.02620 0 -60.000 -0.083 -60.000 -0.000 0 NA
275.00 0.12000 275.1 0.03112 0 -60.000 -0.083 -60.000 -0.000 0 NA
280.00 0.12000 280.1 0.03652 0 -60.000 -0.083 -60.000 -0.000 0 NA
285.00 0.12000 285.1 0.04230 0 -60.000 -0.083 -60.000 -0.000 0 NA
290.00 0.12000 290.1 0.04850 0 -60.000 -0.083 -60.000 -0.000 0 NA
295.00 0.12000 295.1 0.05502 0 -60.000 -0.083 -60.000 -0.000 0 NA
300.00 0.12000 300.1 0.06195 0 -60.000 -0.083 -60.000 -0.000 0 NA
305.00 0.12000 305.1 0.06923 0 -60.000 -0.083 -60.000 -0.000 0 NA
310.00 0.12000 310.1 0.07682 0 -60.000 -0.083 -60.000 -0.000 0 NA
315.00 0.12000 315.1 0.08469 0 -60.000 -0.083 -60.000 -0.000 0 NA
320.00 0.12000 320.1 0.09275 0 -60.000 -0.083 -60.000 -0.000 0 NA
325.00 0.12000 325.1 0.10110 0 -60.000 -0.083 -60.000 -0.000 0 NA
330.00 0.12000 330.1 0.10962 0 -60.000 -0.083 -60.000 -0.000 0 NA
335.00 0.11940 335.1 0.11827 0 -60.000 -0.083 -60.000 -0.000 0 NA
340.00 0.11765 335.6 0.12003 1 -60.000 -0.083 -60.000 -0.000 0 NA
0.00 0.12000 0.1 0.00000 0 -70.000 -0.071 -70.000 -0.000 0 NA
5.00 0.12000 5.1 0.00000 0 -70.000 -0.071 -70.000 -0.000 0 NA
10.00 0.12000 10.1 0.00000 0 -70.000 -0.071 -70.000 -0.000 0 NA
15.00 0.12000 15.1 0.00000 0 -70.000 -0.071 -70.000 -0.000 0 NA
20.00 0.12000 20.0 0.00000 0 -70.000 -0.071 -70.000 -0.000 0 NA
25.00 0.12000 25.0 0.00000 0 -70.000 -0.071 -70.000 -0.000 0 NA
30.00 0.12000 30.0 0.00000 0 -70.000 -0.071 -70.000 -0.000 0 NA
35.00 0.12000 35.0 0.00000 0 -70.000 -0.071 -70.000 -0.000 0 NA
40.00 0.12000 40.0 0.00000 0 -70.000 -0.071 -70.000 -0.000 0 NA
45.00 0.12000 45.0 0.00000 0 -70.000 -0.071 -70.000 -0.000 0 NA
50.00 0.12000 50.0 0.00000 0 -70.000 -0.071 -70.000 -0.000 0 NA
55.00 0.12000 55.0 0.00000 0 -70.000 -0.071 -70.000 -0.000 0 NA
60.00 0.12000 60.0 0.00000 0 -70.000 -0.071 -70.000 -0.000 0 NA
65.00 0.12000 65.0 0.00000 0 -70.000 -0.071 -70.000 -0.000 0 NA
70.00 0.12000 70.0 0.00000 0 -70.000 -0.071 -70.000 -0.000 0 NA
75.00 0.12000 75.0 0.00000 0 -70.000 -0.071 -70.000 -0.000 0 NA
80.00 0.12000 80.0 0.00000 0 -70.000 -0.071 -70.000 -0.000 0 NA
85.00 0.12000 85.1 0.00000 0 -70.000 -0.071 -70.000 -0.000 0 NA
90.00 0.12000 90.1 0.00000 0 -70.000 -0.071 -70.000 -0.000 0 NA
95.00 0.12000 95.0 0.00000 0 -70.000 -0.071 -70.000 -0.000 0 NA
100.00 0.12000 100.0 0.00000 0 -70.000 -0.071 -70.000 -0.000 0 NA
105.00 0.12000 105.0 0.00000 0 -70.000 -0.071 -70.000 -0.000 0 NA
110.00 0.12000 110.1 0.00000 0 -70.000 -0.071 -70.000 -0.000 0 NA
115.00 0.12000 115.0 0.00005 0 -70.000 -0.071 -70.000 -0.000 0 NA
120.00 0.12000 120.1 0.00005 0 -70.000 -0.071 -70.000 -0.000 0 NA
125.00 0.12000 125.0 0.00005 0 -70.000 -0.071 -70.000 -0.000 0 NA
130.00 0.12000 130.1 0.00006 0 -70.000 -0.071 -70.000 -0.000 0 NA
135.00 0.12000 135.1 0.00007 0 -70.000 -0.071 -70.000 -0.000 0 NA
140.00 0.12000 140.1 0.00007 0 -70.000 -0.071 -70.000 -0.000 0 NA
145.00 0.12000 145.1 0.00008 0 -70.000 -0.071 -70.000 -0.000 0 NA
150.00 0.12000 150.1 0.00010 0 -70.000 -0.071 -70.000 -0.000 0 NA
155.00 0.12000 155.1 0.00012 0 -70.000 -0.071 -70.000 -0.000 0 NA
160.00 0.12000 160.1 0.00014 0 -70.000 -0.071 -70.000 -0.000 0 NA
165.00 0.12000 165.1 0.00016 0 -70.000 -0.071 -70.000 -0.000 0 NA
170.00 0.12000 170.1 0.00019 0 -70.000 -0.071 -70.000 -0.000 0 NA
175.00 0.12000 175.1 0.00021 0 -70.000 -0.071 -70.000 -0.000 0 NA
180.00 0.12000 180.1 0.00025 0 -70.000 -0.071 -70.000 -0.000 0 NA
185.00 0.12000 185.0 0.00029 0 -70.000 -0.071 -70.000 -0.000 0 NA
190.00 0.12000 190.1 0.00034 0 -70.000 -0.071 -70.000 -0.000 0 NA
195.00 0.12000 195.0 0.00039 0 -70.000 -0.071 -70.000 -0.000 0 NA
200.00 0.12000 200.1 0.00045 0 -70.000 -0.071 -70.000 -0.000 0 NA
205.00 0.12000 205.1 0.00051 0 -70.000 -0.071 -70.000 -0.000 0 NA
210.00 0.12000 210.1 0.00058 0 -70.000 -0.071 -70.000 -0.000 0 NA
215.00 0.12000 215.1 0.00065 0 -70.000 -0.071 -70.000 -0.000 0 NA
220.00 0.12000 220.1 0.00073 0 -70.000 -0.071 -70.000 -0.000 0 NA
225.00 0.12000 225.1 0.00083 0 -70.000 -0.071 -70.000 -0.000 0 NA
230.00 0.12000 230.1 0.00095 0 -70.000 -0.071 -70.000 -0.000 0 NA
235.00 0.12000 235.1 0.00110 0 -70.000 -0.071 -70.000 -0.000 0 NA
240.00 0.12000 240.1 0.00130 0 -70.000 -0.071 -70.000 -0.000 0 NA
245.00 0.12000 245.1 0.00156 0 -70.000 -0.071 -70.000 -0.000 0 NA
250.00 0.12000 250.1 0.00191 0 -70.000 -0.071 -70.000 -0.000 0 NA
255.00 0.12000 255.1 0.00240 0 -70.000 -0.071 -70.000 -0.000 0 NA
260.00 0.12000 260.1 0.00308 0 -70.000 -0.071 -70.000 -0.000 0 NA
265.00 0.12000 265.1 0.00399 0 -70.000 -0.071 -70.000 -0.000 0 NA
270.00 0.12000 270.1 0.00521 0 -70.000 -0.071 -70.000 -0.000 0 NA
275.00 0.12000 275.1 0.00675 0 -70.000 -0.071 -70.000 -0.000 0 NA
280.00 0.12000 280.1 0.00868 0 -70.000 -0.071 -70.000 -0.000 0 NA
285.00 0.12000 285.1 0.01100 0 -70.000 -0.071 -70.000 -0.000 0 NA
290.00 0.12000 290.1 0.01377 0 -70.000 -0.071 -70.000 -0.000 0 NA
295.00 0.12000 295.1 0.01700 0 -70.000 -0.071 -70.000 -0.000 0 NA
300.00 0.12000 300.1 0.02068 0 -70.000 -0.071 -70.000 -0.000 0 NA
305.00 0.12000 305.1 0.02484 0 -70.000 -0.071 -70.000 -0.000 0 NA
310.00 0.12000 310.1 0.02948 0 -70.000 -0.071 -70.000 -0.000 0 NA
315.00 0.12000 315.1 0.03455 0 -70.000 -0.071 -70.000 -0.000 0 NA
320.00 0.12000 320.1 0.04003 0 -70.000 -0.071 -70.000 -0.000 0 NA
325.00 0.12000 325.1 0.04598 0 -70.000 -0.071 -70.000 -0.000 0 NA
330.00 0.12000 330.1 0.05232 0 -70.000 -0.071 -70.000 -0.000 0 NA
335.00 0.11940 335.1 0.05908 0 -70.000 -0.071 -70.000 -0.000 0 NA
340.00 0.11765 340.1 0.06612 0 -70.000 -0.071 -70.000 -0.000 0 NA
345.00 0.11594 345.1 0.07359 0 -70.000 -0.071 -70.000 -0.000 0 NA
350.00 0.11429 350.1 0.08141 0 -70.000 -0.071 -70.000 -0.000 0 NA
355.00 0.11268 355.1 0.08951 0 -70.000 -0.071 -70.000 -0.000 0 NA
360.00 0.11111 360.1 0.09790 0 -70.000 -0.071 -70.000 -0.000 0 NA
365.00 0.10959 360.7 0.10004 1 -70.000 -0.071 -70.000 -0.000 0 NA
0.00 0.12000 0.1 0.00000 0 -80.000 -0.062 -80.000 -0.000 0 NA
5.00 0.12000 5.1 0.00000 0 -80.000 -0.062 -80.000 -0.000 0 NA
10.00 0.12000 10.1 0.00000 0 -80.000 -0.062 -80.000 -0.000 0 NA
15.00 0.12000 15.1 0.00000 0 -80.000 -0.062 -80.000 -0.000 0 NA
20.00 0.12000 20.0 0.00000 0 -80.000 -0.062 -80.000 -0.000 0 NA
25.00 0.12000 25.0 0.00000 0 -80.000 -0.062 -80.000 -0.000 0 NA
30.00 0.12000 30.0 0.00000 0 -80.000 -0.062 -80.000 -0.000 0 NA
35.00 0.12000 35.0 0.00000 0 -80.000 -0.062 -80.000 -0.000 0 NA
40.00 0.12000 40.0 0.00000 0 -80.000 -0.062 -80.000 -0.000 0 NA
45.00 0.12000 45.0 0.00000 0 -80.000 -0.062 -80.000 -0.000 0 NA
50.00 0.12000 50.0 0.00000 0 -80.000 -0.062 -80.000 -0.000 0 NA
55.00 0.12000 55.0 0.00000 0 -80.000 -0.062 -80.000 -0.000 0 NA
60.00 0.12000 60.0 0.00000 0 -80.000 -0.062 -80.000 -0.000 0 NA
65.00 0.12000 65.0 0.00000 0 -80.000 -0.062 -80.000 -0.000 0 NA
70.00 0.12000 70.0 0.00000 0 -80.000 -0.062 -80.000 -0.000 0 NA
75.00 0.12000 75.0 0.00000 0 -80.000 -0.062 -80.000 -0.000 0 NA
80.00 0.12000 80.0 0.00000 0 -80.000 -0.062 -80.000 -0.000 0 NA
85.00 0.12000 85.1 0.00000 0 -80.000 -0.062 -80.000 -0.000 0 NA
90.00 0.12000 90.1 0.00000 0 -80.000 -0.062 -80.000 -0.000 0 NA
95.00 0.12000 95.0 0.00000 0 -80.000 -0.062 -80.000 -0.000 0 NA
100.00 0.12000 100.0 0.00000 0 -80.000 -0.062 -80.000 -0.000 0 NA
105.00 0.12000 105.0 0.00000 0 -80.000 -0.062 -80.000 -0.000 0 NA
110.00 0.12000 110.0 0.00005 0 -80.000 -0.062 -80.000 -0.000 0 NA
115.00 0.12000 115.0 0.00005 0 -80.000 -0.062 -80.000 -0.000 0 NA
120.00 0.12000 120.1 0.00005 0 -80.000 -0.062 -80.000 -0.000 0 NA
125.00 0.12000 125.0 0.00005 0 -80.000 -0.062 -80.000 -0.000 0 NA
130.00 0.12000 130.1 0.00005 0 -80.000 -0.062 -80.000 -0.000 0 NA
135.00 0.12000 135.1 0.00005 0 -80.000 -0.062 -80.000 -0.000 0 NA
140.00 0.12000 140.1 0.00006 0 -80.000 -0.062 -80.000 -0.000 0 NA
145.00 0.12000 145.1 0.00006 0 -80.000 -0.062 -80.000 -0.000 0 NA
150.00 0.12000 150.1 0.00007 0 -80.000 -0.062 -80.000 -0.000 0 NA
155.00 0.12000 155.1 0.00007 0 -80.000 -0.062 -80.000 -0.000 0 NA
160.00 0.12000 160.1 0.00008 0 -80.000 -0.062 -80.000 -0.000 0 NA
165.00 0.12000 165.1 0.00009 0 -80.000 -0.062 -80.000 -0.000 0 NA
170.00 0.12000 170.1 0.00011 0 -80.000 -0.062 -80.000 -0.000 0 NA
175.00 0.12000 175.1 0.00013 0 -80.000 -0.062 -80.000 -0.000 0 NA
180.00 0.12000 180.1 0.00015 0 -80.000 -0.062 -80.000 -0.000 0 NA
185.00 0.12000 185.0 0.00017 0 -80.000 -0.062 -80.000 -0.000 0 NA
190.00 0.12000 190.1 0.00020 0 -80.000 -0.062 -80.000 -0.000 0 NA
195.00 0.12000 195.0 0.00023 0 -80.000 -0.062 -80.000 -0.000 0 NA
200.00 0.12000 200.1 0.00027 0 -80.000 -0.062 -80.000 -0.000 0 NA
205.00 0.12000 205.1 0.00030 0 -80.000 -0.062 -80.000 -0.000 0 NA
210.00 0.12000 210.1 0.00035 0 -80.000 -0.062 -80.000 -0.000 0 NA
215.00 0.12000 215.1 0.00040 0 -80.000 -0.062 -80.000 -0.000 0 NA
220.00 0.12000 220.1 0.00045 0 -80.000 -0.062 -80.000 -0.000 0 NA
225.00 0.12000 225.1 0.00050 0 -80.000 -0.062 -80.000 -0.000 0 NA
230.00 0.12000 230.1 0.00056 0 -80.000 -0.062 -80.000 -0.000 0 NA
235.00 0.12000 235.1 0.00063 0 -80.000 -0.062 -80.000 -0.000 0 NA
240.00 0.12000 240.1 0.00070 0 -80.000 -0.062 -80.000 -0.000 0 NA
245.00 0.12000 245.1 0.00078 0 -80.000 -0.062 -80.000 -0.000 0 NA
250.00 0.12000 250.1 0.00086 0 -80.000 -0.062 -80.000 -0.000 0 NA
255.00 0.12000 255.1 0.00095 0 -80.000 -0.062 -80.000 -0.000 0 NA
260.00 0.12000 260.1 0.00107 0 -80.000 -0.062 -80.000 -0.000 0 NA
265.00 0.12000 265.1 0.00121 0 -80.000 -0.062 -80.000 -0.000 0 NA
270.00 0.12000 270.1 0.00139 0 -80.000 -0.062 -80.000 -0.000 0 NA
275.00 0.12000 275.1 0.00161 0 -80.000 -0.062 -80.000 -0.000 0 NA
280.00 0.12000 280.1 0.00190 0 -80.000 -0.062 -80.000 -0.000 0 NA
285.00 0.12000 285.1 0.00227 0 -80.000 -0.062 -80.000 -0.000 0 NA
290.00 0.12000 290.1 0.00277 0 -80.000 -0.062 -80.000 -0.000 0 NA
295.00 0.12000 295.1 0.00346 0 -80.000 -0.062 -80.000 -0.000 0 NA
300.00 0.12000 300.1 0.00434 0 -80.000 -0.062 -80.000 -0.000 0 NA
305.00 0.12000 305.1 0.00551 0 -80.000 -0.062 -80.000 -0.000 0 NA
310.00 0.12000 310.1 0.00696 0 -80.000 -0.062 -80.000 -0.000 0 NA
315.00 0.12000 315.1 0.00875 0 -80.000 -0.062 -80.000 -0.000 0 NA
320.00 0.12000 320.1 0.01091 0 -80.000 -0.062 -80.000 -0.000 0 NA
325.00 0.12000 325.1 0.01347 0 -80.000 -0.062 -80.000 -0.000 0 NA
330.00 0.12000 330.1 0.01644 0 -80.000 -0.062 -80.000 -0.000 0 NA
335.00 0.11940 335.1 0.01986 0 -80.000 -0.062 -80.000 -0.000 0 NA
340.00 0.11765 340.1 0.02371 0 -80.000 -0.062 -80.000 -0.000 0 NA
345.00 0.11594 345.1 0.02804 0 -80.000 -0.062 -80.000 -0.000 0 NA
350.00 0.11429 350.1 0.03282 0 -80.000 -0.062 -80.000 -0.000 0 NA
355.00 0.11268 355.1 0.03805 0 -80.000 -0.062 -80.000 -0.000 0 NA
360.00 0.11111 360.1 0.04368 0 -80.000 -0.062 -80.000 -0.000 0 NA
365.00 0.10959 365.1 0.04977 0 -80.000 -0.062 -80.000 -0.000 0 NA
370.00 0.10811 370.1 0.05630 0 -80.000 -0.062 -80.000 -0.000 0 NA
375.00 0.10667 375.1 0.06324 0 -80.000 -0.062 -80.000 -0.000 0 NA
380.00 0.10526 380.1 0.07048 0 -80.000 -0.062 -80.000 -0.000 0 NA
385.00 0.10390 385.1 0.07818 0 -80.000 -0.062 -80.000 -0.000 0 NA
390.00 0.10256 390.1 0.08628 0 -80.000 -0.062 -80.000 -0.000 0 NA
395.00 0.10127 395.1 0.09469 0 -80.000 -0.062 -80.000 -0.000 0 NA
400.00 0.10000 397.4 0.10004 1 -80.000 -0.062 -80.000 -0.000 0 NA
0.00 0.12000 0.1 0.00000 0 -90.000 -0.056 -90.000 -0.000 0 NA
5.00 0.12000 5.1 0.00000 0 -90.000 -0.056 -90.000 -0.000 0 NA
10.00 0.12000 10.1 0.00000 0 -90.000 -0.056 -90.000 -0.000 0 NA
15.00 0.12000 15.1 0.00000 0 -90.000 -0.056 -90.000 -0.000 0 NA
20.00 0.12000 20.0 0.00000 0 -90.000 -0.056 -90.000 -0.000 0 NA
25.00 0.12000 25.0 0.00000 0 -90.000 -0.056 -90.000 -0.000 0 NA
30.00 0.12000 30.0 0.00000 0 -90.000 -0.056 -90.000 -0.000 0 NA
35.00 0.12000 35.0 0.00000 0 -90.000 -0.056 -90.000 -0.000 0 NA
40.00 0.12000 40.0 0.00000 0 -90.000 -0.056 -90.000 -0.000 0 NA
45.00 0.12000 45.0 0.00000 0 -90.000 -0.056 -90.000 -0.000 0 NA
50.00 0.12000 50.0 0.00000 0 -90.000 -0.056 -90.000 -0.000 0 NA
55.00 0.12000 55.0 0.00000 0 -90.000 -0.056 -90.000 -0.000 0 NA
60.00 0.12000 60.0 0.00000 0 -90.000 -0.056 -90.000 -0.000 0 NA
65.00 0.12000 65.0 0.00000 0 -90.000 -0.056 -90.000 -0.000 0 NA
70.00 0.12000 70.0 0.00000 0 -90.000 -0.056 -90.000 -0.000 0 NA
75.00 0.12000 75.0 0.00000 0 -90.000 -0.056 -90.000 -0.000 0 NA
80.00 0.12000 80.0 0.00000 0 -90.000 -0.056 -90.000 -0.000 0 NA
85.00 0.12000 85.1 0.00000 0 -90.000 -0.056 -90.000 -0.000 0 NA
90.00 0.12000 90.1 0.00000 0 -90.000 -0.056 -90.000 -0.000 0 NA
95.00 0.12000 95.0 0.00000 0 -90.000 -0.056 -90.000 -0.000 0 NA
100.00 0.12000 100.0 0.00000 0 -90.000 -0.056 -90.000 -0.000 0 NA
105.00 0.12000 105.0 0.00000 0 -90.000 -0.056 -90.000 -0.000 0 NA
110.00 0.12000 110.0 0.00000 0 -90.000 -0.056 -90.000 -0.000 0 NA
115.00 0.12000 115.0 0.00005 0 -90.000 -0.056 -90.000 -0.000 0 NA
120.00 0.12000 120.1 0.00005 0 -90.000 -0.056 -90.000 -0.000 0 NA
125.00 0.12000 125.0 0.00005 0 -90.000 -0.056 -90.000 -0.000 0 NA
130.00 0.12000 130.1 0.00005 0 -90.000 -0.056 -90.000 -0.000 0 NA
135.00 0.12000 135.1 0.00005 0 -90.000 -0.056 -90.000 -0.000 0 NA
140.00 0.12000 140.1 0.00005 0 -90.000 -0.056 -90.000 -0.000 0 NA
145.00 0.12000 145.1 0.00005 0 -90.000 -0.056 -90.000 -0.000 0 NA
150.00 0.12000 150.1 0.00005 0 -90.000 -0.056 -90.000 -0.000 0 NA
155.00 0.12000 155.1 0.00006 0 -90.000 -0.056 -90.000 -0.000 0 NA
160.00 0.12000 160.1 0.00006 0 -90.000 -0.056 -90.000 -0.000 0 NA
165.00 0.12000 165.1 0.00007 0 -90.000 -0.056 -90.000 -0.000 0 NA
170.00 0.12000 170.1 0.00007 0 -90.000 -0.056 -90.000 -0.000 0 NA
175.00 0.12000 175.1 0.00008 0 -90.000 -0.056 -90.000 -0.000 0 NA
180.00 0.12000 180.1 0.00009 0 -90.000 -0.056 -90.000 -0.000 0 NA
185.00 0.12000 185.1 0.00011 0 -90.000 -0.056 -90.000 -0.000 0 NA
190.00 0.12000 190.1 0.00013 0 -90.000 -0.056 -90.000 -0.000 0 NA
195.00 0.12000 195.0 0.00014 0 -90.000 -0.056 -90.000 -0.000 0 NA
200.00 0.12000 200.1 0.00016 0 -90.000 -0.056 -90.000 -0.000 0 NA
205.00 0.12000 205.1 0.00019 0 -90.000 -0.056 -90.000 -0.000 0 NA
210.00 0.12000 210.1 0.00021 0 -90.000 -0.056 -90.000 -0.000 0 NA
215.00 0.12000 215.1 0.00025 0 -90.000 -0.056 -90.000 -0.000 0 NA
220.00 0.12000 220.1 0.00028 0 -90.000 -0.056 -90.000 -0.000 0 NA
225.00 0.12000 225.1 0.00032 0 -90.000 -0.056 -90.000 -0.000 0 NA
230.00 0.12000 230.1 0.00036 0 -90.000 -0.056 -90.000 -0.000 0 NA
235.00 0.12000 235.1 0.00041 0 -90.000 -0.056 -90.000 -0.000 0 NA
240.00 0.12000 240.1 0.00046 0 -90.000 -0.056 -90.000 -0.000 0 NA
245.00 0.12000 245.1 0.00051 0 -90.000 -0.056 -90.000 -0.000 0 NA
250.00 0.12000 250.1 0.00056 0 -90.000 -0.056 -90.000 -0.000 0 NA
255.00 0.12000 255.1 0.00063 0 -90.000 -0.056 -90.000 -0.000 0 NA
260.00 0.12000 260.1 0.00069 0 -90.000 -0.056 -90.000 -0.000 0 NA
265.00 0.12000 265.1 0.00076 0 -90.000 -0.056 -90.000 -0.000 0 NA
270.00 0.12000 270.1 0.00083 0 -90.000 -0.056 -90.000 -0.000 0 NA
275.00 0.12000 275.1 0.00091 0 -90.000 -0.056 -90.000 -0.000 0 NA
280.00 0.12000 280.1 0.00099 0 -90.000 -0.056 -90.000 -0.000 0 NA
285.00 0.12000 285.1 0.00108 0 -90.000 -0.056 -90.000 -0.000 0 NA
290.00 0.12000 290.1 0.00120 0 -90.000 -0.056 -90.000 -0.000 0 NA
295.00 0.12000 295.1 0.00133 0 -90.000 -0.056 -90.000 -0.000 0 NA
300.00 0.12000 300.1 0.00149 0 -90.000 -0.056 -90.000 -0.000 0 NA
305.00 0.12000 305.1 0.00170 0 -90.000 -0.056 -90.000 -0.000 0 NA
310.00 0.12000 310.1 0.00195 0 -90.000 -0.056 -90.000 -0.000 0 NA
315.00 0.12000 315.1 0.00227 0 -90.000 -0.056 -90.000 -0.000 0 NA
320.00 0.12000 320.1 0.00266 0 -90.000 -0.056 -90.000 -0.000 0 NA
325.00 0.12000 325.1 0.00319 0 -90.000 -0.056 -90.000 -0.000 0 NA
330.00 0.12000 330.1 0.00388 0 -90.000 -0.056 -90.000 -0.000 0 NA
335.00 0.11940 335.1 0.00475 0 -90.000 -0.056 -90.000 -0.000 0 NA
340.00 0.11765 340.1 0.00588 0 -90.000 -0.056 -90.000 -0.000 0 NA
345.00 0.11594 345.1 0.00727 0 -90.000 -0.056 -90.000 -0.000 0 NA
350.00 0.11429 350.1 0.00897 0 -90.000 -0.056 -90.000 -0.000 0 NA
355.00 0.11268 355.1 0.01100 0 -90.000 -0.056 -90.000 -0.000 0 NA
360.00 0.11111 360.1 0.01340 0 -90.000 -0.056 -90.000 -0.000 0 NA
365.00 0.10959 365.1 0.01618 0 -90.000 -0.056 -90.000 -0.000 0 NA
370.00 0.10811 370.1 0.01937 0 -90.000 -0.056 -90.000 -0.000 0 NA
375.00 0.10667 375.1 0.02298 0 -90.000 -0.056 -90.000 -0.000 0 NA
380.00 0.10526 380.1 0.02705 0 -90.000 -0.056 -90.000 -0.000 0 NA
385.00 0.10390 385.1 0.03157 0 -90.000 -0.056 -90.000 -0.000 0 NA
390.00 0.10256 390.1 0.03655 0 -90.000 -0.056 -90.000 -0.000 0 NA
395.00 0.10127 395.1 0.04197 0 -90.000 -0.056 -90.000 -0.000 0 NA
400.00 0.10000 400.1 0.04777 0 -90.000 -0.056 -90.000 -0.000 0 NA
405.00 0.09877 405.0 0.05458 0 -90.000 -0.056 -90.000 -0.000 0 NA
410.00 0.09756 410.1 0.06138 0 -90.000 -0.056 -90.000 -0.000 0 NA
415.00 0.09639 415.1 0.06845 0 -90.000 -0.056 -90.000 -0.000 0 NA
420.00 0.09524 420.1 0.07609 0 -90.000 -0.056 -90.000 -0.000 0 NA
425.00 0.09412 425.0 0.08411 0 -90.000 -0.056 -90.000 -0.000 0 NA
430.00 0.09302 430.0 0.09254 0 -90.000 -0.056 -90.000 -0.000 0 NA
435.00 0.09195 435.0 0.10112 1 -90.000 -0.056 -90.000 -0.000 0 NA
0.00 0.12000 0.1 0.00000 0 -100.000 -0.050 -100.000 -0.000 0 NA
5.00 0.12000 5.1 0.00000 0 -100.000 -0.050 -100.000 -0.000 0 NA
10.00 0.12000 10.1 0.00000 0 -100.000 -0.050 -100.000 -0.000 0 NA
15.00 0.12000 15.1 0.00000 0 -100.000 -0.050 -100.000 -0.000 0 NA
20.00 0.12000 20.0 0.00000 0 -100.000 -0.050 -100.000 -0.000 0 NA
25.00 0.12000 25.0 0.00000 0 -100.000 -0.050 -100.000 -0.000 0 NA
30.00 0.12000 30.0 0.00000 0 -100.000 -0.050 -100.000 -0.000 0 NA
35.00 0.12000 35.0 0.00000 0 -100.000 -0.050 -100.000 -0.000 0 NA
40.00 0.12000 40.0 0.00000 0 -100.000 -0.050 -100.000 -0.000 0 NA
45.00 0.12000 45.0 0.00000 0 -100.000 -0.050 -100.000 -0.000 0 NA
50.00 0.12000 50.0 0.00000 0 -100.000 -0.050 -100.000 -0.000 0 NA
55.00 0.12000 55.0 0.00000 0 -100.000 -0.050 -100.000 -0.000 0 NA
60.00 0.12000 60.0 0.00000 0 -100.000 -0.050 -100.000 -0.000 0 NA
65.00 0.12000 65.0 0.00000 0 -100.000 -0.050 -100.000 -0.000 0 NA
70.00 0.12000 70.0 0.00000 0 -100.000 -0.050 -100.000 -0.000 0 NA
75.00 0.12000 75.0 0.00000 0 -100.000 -0.050 -100.000 -0.000 0 NA
80.00 0.12000 80.0 0.00000 0 -100.000 -0.050 -100.000 -0.000 0 NA
85.00 0.12000 85.1 0.00000 0 -100.000 -0.050 -100.000 -0.000 0 NA
90.00 0.12000 90.1 0.00000 0 -100.000 -0.050 -100.000 -0.000 0 NA
95.00 0.12000 95.0 0.00000 0 -100.000 -0.050 -100.000 -0.000 0 NA
100.00 0.12000 100.0 0.00000 0 -100.000 -0.050 -100.000 -0.000 0 NA
105.00 0.12000 105.0 0.00000 0 -100.000 -0.050 -100.000 -0.000 0 NA
110.00 0.12000 110.1 0.00000 0 -100.000 -0.050 -100.000 -0.000 0 NA
115.00 0.12000 115.0 0.00000 0 -100.000 -0.050 -100.000 -0.000 0 NA
120.00 0.12000 120.1 0.00005 0 -100.000 -0.050 -100.000 -0.000 0 NA
125.00 0.12000 125.0 0.00005 0 -100.000 -0.050 -100.000 -0.000 0 NA
130.00 0.12000 130.1 0.00005 0 -100.000 -0.050 -100.000 -0.000 0 NA
135.00 0.12000 135.1 0.00005 0 -100.000 -0.050 -100.000 -0.000 0 NA
140.00 0.12000 140.1 0.00005 0 -100.000 -0.050 -100.000 -0.000 0 NA
145.00 0.12000 145.1 0.00005 0 -100.000 -0.050 -100.000 -0.000 0 NA
150.00 0.12000 150.1 0.00005 0 -100.000 -0.050 -100.000 -0.000 0 NA
155.00 0.12000 155.1 0.00005 0 -100.000 -0.050 -100.000 -0.000 0 NA
160.00 0.12000 160.1 0.00005 0 -100.000 -0.050 -100.000 -0.000 0 NA
165.00 0.12000 165.1 0.00005 0 -100.000 -0.050 -100.000 -0.000 0 NA
170.00 0.12000 170.1 0.00006 0 -100.000 -0.050 -100.000 -0.000 0 NA
175.00 0.12000 175.1 0.00006 0 -100.000 -0.050 -100.000 -0.000 0 NA
180.00 0.12000 180.1 0.00007 0 -100.000 -0.050 -100.000 -0.000 0 NA
185.00 0.12000 185.0 0.00007 0 -100.000 -0.050 -100.000 -0.000 0 NA
190.00 0.12000 190.1 0.00008 0 -100.000 -0.050 -100.000 -0.000 0 NA
195.00 0.12000 195.0 0.00009 0 -100.000 -0.050 -100.000 -0.000 0 NA
200.00 0.12000 200.1 0.00011 0 -100.000 -0.050 -100.000 -0.000 0 NA
205.00 0.12000 205.1 0.00013 0 -100.000 -0.050 -100.000 -0.000 0 NA
210.00 0.12000 210.1 0.00014 0 -100.000 -0.050 -100.000 -0.000 0 NA
215.00 0.12000 215.1 0.00016 0 -100.000 -0.050 -100.000 -0.000 0 NA
220.00 0.12000 220.1 0.00018 0 -100.000 -0.050 -100.000 -0.000 0 NA
225.00 0.12000 225.1 0.00021 0 -100.000 -0.050 -100.000 -0.000 0 NA
230.00 0.12000 230.1 0.00023 0 -100.000 -0.050 -100.000 -0.000 0 NA
235.00 0.12000 235.1 0.00026 0 -100.000 -0.050 -100.000 -0.000 0 NA
240.00 0.12000 240.1 0.00029 0 -100.000 -0.050 -100.000 -0.000 0 NA
245.00 0.12000 245.1 0.00033 0 -100.000 -0.050 -100.000 -0.000 0 NA
250.00 0.12000 250.1 0.00037 0 -100.000 -0.050 -100.000 -0.000 0 NA
255.00 0.12000 255.1 0.00042 0 -100.000 -0.050 -100.000 -0.000 0 NA
260.00 0.12000 260.1 0.00047 0 -100.000 -0.050 -100.000 -0.000 0 NA
265.00 0.12000 265.1 0.00051 0 -100.000 -0.050 -100.000 -0.000 0 NA
270.00 0.12000 270.1 0.00056 0 -100.000 -0.050 -100.000 -0.000 0 NA
275.00 0.12000 275.1 0.00063 0 -100.000 -0.050 -100.000 -0.000 0 NA
280.00 0.12000 280.1 0.00069 0 -100.000 -0.050 -100.000 -0.000 0 NA
285.00 0.12000 285.1 0.00075 0 -100.000 -0.050 -100.000 -0.000 0 NA
290.00 0.12000 290.1 0.00081 0 -100.000 -0.050 -100.000 -0.000 0 NA
295.00 0.12000 295.1 0.00088 0 -100.000 -0.050 -100.000 -0.000 0 NA
300.00 0.12000 300.1 0.00095 0 -100.000 -0.050 -100.000 -0.000 0 NA
305.00 0.12000 305.1 0.00103 0 -100.000 -0.050 -100.000 -0.000 0 NA
310.00 0.12000 310.1 0.00112 0 -100.000 -0.050 -100.000 -0.000 0 NA
315.00 0.12000 315.1 0.00121 0 -100.000 -0.050 -100.000 -0.000 0 NA
320.00 0.12000 320.1 0.00132 0 -100.000 -0.050 -100.000 -0.000 0 NA
325.00 0.12000 325.1 0.00145 0 -100.000 -0.050 -100.000 -0.000 0 NA
330.00 0.12000 330.1 0.00160 0 -100.000 -0.050 -100.000 -0.000 0 NA
335.00 0.11940 335.1 0.00178 0 -100.000 -0.050 -100.000 -0.000 0 NA
340.00 0.11765 340.1 0.00201 0 -100.000 -0.050 -100.000 -0.000 0 NA
345.00 0.11594 345.1 0.00228 0 -100.000 -0.050 -100.000 -0.000 0 NA
350.00 0.11429 350.1 0.00262 0 -100.000 -0.050 -100.000 -0.000 0 NA
355.00 0.11268 355.1 0.00305 0 -100.000 -0.050 -100.000 -0.000 0 NA
360.00 0.11111 360.1 0.00360 0 -100.000 -0.050 -100.000 -0.000 0 NA
365.00 0.10959 365.1 0.00428 0 -100.000 -0.050 -100.000 -0.000 0 NA
370.00 0.10811 370.1 0.00516 0 -100.000 -0.050 -100.000 -0.000 0 NA
375.00 0.10667 375.1 0.00624 0 -100.000 -0.050 -100.000 -0.000 0 NA
380.00 0.10526 380.1 0.00759 0 -100.000 -0.050 -100.000 -0.000 0 NA
385.00 0.10390 385.1 0.00922 0 -100.000 -0.050 -100.000 -0.000 0 NA
390.00 0.10256 390.1 0.01115 0 -100.000 -0.050 -100.000 -0.000 0 NA
395.00 0.10127 395.1 0.01341 0 -100.000 -0.050 -100.000 -0.000 0 NA
400.00 0.10000 400.1 0.01604 0 -100.000 -0.050 -100.000 -0.000 0 NA
405.00 0.09877 405.0 0.01912 0 -100.000 -0.050 -100.000 -0.000 0 NA
410.00 0.09756 410.1 0.02257 0 -100.000 -0.050 -100.000 -0.000 0 NA
415.00 0.09639 415.1 0.02639 0 -100.000 -0.050 -100.000 -0.000 0 NA
420.00 0.09524 420.1 0.03067 0 -100.000 -0.050 -100.000 -0.000 0 NA
425.00 0.09412 425.0 0.03541 0 -100.000 -0.050 -100.000 -0.000 0 NA
430.00 0.09302 430.0 0.04060 0 -100.000 -0.050 -100.000 -0.000 0 NA
435.00 0.09195 435.0 0.04619 0 -100.000 -0.050 -100.000 -0.000 0 NA
440.00 0.09091 440.0 0.05231 0 -100.000 -0.050 -100.000 -0.000 0 NA
445.00 0.08989 445.0 0.05890 0 -100.000 -0.050 -100.000 -0.000 0 NA
450.00 0.08889 450.0 0.06596 0 -100.000 -0.050 -100.000 -0.000 0 NA
0.00 0.12000 0.1 0.00000 0 -110.000 -0.045 -110.000 -0.000 0 NA
5.00 0.12000 5.1 0.00000 0 -110.000 -0.045 -110.000 -0.000 0 NA
10.00 0.12000 10.1 0.00000 0 -110.000 -0.045 -110.000 -0.000 0 NA
15.00 0.12000 15.1 0.00000 0 -110.000 -0.045 -110.000 -0.000 0 NA
20.00 0.12000 20.0 0.00000 0 -110.000 -0.045 -110.000 -0.000 0 NA
25.00 0.12000 25.0 0.00000 0 -110.000 -0.045 -110.000 -0.000 0 NA
30.00 0.12000 30.0 0.00000 0 -110.000 -0.045 -110.000 -0.000 0 NA
35.00 0.12000 35.0 0.00000 0 -110.000 -0.045 -110.000 -0.000 0 NA
40.00 0.12000 40.0 0.00000 0 -110.000 -0.045 -110.000 -0.000 0 NA
45.00 0.12000 45.0 0.00000 0 -110.000 -0.045 -110.000 -0.000 0 NA
50.00 0.12000 50.0 0.00000 0 -110.000 -0.045 -110.000 -0.000 0 NA
55.00 0.12000 55.0 0.00000 0 -110.000 -0.045 -110.000 -0.000 0 NA
60.00 0.12000 60.0 0.00000 0 -110.000 -0.045 -110.000 -0.000 0 NA
65.00 0.12000 65.0 0.00000 0 -110.000 -0.045 -110.000 -0.000 0 NA
70.00 0.12000 70.0 0.00000 0 -110.000 -0.045 -110.000 -0.000 0 NA
75.00 0.12000 75.0 0.00000 0 -110.000 -0.045 -110.000 -0.000 0 NA
80.00 0.12000 80.0 0.00000 0 -110.000 -0.045 -110.000 -0.000 0 NA
85.00 0.12000 85.1 0.00000 0 -110.000 -0.045 -110.000 -0.000 0 NA
90.00 0.12000 90.1 0.00000 0 -110.000 -0.045 -110.000 -0.000 0 NA
95.00 0.12000 95.0 0.00000 0 -110.000 -0.045 -110.000 -0.000 0 NA
100.00 0.12000 100.0 0.00000 0 -110.000 -0.045 -110.000 -0.000 0 NA
105.00 0.12000 105.0 0.00000 0 -110.000 -0.045 -110.000 -0.000 0 NA
110.00 0.12000 110.1 0.00000 0 -110.000 -0.045 -110.000 -0.000 0 NA
115.00 0.12000 115.0 0.00000 0 -110.000 -0.045 -110.000 -0.000 0 NA
120.00 0.12000 120.1 0.00000 0 -110.000 -0.045 -110.000 -0.000 0 NA
125.00 0.12000 125.0 0.00000 0 -110.000 -0.045 -110.000 -0.000 0 NA
130.00 0.12000 130.1 0.00005 0 -110.000 -0.045 -110.000 -0.000 0 NA
135.00 0.12000 135.1 0.00005 0 -110.000 -0.045 -110.000 -0.000 0 NA
140.00 0.12000 140.1 0.00005 0 -110.000 -0.045 -110.000 -0.000 0 NA
145.00 0.12000 145.1 0.00005 0 -110.000 -0.045 -110.000 -0.000 0 NA
150.00 0.12000 150.1 0.00005 0 -110.000 -0.045 -110.000 -0.000 0 NA
155.00 0.12000 155.1 0.00005 0 -110.000 -0.045 -110.000 -0.000 0 NA
160.00 0.12000 160.1 0.00005 0 -110.000 -0.045 -110.000 -0.000 0 NA
165.00 0.12000 165.1 0.00005 0 -110.000 -0.045 -110.000 -0.000 0 NA
170.00 0.12000 170.1 0.00005 0 -110.000 -0.045 -110.000 -0.000 0 NA
175.00 0.12000 175.1 0.00005 0 -110.000 -0.045 -110.000 -0.000 0 NA
180.00 0.12000 180.1 0.00006 0 -110.000 -0.045 -110.000 -0.000 0 NA
185.00 0.12000 185.1 0.00006 0 -110.000 -0.045 -110.000 -0.000 0 NA
190.00 0.12000 190.1 0.00007 0 -110.000 -0.045 -110.000 -0.000 0 NA
195.00 0.12000 195.0 0.00007 0 -110.000 -0.045 -110.000 -0.000 0 NA
200.00 0.12000 200.1 0.00007 0 -110.000 -0.045 -110.000 -0.000 0 NA
205.00 0.12000 205.1 0.00008 0 -110.000 -0.045 -110.000 -0.000 0 NA
210.00 0.12000 210.1 0.00009 0 -110.000 -0.045 -110.000 -0.000 0 NA
215.00 0.12000 215.1 0.00011 0 -110.000 -0.045 -110.000 -0.000 0 NA
220.00 0.12000 220.1 0.00012 0 -110.000 -0.045 -110.000 -0.000 0 NA
225.00 0.12000 225.1 0.00014 0 -110.000 -0.045 -110.000 -0.000 0 NA
230.00 0.12000 230.1 0.00015 0 -110.000 -0.045 -110.000 -0.000 0 NA
235.00 0.12000 235.1 0.00018 0 -110.000 -0.045 -110.000 -0.000 0 NA
240.00 0.12000 240.1 0.00020 0 -110.000 -0.045 -110.000 -0.000 0 NA
245.00 0.12000 245.1 0.00022 0 -110.000 -0.045 -110.000 -0.000 0 NA
250.00 0.12000 250.1 0.00025 0 -110.000 -0.045 -110.000 -0.000 0 NA
255.00 0.12000 255.1 0.00028 0 -110.000 -0.045 -110.000 -0.000 0 NA
260.00 0.12000 260.1 0.00031 0 -110.000 -0.045 -110.000 -0.000 0 NA
265.00 0.12000 265.1 0.00035 0 -110.000 -0.045 -110.000 -0.000 0 NA
270.00 0.12000 270.1 0.00038 0 -110.000 -0.045 -110.000 -0.000 0 NA
275.00 0.12000 275.1 0.00042 0 -110.000 -0.045 -110.000 -0.000 0 NA
280.00 0.12000 280.1 0.00047 0 -110.000 -0.045 -110.000 -0.000 0 NA
285.00 0.12000 285.1 0.00052 0 -110.000 -0.045 -110.000 -0.000 0 NA
290.00 0.12000 290.1 0.00056 0 -110.000 -0.045 -110.000 -0.000 0 NA
295.00 0.12000 295.1 0.00063 0 -110.000 -0.045 -110.000 -0.000 0 NA
300.00 0.12000 300.1 0.00068 0 -110.000 -0.045 -110.000 -0.000 0 NA
305.00 0.12000 305.1 0.00073 0 -110.000 -0.045 -110.000 -0.000 0 NA
310.00 0.12000 310.1 0.00079 0 -110.000 -0.045 -110.000 -0.000 0 NA
315.00 0.12000 315.1 0.00085 0 -110.000 -0.045 -110.000 -0.000 0 NA
320.00 0.12000 320.1 0.00092 0 -110.000 -0.045 -110.000 -0.000 0 NA
325.00 0.12000 325.1 0.00099 0 -110.000 -0.045 -110.000 -0.000 0 NA
330.00 0.12000 330.1 0.00106 0 -110.000 -0.045 -110.000 -0.000 0 NA
335.00 0.11940 335.1 0.00114 0 -110.000 -0.045 -110.000 -0.000 0 NA
340.00 0.11765 340.1 0.00123 0 -110.000 -0.045 -110.000 -0.000 0 NA
345.00 0.11594 345.1 0.00133 0 -110.000 -0.045 -110.000 -0.000 0 NA
350.00 0.11429 350.1 0.00143 0 -110.000 -0.045 -110.000 -0.000 0 NA
355.00 0.11268 355.1 0.00155 0 -110.000 -0.045 -110.000 -0.000 0 NA
360.00 0.11111 360.1 0.00170 0 -110.000 -0.045 -110.000 -0.000 0 NA
365.00 0.10959 365.1 0.00187 0 -110.000 -0.045 -110.000 -0.000 0 NA
370.00 0.10811 370.1 0.00207 0 -110.000 -0.045 -110.000 -0.000 0 NA
375.00 0.10667 375.1 0.00231 0 -110.000 -0.045 -110.000 -0.000 0 NA
380.00 0.10526 380.1 0.00261 0 -110.000 -0.045 -110.000 -0.000 0 NA
385.00 0.10390 385.1 0.00297 0 -110.000 -0.045 -110.000 -0.000 0 NA
390.00 0.10256 390.1 0.00341 0 -110.000 -0.045 -110.000 -0.000 0 NA
395.00 0.10127 395.1 0.00397 0 -110.000 -0.045 -110.000 -0.000 0 NA
400.00 0.10000 400.1 0.00467 0 -110.000 -0.045 -110.000 -0.000 0 NA
405.00 0.09877 405.0 0.00552 0 -110.000 -0.045 -110.000 -0.000 0 NA
410.00 0.09756 410.1 0.00659 0 -110.000 -0.045 -110.000 -0.000 0 NA
415.00 0.09639 415.1 0.00789 0 -110.000 -0.045 -110.000 -0.000 0 NA
420.00 0.09524 420.1 0.00945 0 -110.000 -0.045 -110.000 -0.000 0 NA
425.00 0.09412 425.0 0.01129 0 -110.000 -0.045 -110.000 -0.000 0 NA
430.00 0.09302 430.0 0.01345 0 -110.000 -0.045 -110.000 -0.000 0 NA
435.00 0.09195 435.0 0.01594 0 -110.000 -0.045 -110.000 -0.000 0 NA
440.00 0.09091 440.0 0.01879 0 -110.000 -0.045 -110.000 -0.000 0 NA
445.00 0.08989 445.0 0.02203 0 -110.000 -0.045 -110.000 -0.000 0 NA
450.00 0.08889 450.0 0.02568 0 -110.000 -0.045 -110.000 -0.000 0 NA
0.00 0.12000 0.1 0.00000 0 -120.000 -0.042 -120.000 -0.000 0 NA
5.00 0.12000 5.1 0.00000 0 -120.000 -0.042 -120.000 -0.000 0 NA
10.00 0.12000 10.1 0.00000 0 -120.000 -0.042 -120.000 -0.000 0 NA
15.00 0.12000 15.1 0.00000 0 -120.000 -0.042 -120.000 -0.000 0 NA
20.00 0.12000 20.0 0.00000 0 -120.000 -0.042 -120.000 -0.000 0 NA
25.00 0.12000 25.0 0.00000 0 -120.000 -0.042 -120.000 -0.000 0 NA
30.00 0.12000 30.0 0.00000 0 -120.000 -0.042 -120.000 -0.000 0 NA
35.00 0.12000 35.0 0.00000 0 -120.000 -0.042 -120.000 -0.000 0 NA
40.00 0.12000 40.0 0.00000 0 -120.000 -0.042 -120.000 -0.000 0 NA
45.00 0.12000 45.0 0.00000 0 -120.000 -0.042 -120.000 -0.000 0 NA
50.00 0.12000 50.0 0.00000 0 -120.000 -0.042 -120.000 -0.000 0 NA
55.00 0.12000 55.0 0.00000 0 -120.000 -0.042 -120.000 -0.000 0 NA
60.00 0.12000 60.0 0.00000 0 -120.000 -0.042 -120.000 -0.000 0 NA
65.00 0.12000 65.0 0.00000 0 -120.000 -0.042 -120.000 -0.000 0 NA
70.00 0.12000 70.0 0.00000 0 -120.000 -0.042 -120.000 -0.000 0 NA
75.00 0.12000 75.0 0.00000 0 -120.000 -0.042 -120.000 -0.000 0 NA
80.00 0.12000 80.0 0.00000 0 -120.000 -0.042 -120.000 -0.000 0 NA
85.00 0.12000 85.1 0.00000 0 -120.000 -0.042 -120.000 -0.000 0 NA
90.00 0.12000 90.1 0.00000 0 -120.000 -0.042 -120.000 -0.000 0 NA
95.00 0.12000 95.0 0.00000 0 -120.000 -0.042 -120.000 -0.000 0 NA
100.00 0.12000 100.0 0.00000 0 -120.000 -0.042 -120.000 -0.000 0 NA
105.00 0.12000 105.0 0.00000 0 -120.000 -0.042 -120.000 -0.000 0 NA
110.00 0.12000 110.1 0.00000 0 -120.000 -0.042 -120.000 -0.000 0 NA
115.00 0.12000 115.0 0.00000 0 -120.000 -0.042 -120.000 -0.000 0 NA
120.00 0.12000 120.1 0.00000 0 -120.000 -0.042 -120.000 -0.000 0 NA
125.00 0.12000 125.0 0.00000 0 -120.000 -0.042 -120.000 -0.000 0 NA
130.00 0.12000 130.1 0.00000 0 -120.000 -0.042 -120.000 -0.000 0 NA
135.00 0.12000 135.1 0.00005 0 -120.000 -0.042 -120.000 -0.000 0 NA
140.00 0.12000 140.1 0.00005 0 -120.000 -0.042 -120.000 -0.000 0 NA
145.00 0.12000 145.1 0.00005 0 -120.000 -0.042 -120.000 -0.000 0 NA
150.00 0.12000 150.1 0.00005 0 -120.000 -0.042 -120.000 -0.000 0 NA
155.00 0.12000 155.1 0.00005 0 -120.000 -0.042 -120.000 -0.000 0 NA
160.00 0.12000 160.1 0.00005 0 -120.000 -0.042 -120.000 -0.000 0 NA
165.00 0.12000 165.1 0.00005 0 -120.000 -0.042 -120.000 -0.000 0 NA
170.00 0.12000 170.1 0.00005 0 -120.000 -0.042 -120.000 -0.000 0 NA
175.00 0.12000 175.1 0.00005 0 -120.000 -0.042 -120.000 -0.000 0 NA
180.00 0.12000 180.1 0.00005 0 -120.000 -0.042 -120.000 -0.000 0 NA
185.00 0.12000 185.1 0.00005 0 -120.000 -0.042 -120.000 -0.000 0 NA
190.00 0.12000 190.1 0.00006 0 -120.000 -0.042 -120.000 -0.000 0 NA
195.00 0.12000 195.0 0.00006 0 -120.000 -0.042 -120.000 -0.000 0 NA
200.00 0.12000 200.1 0.00006 0 -120.000 -0.042 -120.000 -0.000 0 NA
205.00 0.12000 205.1 0.00007 0 -120.000 -0.042 -120.000 -0.000 0 NA
210.00 0.12000 210.1 0.00007 0 -120.000 -0.042 -120.000 -0.000 0 NA
215.00 0.12000 215.1 0.00007 0 -120.000 -0.042 -120.000 -0.000 0 NA
220.00 0.12000 220.1 0.00008 0 -120.000 -0.042 -120.000 -0.000 0 NA
225.00 0.12000 225.1 0.00009 0 -120.000 -0.042 -120.000 -0.000 0 NA
230.00 0.12000 230.1 0.00011 0 -120.000 -0.042 -120.000 -0.000 0 NA
235.00 0.12000 235.1 0.00012 0 -120.000 -0.042 -120.000 -0.000 0 NA
240.00 0.12000 240.1 0.00014 0 -120.000 -0.042 -120.000 -0.000 0 NA
245.00 0.12000 245.1 0.00014 0 -120.000 -0.042 -120.000 -0.000 0 NA
250.00 0.12000 250.1 0.00017 0 -120.000 -0.042 -120.000 -0.000 0 NA
255.00 0.12000 255.1 0.00019 0 -120.000 -0.042 -120.000 -0.000 0 NA
260.00 0.12000 260.1 0.00021 0 -120.000 -0.042 -120.000 -0.000 0 NA
265.00 0.12000 265.1 0.00023 0 -120.000 -0.042 -120.000 -0.000 0 NA
270.00 0.12000 270.1 0.00026 0 -120.000 -0.042 -120.000 -0.000 0 NA
275.00 0.12000 275.1 0.00029 0 -120.000 -0.042 -120.000 -0.000 0 NA
280.00 0.12000 280.1 0.00032 0 -120.000 -0.042 -120.000 -0.000 0 NA
285.00 0.12000 285.1 0.00035 0 -120.000 -0.042 -120.000 -0.000 0 NA
290.00 0.12000 290.1 0.00039 0 -120.000 -0.042 -120.000 -0.000 0 NA
295.00 0.12000 295.1 0.00043 0 -120.000 -0.042 -120.000 -0.000 0 NA
300.00 0.12000 300.1 0.00048 0 -120.000 -0.042 -120.000 -0.000 0 NA
305.00 0.12000 305.1 0.00052 0 -120.000 -0.042 -120.000 -0.000 0 NA
310.00 0.12000 310.1 0.00056 0 -120.000 -0.042 -120.000 -0.000 0 NA
315.00 0.12000 315.1 0.00062 0 -120.000 -0.042 -120.000 -0.000 0 NA
320.00 0.12000 320.1 0.00067 0 -120.000 -0.042 -120.000 -0.000 0 NA
325.00 0.12000 325.1 0.00072 0 -120.000 -0.042 -120.000 -0.000 0 NA
330.00 0.12000 330.1 0.00078 0 -120.000 -0.042 -120.000 -0.000 0 NA
335.00 0.11940 335.1 0.00084 0 -120.000 -0.042 -120.000 -0.000 0 NA
340.00 0.11765 340.1 0.00090 0 -120.000 -0.042 -120.000 -0.000 0 NA
345.00 0.11594 345.1 0.00097 0 -120.000 -0.042 -120.000 -0.000 0 NA
350.00 0.11429 350.1 0.00103 0 -120.000 -0.042 -120.000 -0.000 0 NA
355.00 0.11268 355.1 0.00110 0 -120.000 -0.042 -120.000 -0.000 0 NA
360.00 0.11111 360.1 0.00118 0 -120.000 -0.042 -120.000 -0.000 0 NA
365.00 0.10959 365.1 0.00126 0 -120.000 -0.042 -120.000 -0.000 0 NA
370.00 0.10811 370.1 0.00134 0 -120.000 -0.042 -120.000 -0.000 0 NA
375.00 0.10667 375.1 0.00143 0 -120.000 -0.042 -120.000 -0.000 0 NA
380.00 0.10526 380.1 0.00154 0 -120.000 -0.042 -120.000 -0.000 0 NA
385.00 0.10390 385.1 0.00165 0 -120.000 -0.042 -120.000 -0.000 0 NA
390.00 0.10256 390.1 0.00179 0 -120.000 -0.042 -120.000 -0.000 0 NA
395.00 0.10127 395.1 0.00195 0 -120.000 -0.042 -120.000 -0.000 0 NA
400.00 0.10000 400.1 0.00214 0 -120.000 -0.042 -120.000 -0.000 0 NA
405.00 0.09877 405.0 0.00234 0 -120.000 -0.042 -120.000 -0.000 0 NA
410.00 0.09756 410.1 0.00262 0 -120.000 -0.042 -120.000 -0.000 0 NA
415.00 0.09639 415.1 0.00292 0 -120.000 -0.042 -120.000 -0.000 0 NA
420.00 0.09524 420.1 0.00331 0 -120.000 -0.042 -120.000 -0.000 0 NA
425.00 0.09412 425.0 0.00377 0 -120.000 -0.042 -120.000 -0.000 0 NA
430.00 0.09302 430.0 0.00435 0 -120.000 -0.042 -120.000 -0.000 0 NA
435.00 0.09195 435.0 0.00505 0 -120.000 -0.042 -120.000 -0.000 0 NA
440.00 0.09091 440.0 0.00592 0 -120.000 -0.042 -120.000 -0.000 0 NA
445.00 0.08989 445.0 0.00697 0 -120.000 -0.042 -120.000 -0.000 0 NA
450.00 0.08889 450.0 0.00824 0 -120.000 -0.042 -120.000 -0.000 0 NA
