% * Sample: 300B_4
% * Date / time: 2023-12-30 13:51:32.830678
% * R2CONTROL =  NOT SPECIFIED
% Column 1:  PSU1 nominal voltage setting (V)
% Column 2:  PSU1 nominal current setting (A)
% Column 3:  PSU1 voltage measurement (V)
% Column 4:  PSU1 current measurement (I)
% Column 5:  PSU1 limiter flag
% Column 6:  PSU2 nominal voltage setting (V)
% Column 7:  PSU2 nominal current setting (A)
% Column 8:  PSU2 voltage measurement (V)
% Column 9:  PSU2 current measurement (I)
% Column 10: PSU2 limiter flag
% Column 11: Heaterblock temperature (°C)
% * OPERATING POINT AT END OF PREHEAT / IDLE: U1 = 300.1 V  I1 = 0.10003 A  U2 = -50.284 V  I2 = -0.000 A  T = NA °C
0.00 0.12000 0.1 0.00000 0 -0.000 -1.000 -3.078 -0.000 0 NA
5.00 0.12000 5.1 0.00000 0 -0.000 -1.000 -2.139 -0.000 0 NA
10.00 0.12000 10.1 0.00007 0 -0.000 -1.000 -1.508 -0.000 0 NA
15.00 0.12000 15.1 0.00055 0 -0.000 -1.000 -1.080 -0.000 0 NA
20.00 0.12000 20.1 0.00199 0 -0.000 -1.000 -0.787 -0.000 0 NA
25.00 0.12000 25.0 0.00447 0 -0.000 -1.000 -0.532 -0.000 0 NA
30.00 0.12000 30.0 0.00799 0 -0.000 -1.000 -0.406 -0.000 0 NA
35.00 0.12000 35.0 0.01226 0 -0.000 -1.000 -0.316 -0.000 0 NA
40.00 0.12000 40.0 0.01707 0 -0.000 -1.000 -0.252 -0.000 0 NA
45.00 0.12000 45.0 0.02228 0 -0.000 -1.000 -0.206 -0.000 0 NA
50.00 0.12000 50.0 0.02791 0 -0.000 -1.000 -0.171 -0.000 0 NA
55.00 0.12000 55.0 0.03385 0 -0.000 -1.000 -0.138 -0.000 0 NA
60.00 0.12000 60.0 0.04007 0 -0.000 -1.000 -0.120 -0.000 0 NA
65.00 0.12000 65.0 0.04653 0 -0.000 -1.000 -0.106 -0.000 0 NA
70.00 0.12000 70.0 0.05323 0 -0.000 -1.000 -0.094 -0.000 0 NA
75.00 0.12000 75.0 0.06009 0 -0.000 -1.000 -0.085 -0.000 0 NA
80.00 0.12000 80.0 0.06709 0 -0.000 -1.000 -0.076 -0.000 0 NA
85.00 0.12000 85.1 0.07416 0 -0.000 -1.000 -0.070 -0.000 0 NA
90.00 0.12000 90.1 0.08128 0 -0.000 -1.000 -0.065 -0.000 0 NA
95.00 0.12000 95.0 0.08818 0 -0.000 -1.000 -0.061 -0.000 0 NA
100.00 0.12000 100.0 0.09484 0 -0.000 -1.000 -0.057 -0.000 0 NA
105.00 0.12000 105.0 0.10117 0 -0.000 -1.000 -0.053 -0.000 0 NA
110.00 0.12000 110.1 0.10737 0 -0.000 -1.000 -0.050 -0.000 0 NA
115.00 0.12000 115.0 0.11285 0 -0.000 -1.000 -0.000 -0.000 0 NA
120.00 0.12000 120.1 0.11787 0 -0.000 -1.000 -0.000 -0.000 0 NA
125.00 0.12000 124.2 0.12003 1 -0.000 -1.000 -0.000 -0.000 0 NA
0.00 0.12000 0.1 0.00000 0 -10.000 -0.500 -10.000 -0.000 0 NA
5.00 0.12000 5.1 0.00000 0 -10.000 -0.500 -10.000 -0.000 0 NA
10.00 0.12000 10.1 0.00000 0 -10.000 -0.500 -10.000 -0.000 0 NA
15.00 0.12000 15.1 0.00000 0 -10.000 -0.500 -10.000 -0.000 0 NA
20.00 0.12000 20.1 0.00000 0 -10.000 -0.500 -10.000 -0.000 0 NA
25.00 0.12000 25.0 0.00000 0 -10.000 -0.500 -10.000 -0.000 0 NA
30.00 0.12000 30.0 0.00000 0 -10.000 -0.500 -10.000 -0.000 0 NA
35.00 0.12000 35.0 0.00000 0 -10.000 -0.500 -10.000 -0.000 0 NA
40.00 0.12000 40.0 0.00006 0 -10.000 -0.500 -10.000 -0.000 0 NA
45.00 0.12000 45.0 0.00017 0 -10.000 -0.500 -10.000 -0.000 0 NA
50.00 0.12000 50.0 0.00063 0 -10.000 -0.500 -10.000 -0.000 0 NA
55.00 0.12000 55.0 0.00169 0 -10.000 -0.500 -10.000 -0.000 0 NA
60.00 0.12000 60.0 0.00349 0 -10.000 -0.500 -10.000 -0.000 0 NA
65.00 0.12000 65.0 0.00606 0 -10.000 -0.500 -10.000 -0.000 0 NA
70.00 0.12000 70.0 0.00934 0 -10.000 -0.500 -10.000 -0.000 0 NA
75.00 0.12000 75.0 0.01323 0 -10.000 -0.500 -10.000 -0.000 0 NA
80.00 0.12000 80.0 0.01764 0 -10.000 -0.500 -10.000 -0.000 0 NA
85.00 0.12000 85.1 0.02250 0 -10.000 -0.500 -10.000 -0.000 0 NA
90.00 0.12000 90.1 0.02777 0 -10.000 -0.500 -10.000 -0.000 0 NA
95.00 0.12000 95.0 0.03336 0 -10.000 -0.500 -10.000 -0.000 0 NA
100.00 0.12000 100.0 0.03927 0 -10.000 -0.500 -10.000 -0.000 0 NA
105.00 0.12000 105.0 0.04546 0 -10.000 -0.500 -10.000 -0.000 0 NA
110.00 0.12000 110.1 0.05190 0 -10.000 -0.500 -10.000 -0.000 0 NA
115.00 0.12000 115.0 0.05848 0 -10.000 -0.500 -10.000 -0.000 0 NA
120.00 0.12000 120.1 0.06516 0 -10.000 -0.500 -10.000 -0.000 0 NA
125.00 0.12000 125.0 0.07182 0 -10.000 -0.500 -10.000 -0.000 0 NA
130.00 0.12000 130.1 0.07849 0 -10.000 -0.500 -10.000 -0.000 0 NA
135.00 0.12000 135.1 0.08482 0 -10.000 -0.500 -10.000 -0.000 0 NA
140.00 0.12000 140.1 0.09080 0 -10.000 -0.500 -10.000 -0.000 0 NA
145.00 0.12000 145.1 0.09636 0 -10.000 -0.500 -10.000 -0.000 0 NA
150.00 0.12000 150.1 0.10185 0 -10.000 -0.500 -10.000 -0.000 0 NA
155.00 0.12000 155.1 0.10660 0 -10.000 -0.500 -10.000 -0.000 0 NA
160.00 0.12000 160.1 0.11094 0 -10.000 -0.500 -10.000 -0.000 0 NA
165.00 0.12000 165.1 0.11493 0 -10.000 -0.500 -10.000 -0.000 0 NA
170.00 0.12000 170.1 0.11908 0 -10.000 -0.500 -10.000 -0.000 0 NA
175.00 0.12000 174.3 0.12003 1 -10.000 -0.500 -10.000 -0.000 0 NA
0.00 0.12000 0.1 0.00000 0 -20.000 -0.250 -20.000 -0.000 0 NA
5.00 0.12000 5.1 0.00000 0 -20.000 -0.250 -20.000 -0.000 0 NA
10.00 0.12000 10.1 0.00000 0 -20.000 -0.250 -20.000 -0.000 0 NA
15.00 0.12000 15.1 0.00000 0 -20.000 -0.250 -20.000 -0.000 0 NA
20.00 0.12000 20.1 0.00000 0 -20.000 -0.250 -20.000 -0.000 0 NA
25.00 0.12000 25.0 0.00000 0 -20.000 -0.250 -20.000 -0.000 0 NA
30.00 0.12000 30.0 0.00000 0 -20.000 -0.250 -20.000 -0.000 0 NA
35.00 0.12000 35.0 0.00000 0 -20.000 -0.250 -20.000 -0.000 0 NA
40.00 0.12000 40.0 0.00000 0 -20.000 -0.250 -20.000 -0.000 0 NA
45.00 0.12000 45.0 0.00000 0 -20.000 -0.250 -20.000 -0.000 0 NA
50.00 0.12000 50.0 0.00000 0 -20.000 -0.250 -20.000 -0.000 0 NA
55.00 0.12000 55.0 0.00000 0 -20.000 -0.250 -20.000 -0.000 0 NA
60.00 0.12000 60.0 0.00000 0 -20.000 -0.250 -20.000 -0.000 0 NA
65.00 0.12000 65.0 0.00006 0 -20.000 -0.250 -20.000 -0.000 0 NA
70.00 0.12000 70.0 0.00008 0 -20.000 -0.250 -20.000 -0.000 0 NA
75.00 0.12000 75.0 0.00014 0 -20.000 -0.250 -20.000 -0.000 0 NA
80.00 0.12000 80.0 0.00025 0 -20.000 -0.250 -20.000 -0.000 0 NA
85.00 0.12000 85.1 0.00055 0 -20.000 -0.250 -20.000 -0.000 0 NA
90.00 0.12000 90.1 0.00123 0 -20.000 -0.250 -20.000 -0.000 0 NA
95.00 0.12000 95.0 0.00247 0 -20.000 -0.250 -20.000 -0.000 0 NA
100.00 0.12000 100.0 0.00435 0 -20.000 -0.250 -20.000 -0.000 0 NA
105.00 0.12000 105.0 0.00690 0 -20.000 -0.250 -20.000 -0.000 0 NA
110.00 0.12000 110.1 0.01009 0 -20.000 -0.250 -20.000 -0.000 0 NA
115.00 0.12000 115.0 0.01384 0 -20.000 -0.250 -20.000 -0.000 0 NA
120.00 0.12000 120.1 0.01811 0 -20.000 -0.250 -20.000 -0.000 0 NA
125.00 0.12000 125.0 0.02280 0 -20.000 -0.250 -20.000 -0.000 0 NA
130.00 0.12000 130.1 0.02789 0 -20.000 -0.250 -20.000 -0.000 0 NA
135.00 0.12000 135.1 0.03334 0 -20.000 -0.250 -20.000 -0.000 0 NA
140.00 0.12000 140.1 0.03911 0 -20.000 -0.250 -20.000 -0.000 0 NA
145.00 0.12000 145.1 0.04511 0 -20.000 -0.250 -20.000 -0.000 0 NA
150.00 0.12000 150.1 0.05136 0 -20.000 -0.250 -20.000 -0.000 0 NA
155.00 0.12000 155.1 0.05777 0 -20.000 -0.250 -20.000 -0.000 0 NA
160.00 0.12000 160.1 0.06433 0 -20.000 -0.250 -20.000 -0.000 0 NA
165.00 0.12000 165.1 0.07082 0 -20.000 -0.250 -20.000 -0.000 0 NA
170.00 0.12000 170.1 0.07719 0 -20.000 -0.250 -20.000 -0.000 0 NA
175.00 0.12000 175.1 0.08325 0 -20.000 -0.250 -20.000 -0.000 0 NA
180.00 0.12000 180.1 0.08923 0 -20.000 -0.250 -20.000 -0.000 0 NA
185.00 0.12000 185.1 0.09452 0 -20.000 -0.250 -20.000 -0.000 0 NA
190.00 0.12000 190.1 0.09936 0 -20.000 -0.250 -20.000 -0.000 0 NA
195.00 0.12000 195.1 0.10371 0 -20.000 -0.250 -20.000 -0.000 0 NA
200.00 0.12000 200.1 0.10771 0 -20.000 -0.250 -20.000 -0.000 0 NA
205.00 0.12000 205.1 0.11189 0 -20.000 -0.250 -20.000 -0.000 0 NA
210.00 0.12000 210.1 0.11520 0 -20.000 -0.250 -20.000 -0.000 0 NA
215.00 0.12000 215.1 0.11833 0 -20.000 -0.250 -20.000 -0.000 0 NA
220.00 0.12000 220.0 0.12121 1 -20.000 -0.250 -20.000 -0.000 0 NA
0.00 0.12000 0.1 0.00000 0 -30.000 -0.167 -30.000 -0.000 0 NA
5.00 0.12000 5.1 0.00000 0 -30.000 -0.167 -30.000 -0.000 0 NA
10.00 0.12000 10.1 0.00000 0 -30.000 -0.167 -30.000 -0.000 0 NA
15.00 0.12000 15.1 0.00000 0 -30.000 -0.167 -30.000 -0.000 0 NA
20.00 0.12000 20.1 0.00000 0 -30.000 -0.167 -30.000 -0.000 0 NA
25.00 0.12000 25.0 0.00000 0 -30.000 -0.167 -30.000 -0.000 0 NA
30.00 0.12000 30.0 0.00000 0 -30.000 -0.167 -30.000 -0.000 0 NA
35.00 0.12000 35.0 0.00000 0 -30.000 -0.167 -30.000 -0.000 0 NA
40.00 0.12000 40.0 0.00000 0 -30.000 -0.167 -30.000 -0.000 0 NA
45.00 0.12000 45.0 0.00000 0 -30.000 -0.167 -30.000 -0.000 0 NA
50.00 0.12000 50.0 0.00000 0 -30.000 -0.167 -30.000 -0.000 0 NA
55.00 0.12000 55.0 0.00000 0 -30.000 -0.167 -30.000 -0.000 0 NA
60.00 0.12000 60.0 0.00000 0 -30.000 -0.167 -30.000 -0.000 0 NA
65.00 0.12000 65.0 0.00000 0 -30.000 -0.167 -30.000 -0.000 0 NA
70.00 0.12000 70.0 0.00000 0 -30.000 -0.167 -30.000 -0.000 0 NA
75.00 0.12000 75.0 0.00000 0 -30.000 -0.167 -30.000 -0.000 0 NA
80.00 0.12000 80.0 0.00000 0 -30.000 -0.167 -30.000 -0.000 0 NA
85.00 0.12000 85.1 0.00006 0 -30.000 -0.167 -30.000 -0.000 0 NA
90.00 0.12000 90.1 0.00007 0 -30.000 -0.167 -30.000 -0.000 0 NA
95.00 0.12000 95.0 0.00010 0 -30.000 -0.167 -30.000 -0.000 0 NA
100.00 0.12000 100.0 0.00014 0 -30.000 -0.167 -30.000 -0.000 0 NA
105.00 0.12000 105.0 0.00019 0 -30.000 -0.167 -30.000 -0.000 0 NA
110.00 0.12000 110.1 0.00027 0 -30.000 -0.167 -30.000 -0.000 0 NA
115.00 0.12000 115.0 0.00040 0 -30.000 -0.167 -30.000 -0.000 0 NA
120.00 0.12000 120.1 0.00067 0 -30.000 -0.167 -30.000 -0.000 0 NA
125.00 0.12000 125.0 0.00119 0 -30.000 -0.167 -30.000 -0.000 0 NA
130.00 0.12000 130.1 0.00209 0 -30.000 -0.167 -30.000 -0.000 0 NA
135.00 0.12000 135.1 0.00348 0 -30.000 -0.167 -30.000 -0.000 0 NA
140.00 0.12000 140.1 0.00545 0 -30.000 -0.167 -30.000 -0.000 0 NA
145.00 0.12000 145.1 0.00799 0 -30.000 -0.167 -30.000 -0.000 0 NA
150.00 0.12000 150.1 0.01111 0 -30.000 -0.167 -30.000 -0.000 0 NA
155.00 0.12000 155.1 0.01476 0 -30.000 -0.167 -30.000 -0.000 0 NA
160.00 0.12000 160.1 0.01890 0 -30.000 -0.167 -30.000 -0.000 0 NA
165.00 0.12000 165.1 0.02347 0 -30.000 -0.167 -30.000 -0.000 0 NA
170.00 0.12000 170.1 0.02846 0 -30.000 -0.167 -30.000 -0.000 0 NA
175.00 0.12000 175.1 0.03376 0 -30.000 -0.167 -30.000 -0.000 0 NA
180.00 0.12000 180.1 0.03939 0 -30.000 -0.167 -30.000 -0.000 0 NA
185.00 0.12000 185.1 0.04528 0 -30.000 -0.167 -30.000 -0.000 0 NA
190.00 0.12000 190.1 0.05144 0 -30.000 -0.167 -30.000 -0.000 0 NA
195.00 0.12000 195.1 0.05777 0 -30.000 -0.167 -30.000 -0.000 0 NA
200.00 0.12000 200.1 0.06420 0 -30.000 -0.167 -30.000 -0.000 0 NA
205.00 0.12000 205.1 0.07026 0 -30.000 -0.167 -30.000 -0.000 0 NA
210.00 0.12000 210.1 0.07665 0 -30.000 -0.167 -30.000 -0.000 0 NA
215.00 0.12000 215.1 0.08264 0 -30.000 -0.167 -30.000 -0.000 0 NA
220.00 0.12000 220.1 0.08825 0 -30.000 -0.167 -30.000 -0.000 0 NA
225.00 0.12000 225.1 0.09340 0 -30.000 -0.167 -30.000 -0.000 0 NA
230.00 0.12000 230.1 0.09845 0 -30.000 -0.167 -30.000 -0.000 0 NA
235.00 0.12000 235.1 0.10270 0 -30.000 -0.167 -30.000 -0.000 0 NA
240.00 0.12000 240.1 0.10656 0 -30.000 -0.167 -30.000 -0.000 0 NA
245.00 0.12000 245.1 0.11008 0 -30.000 -0.167 -30.000 -0.000 0 NA
250.00 0.12000 250.1 0.11382 0 -30.000 -0.167 -30.000 -0.000 0 NA
255.00 0.12000 255.1 0.11729 0 -30.000 -0.167 -30.000 -0.000 0 NA
260.00 0.12000 260.1 0.12152 1 -30.000 -0.167 -30.000 -0.000 0 NA
0.00 0.12000 0.1 0.00000 0 -40.000 -0.125 -40.000 -0.000 0 NA
5.00 0.12000 5.1 0.00000 0 -40.000 -0.125 -40.000 -0.000 0 NA
10.00 0.12000 10.1 0.00000 0 -40.000 -0.125 -40.000 -0.000 0 NA
15.00 0.12000 15.1 0.00000 0 -40.000 -0.125 -40.000 -0.000 0 NA
20.00 0.12000 20.1 0.00000 0 -40.000 -0.125 -40.000 -0.000 0 NA
25.00 0.12000 25.0 0.00000 0 -40.000 -0.125 -40.000 -0.000 0 NA
30.00 0.12000 30.0 0.00000 0 -40.000 -0.125 -40.000 -0.000 0 NA
35.00 0.12000 35.0 0.00000 0 -40.000 -0.125 -40.000 -0.000 0 NA
40.00 0.12000 40.0 0.00000 0 -40.000 -0.125 -40.000 -0.000 0 NA
45.00 0.12000 45.0 0.00000 0 -40.000 -0.125 -40.000 -0.000 0 NA
50.00 0.12000 50.0 0.00000 0 -40.000 -0.125 -40.000 -0.000 0 NA
55.00 0.12000 55.0 0.00000 0 -40.000 -0.125 -40.000 -0.000 0 NA
60.00 0.12000 60.0 0.00000 0 -40.000 -0.125 -40.000 -0.000 0 NA
65.00 0.12000 65.0 0.00000 0 -40.000 -0.125 -40.000 -0.000 0 NA
70.00 0.12000 70.0 0.00000 0 -40.000 -0.125 -40.000 -0.000 0 NA
75.00 0.12000 75.0 0.00000 0 -40.000 -0.125 -40.000 -0.000 0 NA
80.00 0.12000 80.0 0.00000 0 -40.000 -0.125 -40.000 -0.000 0 NA
85.00 0.12000 85.1 0.00000 0 -40.000 -0.125 -40.000 -0.000 0 NA
90.00 0.12000 90.1 0.00000 0 -40.000 -0.125 -40.000 -0.000 0 NA
95.00 0.12000 95.0 0.00000 0 -40.000 -0.125 -40.000 -0.000 0 NA
100.00 0.12000 100.0 0.00005 0 -40.000 -0.125 -40.000 -0.000 0 NA
105.00 0.12000 105.0 0.00006 0 -40.000 -0.125 -40.000 -0.000 0 NA
110.00 0.12000 110.1 0.00007 0 -40.000 -0.125 -40.000 -0.000 0 NA
115.00 0.12000 115.0 0.00009 0 -40.000 -0.125 -40.000 -0.000 0 NA
120.00 0.12000 120.1 0.00013 0 -40.000 -0.125 -40.000 -0.000 0 NA
125.00 0.12000 125.0 0.00015 0 -40.000 -0.125 -40.000 -0.000 0 NA
130.00 0.12000 130.1 0.00020 0 -40.000 -0.125 -40.000 -0.000 0 NA
135.00 0.12000 135.1 0.00025 0 -40.000 -0.125 -40.000 -0.000 0 NA
140.00 0.12000 140.1 0.00032 0 -40.000 -0.125 -40.000 -0.000 0 NA
145.00 0.12000 145.1 0.00042 0 -40.000 -0.125 -40.000 -0.000 0 NA
150.00 0.12000 150.1 0.00057 0 -40.000 -0.125 -40.000 -0.000 0 NA
155.00 0.12000 155.1 0.00084 0 -40.000 -0.125 -40.000 -0.000 0 NA
160.00 0.12000 160.1 0.00127 0 -40.000 -0.125 -40.000 -0.000 0 NA
165.00 0.12000 165.1 0.00200 0 -40.000 -0.125 -40.000 -0.000 0 NA
170.00 0.12000 170.1 0.00311 0 -40.000 -0.125 -40.000 -0.000 0 NA
175.00 0.12000 175.1 0.00465 0 -40.000 -0.125 -40.000 -0.000 0 NA
180.00 0.12000 180.1 0.00670 0 -40.000 -0.125 -40.000 -0.000 0 NA
185.00 0.12000 185.1 0.00928 0 -40.000 -0.125 -40.000 -0.000 0 NA
190.00 0.12000 190.1 0.01238 0 -40.000 -0.125 -40.000 -0.000 0 NA
195.00 0.12000 195.1 0.01597 0 -40.000 -0.125 -40.000 -0.000 0 NA
200.00 0.12000 200.1 0.02002 0 -40.000 -0.125 -40.000 -0.000 0 NA
205.00 0.12000 205.1 0.02452 0 -40.000 -0.125 -40.000 -0.000 0 NA
210.00 0.12000 210.1 0.02940 0 -40.000 -0.125 -40.000 -0.000 0 NA
215.00 0.12000 215.1 0.03463 0 -40.000 -0.125 -40.000 -0.000 0 NA
220.00 0.12000 220.1 0.04020 0 -40.000 -0.125 -40.000 -0.000 0 NA
225.00 0.12000 225.1 0.04606 0 -40.000 -0.125 -40.000 -0.000 0 NA
230.00 0.12000 230.1 0.05215 0 -40.000 -0.125 -40.000 -0.000 0 NA
235.00 0.12000 235.1 0.05843 0 -40.000 -0.125 -40.000 -0.000 0 NA
240.00 0.12000 240.1 0.06485 0 -40.000 -0.125 -40.000 -0.000 0 NA
245.00 0.12000 245.1 0.07128 0 -40.000 -0.125 -40.000 -0.000 0 NA
250.00 0.12000 250.1 0.07778 0 -40.000 -0.125 -40.000 -0.000 0 NA
255.00 0.12000 255.1 0.08400 0 -40.000 -0.125 -40.000 -0.000 0 NA
260.00 0.12000 260.1 0.08995 0 -40.000 -0.125 -40.000 -0.000 0 NA
265.00 0.12000 265.1 0.09546 0 -40.000 -0.125 -40.000 -0.000 0 NA
270.00 0.12000 270.1 0.10088 0 -40.000 -0.125 -40.000 -0.000 0 NA
275.00 0.12000 275.1 0.10559 0 -40.000 -0.125 -40.000 -0.000 0 NA
280.00 0.12000 280.1 0.11016 0 -40.000 -0.125 -40.000 -0.000 0 NA
285.00 0.12000 285.1 0.11470 0 -40.000 -0.125 -40.000 -0.000 0 NA
290.00 0.12000 290.1 0.11926 0 -40.000 -0.125 -40.000 -0.000 0 NA
295.00 0.12000 290.9 0.12003 1 -40.000 -0.125 -40.000 -0.000 0 NA
0.00 0.12000 0.1 0.00000 0 -50.000 -0.100 -50.000 -0.000 0 NA
5.00 0.12000 5.1 0.00000 0 -50.000 -0.100 -50.000 -0.000 0 NA
10.00 0.12000 10.1 0.00000 0 -50.000 -0.100 -50.000 -0.000 0 NA
15.00 0.12000 15.1 0.00000 0 -50.000 -0.100 -50.000 -0.000 0 NA
20.00 0.12000 20.0 0.00000 0 -50.000 -0.100 -50.000 -0.000 0 NA
25.00 0.12000 25.0 0.00000 0 -50.000 -0.100 -50.000 -0.000 0 NA
30.00 0.12000 30.0 0.00000 0 -50.000 -0.100 -50.000 -0.000 0 NA
35.00 0.12000 35.0 0.00000 0 -50.000 -0.100 -50.000 -0.000 0 NA
40.00 0.12000 40.0 0.00000 0 -50.000 -0.100 -50.000 -0.000 0 NA
45.00 0.12000 45.0 0.00000 0 -50.000 -0.100 -50.000 -0.000 0 NA
50.00 0.12000 50.0 0.00000 0 -50.000 -0.100 -50.000 -0.000 0 NA
55.00 0.12000 55.0 0.00000 0 -50.000 -0.100 -50.000 -0.000 0 NA
60.00 0.12000 60.0 0.00000 0 -50.000 -0.100 -50.000 -0.000 0 NA
65.00 0.12000 65.0 0.00000 0 -50.000 -0.100 -50.000 -0.000 0 NA
70.00 0.12000 70.0 0.00000 0 -50.000 -0.100 -50.000 -0.000 0 NA
75.00 0.12000 75.0 0.00000 0 -50.000 -0.100 -50.000 -0.000 0 NA
80.00 0.12000 80.0 0.00000 0 -50.000 -0.100 -50.000 -0.000 0 NA
85.00 0.12000 85.1 0.00000 0 -50.000 -0.100 -50.000 -0.000 0 NA
90.00 0.12000 90.1 0.00000 0 -50.000 -0.100 -50.000 -0.000 0 NA
95.00 0.12000 95.0 0.00000 0 -50.000 -0.100 -50.000 -0.000 0 NA
100.00 0.12000 100.0 0.00000 0 -50.000 -0.100 -50.000 -0.000 0 NA
105.00 0.12000 105.0 0.00000 0 -50.000 -0.100 -50.000 -0.000 0 NA
110.00 0.12000 110.1 0.00000 0 -50.000 -0.100 -50.000 -0.000 0 NA
115.00 0.12000 115.0 0.00000 0 -50.000 -0.100 -50.000 -0.000 0 NA
120.00 0.12000 120.1 0.00005 0 -50.000 -0.100 -50.000 -0.000 0 NA
125.00 0.12000 125.0 0.00006 0 -50.000 -0.100 -50.000 -0.000 0 NA
130.00 0.12000 130.1 0.00007 0 -50.000 -0.100 -50.000 -0.000 0 NA
135.00 0.12000 135.1 0.00009 0 -50.000 -0.100 -50.000 -0.000 0 NA
140.00 0.12000 140.1 0.00012 0 -50.000 -0.100 -50.000 -0.000 0 NA
145.00 0.12000 145.1 0.00014 0 -50.000 -0.100 -50.000 -0.000 0 NA
150.00 0.12000 150.1 0.00017 0 -50.000 -0.100 -50.000 -0.000 0 NA
155.00 0.12000 155.1 0.00021 0 -50.000 -0.100 -50.000 -0.000 0 NA
160.00 0.12000 160.1 0.00025 0 -50.000 -0.100 -50.000 -0.000 0 NA
165.00 0.12000 165.1 0.00031 0 -50.000 -0.100 -50.000 -0.000 0 NA
170.00 0.12000 170.1 0.00037 0 -50.000 -0.100 -50.000 -0.000 0 NA
175.00 0.12000 175.1 0.00045 0 -50.000 -0.100 -50.000 -0.000 0 NA
180.00 0.12000 180.1 0.00057 0 -50.000 -0.100 -50.000 -0.000 0 NA
185.00 0.12000 185.1 0.00074 0 -50.000 -0.100 -50.000 -0.000 0 NA
190.00 0.12000 190.1 0.00100 0 -50.000 -0.100 -50.000 -0.000 0 NA
195.00 0.12000 195.1 0.00141 0 -50.000 -0.100 -50.000 -0.000 0 NA
200.00 0.12000 200.1 0.00203 0 -50.000 -0.100 -50.000 -0.000 0 NA
205.00 0.12000 205.1 0.00294 0 -50.000 -0.100 -50.000 -0.000 0 NA
210.00 0.12000 210.1 0.00420 0 -50.000 -0.100 -50.000 -0.000 0 NA
215.00 0.12000 215.1 0.00588 0 -50.000 -0.100 -50.000 -0.000 0 NA
220.00 0.12000 220.1 0.00802 0 -50.000 -0.100 -50.000 -0.000 0 NA
225.00 0.12000 225.1 0.01063 0 -50.000 -0.100 -50.000 -0.000 0 NA
230.00 0.12000 230.1 0.01372 0 -50.000 -0.100 -50.000 -0.000 0 NA
235.00 0.12000 235.1 0.01727 0 -50.000 -0.100 -50.000 -0.000 0 NA
240.00 0.12000 240.1 0.02127 0 -50.000 -0.100 -50.000 -0.000 0 NA
245.00 0.12000 245.1 0.02569 0 -50.000 -0.100 -50.000 -0.000 0 NA
250.00 0.12000 250.1 0.03051 0 -50.000 -0.100 -50.000 -0.000 0 NA
255.00 0.12000 255.1 0.03568 0 -50.000 -0.100 -50.000 -0.000 0 NA
260.00 0.12000 260.1 0.04121 0 -50.000 -0.100 -50.000 -0.000 0 NA
265.00 0.12000 265.1 0.04703 0 -50.000 -0.100 -50.000 -0.000 0 NA
270.00 0.12000 270.1 0.05315 0 -50.000 -0.100 -50.000 -0.000 0 NA
275.00 0.12000 275.1 0.05948 0 -50.000 -0.100 -50.000 -0.000 0 NA
280.00 0.12000 280.1 0.06601 0 -50.000 -0.100 -50.000 -0.000 0 NA
285.00 0.12000 285.1 0.07262 0 -50.000 -0.100 -50.000 -0.000 0 NA
290.00 0.12000 290.1 0.07937 0 -50.000 -0.100 -50.000 -0.000 0 NA
295.00 0.12000 295.1 0.08606 0 -50.000 -0.100 -50.000 -0.000 0 NA
300.00 0.12000 300.1 0.09267 0 -50.000 -0.100 -50.000 -0.000 0 NA
305.00 0.12000 305.1 0.09915 0 -50.000 -0.100 -50.000 -0.000 0 NA
310.00 0.12000 310.1 0.10556 0 -50.000 -0.100 -50.000 -0.000 0 NA
315.00 0.12000 315.1 0.11148 0 -50.000 -0.100 -50.000 -0.000 0 NA
320.00 0.12000 320.1 0.11708 0 -50.000 -0.100 -50.000 -0.000 0 NA
325.00 0.12000 323.8 0.12076 1 -50.000 -0.100 -50.000 -0.000 0 NA
0.00 0.12000 0.1 0.00000 0 -60.000 -0.083 -60.000 -0.000 0 NA
5.00 0.12000 5.1 0.00000 0 -60.000 -0.083 -60.000 -0.000 0 NA
10.00 0.12000 10.1 0.00000 0 -60.000 -0.083 -60.000 -0.000 0 NA
15.00 0.12000 15.1 0.00000 0 -60.000 -0.083 -60.000 -0.000 0 NA
20.00 0.12000 20.1 0.00000 0 -60.000 -0.083 -60.000 -0.000 0 NA
25.00 0.12000 25.0 0.00000 0 -60.000 -0.083 -60.000 -0.000 0 NA
30.00 0.12000 30.0 0.00000 0 -60.000 -0.083 -60.000 -0.000 0 NA
35.00 0.12000 35.0 0.00000 0 -60.000 -0.083 -60.000 -0.000 0 NA
40.00 0.12000 40.0 0.00000 0 -60.000 -0.083 -60.000 -0.000 0 NA
45.00 0.12000 45.0 0.00000 0 -60.000 -0.083 -60.000 -0.000 0 NA
50.00 0.12000 50.0 0.00000 0 -60.000 -0.083 -60.000 -0.000 0 NA
55.00 0.12000 55.0 0.00000 0 -60.000 -0.083 -60.000 -0.000 0 NA
60.00 0.12000 60.0 0.00000 0 -60.000 -0.083 -60.000 -0.000 0 NA
65.00 0.12000 65.0 0.00000 0 -60.000 -0.083 -60.000 -0.000 0 NA
70.00 0.12000 70.0 0.00000 0 -60.000 -0.083 -60.000 -0.000 0 NA
75.00 0.12000 75.0 0.00000 0 -60.000 -0.083 -60.000 -0.000 0 NA
80.00 0.12000 80.0 0.00000 0 -60.000 -0.083 -60.000 -0.000 0 NA
85.00 0.12000 85.1 0.00000 0 -60.000 -0.083 -60.000 -0.000 0 NA
90.00 0.12000 90.1 0.00000 0 -60.000 -0.083 -60.000 -0.000 0 NA
95.00 0.12000 95.0 0.00000 0 -60.000 -0.083 -60.000 -0.000 0 NA
100.00 0.12000 100.0 0.00000 0 -60.000 -0.083 -60.000 -0.000 0 NA
105.00 0.12000 105.0 0.00000 0 -60.000 -0.083 -60.000 -0.000 0 NA
110.00 0.12000 110.1 0.00000 0 -60.000 -0.083 -60.000 -0.000 0 NA
115.00 0.12000 115.0 0.00000 0 -60.000 -0.083 -60.000 -0.000 0 NA
120.00 0.12000 120.1 0.00000 0 -60.000 -0.083 -60.000 -0.000 0 NA
125.00 0.12000 125.0 0.00000 0 -60.000 -0.083 -60.000 -0.000 0 NA
130.00 0.12000 130.1 0.00000 0 -60.000 -0.083 -60.000 -0.000 0 NA
135.00 0.12000 135.1 0.00000 0 -60.000 -0.083 -60.000 -0.000 0 NA
140.00 0.12000 140.1 0.00005 0 -60.000 -0.083 -60.000 -0.000 0 NA
145.00 0.12000 145.1 0.00006 0 -60.000 -0.083 -60.000 -0.000 0 NA
150.00 0.12000 150.1 0.00007 0 -60.000 -0.083 -60.000 -0.000 0 NA
155.00 0.12000 155.1 0.00009 0 -60.000 -0.083 -60.000 -0.000 0 NA
160.00 0.12000 160.1 0.00011 0 -60.000 -0.083 -60.000 -0.000 0 NA
165.00 0.12000 165.1 0.00014 0 -60.000 -0.083 -60.000 -0.000 0 NA
170.00 0.12000 170.1 0.00016 0 -60.000 -0.083 -60.000 -0.000 0 NA
175.00 0.12000 175.1 0.00019 0 -60.000 -0.083 -60.000 -0.000 0 NA
180.00 0.12000 180.1 0.00022 0 -60.000 -0.083 -60.000 -0.000 0 NA
185.00 0.12000 185.1 0.00027 0 -60.000 -0.083 -60.000 -0.000 0 NA
190.00 0.12000 190.1 0.00031 0 -60.000 -0.083 -60.000 -0.000 0 NA
195.00 0.12000 195.1 0.00037 0 -60.000 -0.083 -60.000 -0.000 0 NA
200.00 0.12000 200.1 0.00043 0 -60.000 -0.083 -60.000 -0.000 0 NA
205.00 0.12000 205.1 0.00050 0 -60.000 -0.083 -60.000 -0.000 0 NA
210.00 0.12000 210.1 0.00060 0 -60.000 -0.083 -60.000 -0.000 0 NA
215.00 0.12000 215.1 0.00073 0 -60.000 -0.083 -60.000 -0.000 0 NA
220.00 0.12000 220.1 0.00091 0 -60.000 -0.083 -60.000 -0.000 0 NA
225.00 0.12000 225.1 0.00117 0 -60.000 -0.083 -60.000 -0.000 0 NA
230.00 0.12000 230.1 0.00155 0 -60.000 -0.083 -60.000 -0.000 0 NA
235.00 0.12000 235.1 0.00210 0 -60.000 -0.083 -60.000 -0.000 0 NA
240.00 0.12000 240.1 0.00289 0 -60.000 -0.083 -60.000 -0.000 0 NA
245.00 0.12000 245.1 0.00396 0 -60.000 -0.083 -60.000 -0.000 0 NA
250.00 0.12000 250.1 0.00536 0 -60.000 -0.083 -60.000 -0.000 0 NA
255.00 0.12000 255.1 0.00715 0 -60.000 -0.083 -60.000 -0.000 0 NA
260.00 0.12000 260.1 0.00936 0 -60.000 -0.083 -60.000 -0.000 0 NA
265.00 0.12000 265.1 0.01199 0 -60.000 -0.083 -60.000 -0.000 0 NA
270.00 0.12000 270.1 0.01508 0 -60.000 -0.083 -60.000 -0.000 0 NA
275.00 0.12000 275.1 0.01859 0 -60.000 -0.083 -60.000 -0.000 0 NA
280.00 0.12000 280.1 0.02255 0 -60.000 -0.083 -60.000 -0.000 0 NA
285.00 0.12000 285.1 0.02690 0 -60.000 -0.083 -60.000 -0.000 0 NA
290.00 0.12000 290.1 0.03165 0 -60.000 -0.083 -60.000 -0.000 0 NA
295.00 0.12000 295.1 0.03676 0 -60.000 -0.083 -60.000 -0.000 0 NA
300.00 0.12000 300.1 0.04224 0 -60.000 -0.083 -60.000 -0.000 0 NA
305.00 0.12000 305.1 0.04805 0 -60.000 -0.083 -60.000 -0.000 0 NA
310.00 0.12000 310.1 0.05415 0 -60.000 -0.083 -60.000 -0.000 0 NA
315.00 0.12000 315.1 0.06048 0 -60.000 -0.083 -60.000 -0.000 0 NA
320.00 0.12000 320.1 0.06707 0 -60.000 -0.083 -60.000 -0.000 0 NA
325.00 0.12000 325.1 0.07382 0 -60.000 -0.083 -60.000 -0.000 0 NA
330.00 0.12000 330.1 0.08069 0 -60.000 -0.083 -60.000 -0.000 0 NA
335.00 0.11940 335.1 0.08766 0 -60.000 -0.083 -60.000 -0.000 0 NA
340.00 0.11765 340.1 0.09465 0 -60.000 -0.083 -60.000 -0.000 0 NA
345.00 0.11594 345.1 0.10161 0 -60.000 -0.083 -60.000 -0.000 0 NA
350.00 0.11429 350.1 0.10850 0 -60.000 -0.083 -60.000 -0.000 0 NA
355.00 0.11268 355.1 0.11534 1 -60.000 -0.083 -60.000 -0.000 0 NA
0.00 0.12000 0.1 0.00000 0 -70.000 -0.071 -70.000 -0.000 0 NA
5.00 0.12000 5.1 0.00000 0 -70.000 -0.071 -70.000 -0.000 0 NA
10.00 0.12000 10.1 0.00000 0 -70.000 -0.071 -70.000 -0.000 0 NA
15.00 0.12000 15.1 0.00000 0 -70.000 -0.071 -70.000 -0.000 0 NA
20.00 0.12000 20.0 0.00000 0 -70.000 -0.071 -70.000 -0.000 0 NA
25.00 0.12000 25.0 0.00000 0 -70.000 -0.071 -70.000 -0.000 0 NA
30.00 0.12000 30.0 0.00000 0 -70.000 -0.071 -70.000 -0.000 0 NA
35.00 0.12000 35.0 0.00000 0 -70.000 -0.071 -70.000 -0.000 0 NA
40.00 0.12000 40.0 0.00000 0 -70.000 -0.071 -70.000 -0.000 0 NA
45.00 0.12000 45.0 0.00000 0 -70.000 -0.071 -70.000 -0.000 0 NA
50.00 0.12000 50.0 0.00000 0 -70.000 -0.071 -70.000 -0.000 0 NA
55.00 0.12000 55.0 0.00000 0 -70.000 -0.071 -70.000 -0.000 0 NA
60.00 0.12000 60.0 0.00000 0 -70.000 -0.071 -70.000 -0.000 0 NA
65.00 0.12000 65.0 0.00000 0 -70.000 -0.071 -70.000 -0.000 0 NA
70.00 0.12000 70.0 0.00000 0 -70.000 -0.071 -70.000 -0.000 0 NA
75.00 0.12000 75.0 0.00000 0 -70.000 -0.071 -70.000 -0.000 0 NA
80.00 0.12000 80.0 0.00000 0 -70.000 -0.071 -70.000 -0.000 0 NA
85.00 0.12000 85.1 0.00000 0 -70.000 -0.071 -70.000 -0.000 0 NA
90.00 0.12000 90.1 0.00000 0 -70.000 -0.071 -70.000 -0.000 0 NA
95.00 0.12000 95.0 0.00000 0 -70.000 -0.071 -70.000 -0.000 0 NA
100.00 0.12000 100.0 0.00000 0 -70.000 -0.071 -70.000 -0.000 0 NA
105.00 0.12000 105.0 0.00000 0 -70.000 -0.071 -70.000 -0.000 0 NA
110.00 0.12000 110.1 0.00000 0 -70.000 -0.071 -70.000 -0.000 0 NA
115.00 0.12000 115.0 0.00000 0 -70.000 -0.071 -70.000 -0.000 0 NA
120.00 0.12000 120.1 0.00000 0 -70.000 -0.071 -70.000 -0.000 0 NA
125.00 0.12000 125.0 0.00000 0 -70.000 -0.071 -70.000 -0.000 0 NA
130.00 0.12000 130.1 0.00000 0 -70.000 -0.071 -70.000 -0.000 0 NA
135.00 0.12000 135.1 0.00000 0 -70.000 -0.071 -70.000 -0.000 0 NA
140.00 0.12000 140.1 0.00000 0 -70.000 -0.071 -70.000 -0.000 0 NA
145.00 0.12000 145.1 0.00000 0 -70.000 -0.071 -70.000 -0.000 0 NA
150.00 0.12000 150.1 0.00000 0 -70.000 -0.071 -70.000 -0.000 0 NA
155.00 0.12000 155.1 0.00000 0 -70.000 -0.071 -70.000 -0.000 0 NA
160.00 0.12000 160.1 0.00005 0 -70.000 -0.071 -70.000 -0.000 0 NA
165.00 0.12000 165.1 0.00006 0 -70.000 -0.071 -70.000 -0.000 0 NA
170.00 0.12000 170.1 0.00007 0 -70.000 -0.071 -70.000 -0.000 0 NA
175.00 0.12000 175.1 0.00009 0 -70.000 -0.071 -70.000 -0.000 0 NA
180.00 0.12000 180.1 0.00011 0 -70.000 -0.071 -70.000 -0.000 0 NA
185.00 0.12000 185.1 0.00013 0 -70.000 -0.071 -70.000 -0.000 0 NA
190.00 0.12000 190.1 0.00015 0 -70.000 -0.071 -70.000 -0.000 0 NA
195.00 0.12000 195.0 0.00018 0 -70.000 -0.071 -70.000 -0.000 0 NA
200.00 0.12000 200.1 0.00021 0 -70.000 -0.071 -70.000 -0.000 0 NA
205.00 0.12000 205.1 0.00024 0 -70.000 -0.071 -70.000 -0.000 0 NA
210.00 0.12000 210.1 0.00028 0 -70.000 -0.071 -70.000 -0.000 0 NA
215.00 0.12000 215.1 0.00032 0 -70.000 -0.071 -70.000 -0.000 0 NA
220.00 0.12000 220.1 0.00037 0 -70.000 -0.071 -70.000 -0.000 0 NA
225.00 0.12000 225.1 0.00042 0 -70.000 -0.071 -70.000 -0.000 0 NA
230.00 0.12000 230.1 0.00049 0 -70.000 -0.071 -70.000 -0.000 0 NA
235.00 0.12000 235.1 0.00056 0 -70.000 -0.071 -70.000 -0.000 0 NA
240.00 0.12000 240.1 0.00064 0 -70.000 -0.071 -70.000 -0.000 0 NA
245.00 0.12000 245.1 0.00075 0 -70.000 -0.071 -70.000 -0.000 0 NA
250.00 0.12000 250.1 0.00088 0 -70.000 -0.071 -70.000 -0.000 0 NA
255.00 0.12000 255.1 0.00106 0 -70.000 -0.071 -70.000 -0.000 0 NA
260.00 0.12000 260.1 0.00133 0 -70.000 -0.071 -70.000 -0.000 0 NA
265.00 0.12000 265.1 0.00169 0 -70.000 -0.071 -70.000 -0.000 0 NA
270.00 0.12000 270.1 0.00220 0 -70.000 -0.071 -70.000 -0.000 0 NA
275.00 0.12000 275.1 0.00290 0 -70.000 -0.071 -70.000 -0.000 0 NA
280.00 0.12000 280.1 0.00383 0 -70.000 -0.071 -70.000 -0.000 0 NA
285.00 0.12000 285.1 0.00504 0 -70.000 -0.071 -70.000 -0.000 0 NA
290.00 0.12000 290.1 0.00658 0 -70.000 -0.071 -70.000 -0.000 0 NA
295.00 0.12000 295.1 0.00846 0 -70.000 -0.071 -70.000 -0.000 0 NA
300.00 0.12000 300.1 0.01075 0 -70.000 -0.071 -70.000 -0.000 0 NA
305.00 0.12000 305.1 0.01343 0 -70.000 -0.071 -70.000 -0.000 0 NA
310.00 0.12000 310.1 0.01654 0 -70.000 -0.071 -70.000 -0.000 0 NA
315.00 0.12000 315.1 0.02005 0 -70.000 -0.071 -70.000 -0.000 0 NA
320.00 0.12000 320.1 0.02397 0 -70.000 -0.071 -70.000 -0.000 0 NA
325.00 0.12000 325.1 0.02830 0 -70.000 -0.071 -70.000 -0.000 0 NA
330.00 0.12000 330.1 0.03300 0 -70.000 -0.071 -70.000 -0.000 0 NA
335.00 0.11940 335.1 0.03811 0 -70.000 -0.071 -70.000 -0.000 0 NA
340.00 0.11765 340.1 0.04356 0 -70.000 -0.071 -70.000 -0.000 0 NA
345.00 0.11594 345.1 0.04932 0 -70.000 -0.071 -70.000 -0.000 0 NA
350.00 0.11429 350.1 0.05542 0 -70.000 -0.071 -70.000 -0.000 0 NA
355.00 0.11268 355.1 0.06180 0 -70.000 -0.071 -70.000 -0.000 0 NA
360.00 0.11111 360.1 0.06843 0 -70.000 -0.071 -70.000 -0.000 0 NA
365.00 0.10959 365.1 0.07525 0 -70.000 -0.071 -70.000 -0.000 0 NA
370.00 0.10811 370.1 0.08230 0 -70.000 -0.071 -70.000 -0.000 0 NA
375.00 0.10667 375.1 0.08950 0 -70.000 -0.071 -70.000 -0.000 0 NA
380.00 0.10526 380.1 0.09680 0 -70.000 -0.071 -70.000 -0.000 0 NA
385.00 0.10390 382.0 0.10004 1 -70.000 -0.071 -70.000 -0.000 0 NA
0.00 0.12000 0.1 0.00000 0 -80.000 -0.062 -80.000 -0.000 0 NA
5.00 0.12000 5.1 0.00000 0 -80.000 -0.062 -80.000 -0.000 0 NA
10.00 0.12000 10.1 0.00000 0 -80.000 -0.062 -80.000 -0.000 0 NA
15.00 0.12000 15.1 0.00000 0 -80.000 -0.062 -80.000 -0.000 0 NA
20.00 0.12000 20.0 0.00000 0 -80.000 -0.062 -80.000 -0.000 0 NA
25.00 0.12000 25.0 0.00000 0 -80.000 -0.062 -80.000 -0.000 0 NA
30.00 0.12000 30.0 0.00000 0 -80.000 -0.062 -80.000 -0.000 0 NA
35.00 0.12000 35.0 0.00000 0 -80.000 -0.062 -80.000 -0.000 0 NA
40.00 0.12000 40.0 0.00000 0 -80.000 -0.062 -80.000 -0.000 0 NA
45.00 0.12000 45.0 0.00000 0 -80.000 -0.062 -80.000 -0.000 0 NA
50.00 0.12000 50.0 0.00000 0 -80.000 -0.062 -80.000 -0.000 0 NA
55.00 0.12000 55.0 0.00000 0 -80.000 -0.062 -80.000 -0.000 0 NA
60.00 0.12000 60.0 0.00000 0 -80.000 -0.062 -80.000 -0.000 0 NA
65.00 0.12000 65.0 0.00000 0 -80.000 -0.062 -80.000 -0.000 0 NA
70.00 0.12000 70.0 0.00000 0 -80.000 -0.062 -80.000 -0.000 0 NA
75.00 0.12000 75.0 0.00000 0 -80.000 -0.062 -80.000 -0.000 0 NA
80.00 0.12000 80.0 0.00000 0 -80.000 -0.062 -80.000 -0.000 0 NA
85.00 0.12000 85.1 0.00000 0 -80.000 -0.062 -80.000 -0.000 0 NA
90.00 0.12000 90.1 0.00000 0 -80.000 -0.062 -80.000 -0.000 0 NA
95.00 0.12000 95.0 0.00000 0 -80.000 -0.062 -80.000 -0.000 0 NA
100.00 0.12000 100.0 0.00000 0 -80.000 -0.062 -80.000 -0.000 0 NA
105.00 0.12000 105.0 0.00000 0 -80.000 -0.062 -80.000 -0.000 0 NA
110.00 0.12000 110.1 0.00000 0 -80.000 -0.062 -80.000 -0.000 0 NA
115.00 0.12000 115.0 0.00000 0 -80.000 -0.062 -80.000 -0.000 0 NA
120.00 0.12000 120.1 0.00000 0 -80.000 -0.062 -80.000 -0.000 0 NA
125.00 0.12000 125.0 0.00000 0 -80.000 -0.062 -80.000 -0.000 0 NA
130.00 0.12000 130.1 0.00000 0 -80.000 -0.062 -80.000 -0.000 0 NA
135.00 0.12000 135.1 0.00000 0 -80.000 -0.062 -80.000 -0.000 0 NA
140.00 0.12000 140.1 0.00000 0 -80.000 -0.062 -80.000 -0.000 0 NA
145.00 0.12000 145.1 0.00000 0 -80.000 -0.062 -80.000 -0.000 0 NA
150.00 0.12000 150.1 0.00000 0 -80.000 -0.062 -80.000 -0.000 0 NA
155.00 0.12000 155.1 0.00000 0 -80.000 -0.062 -80.000 -0.000 0 NA
160.00 0.12000 160.1 0.00000 0 -80.000 -0.062 -80.000 -0.000 0 NA
165.00 0.12000 165.1 0.00000 0 -80.000 -0.062 -80.000 -0.000 0 NA
170.00 0.12000 170.1 0.00000 0 -80.000 -0.062 -80.000 -0.000 0 NA
175.00 0.12000 175.1 0.00005 0 -80.000 -0.062 -80.000 -0.000 0 NA
180.00 0.12000 180.1 0.00006 0 -80.000 -0.062 -80.000 -0.000 0 NA
185.00 0.12000 185.1 0.00007 0 -80.000 -0.062 -80.000 -0.000 0 NA
190.00 0.12000 190.1 0.00007 0 -80.000 -0.062 -80.000 -0.000 0 NA
195.00 0.12000 195.1 0.00009 0 -80.000 -0.062 -80.000 -0.000 0 NA
200.00 0.12000 200.1 0.00011 0 -80.000 -0.062 -80.000 -0.000 0 NA
205.00 0.12000 205.1 0.00013 0 -80.000 -0.062 -80.000 -0.000 0 NA
210.00 0.12000 210.1 0.00015 0 -80.000 -0.062 -80.000 -0.000 0 NA
215.00 0.12000 215.1 0.00017 0 -80.000 -0.062 -80.000 -0.000 0 NA
220.00 0.12000 220.1 0.00020 0 -80.000 -0.062 -80.000 -0.000 0 NA
225.00 0.12000 225.1 0.00022 0 -80.000 -0.062 -80.000 -0.000 0 NA
230.00 0.12000 230.1 0.00026 0 -80.000 -0.062 -80.000 -0.000 0 NA
235.00 0.12000 235.1 0.00029 0 -80.000 -0.062 -80.000 -0.000 0 NA
240.00 0.12000 240.1 0.00034 0 -80.000 -0.062 -80.000 -0.000 0 NA
245.00 0.12000 245.1 0.00038 0 -80.000 -0.062 -80.000 -0.000 0 NA
250.00 0.12000 250.1 0.00043 0 -80.000 -0.062 -80.000 -0.000 0 NA
255.00 0.12000 255.1 0.00049 0 -80.000 -0.062 -80.000 -0.000 0 NA
260.00 0.12000 260.1 0.00055 0 -80.000 -0.062 -80.000 -0.000 0 NA
265.00 0.12000 265.1 0.00062 0 -80.000 -0.062 -80.000 -0.000 0 NA
270.00 0.12000 270.1 0.00070 0 -80.000 -0.062 -80.000 -0.000 0 NA
275.00 0.12000 275.1 0.00078 0 -80.000 -0.062 -80.000 -0.000 0 NA
280.00 0.12000 280.1 0.00089 0 -80.000 -0.062 -80.000 -0.000 0 NA
285.00 0.12000 285.1 0.00104 0 -80.000 -0.062 -80.000 -0.000 0 NA
290.00 0.12000 290.1 0.00123 0 -80.000 -0.062 -80.000 -0.000 0 NA
295.00 0.12000 295.1 0.00149 0 -80.000 -0.062 -80.000 -0.000 0 NA
300.00 0.12000 300.1 0.00184 0 -80.000 -0.062 -80.000 -0.000 0 NA
305.00 0.12000 305.1 0.00233 0 -80.000 -0.062 -80.000 -0.000 0 NA
310.00 0.12000 310.1 0.00298 0 -80.000 -0.062 -80.000 -0.000 0 NA
315.00 0.12000 315.1 0.00382 0 -80.000 -0.062 -80.000 -0.000 0 NA
320.00 0.12000 320.1 0.00489 0 -80.000 -0.062 -80.000 -0.000 0 NA
325.00 0.12000 325.1 0.00625 0 -80.000 -0.062 -80.000 -0.000 0 NA
330.00 0.12000 330.1 0.00792 0 -80.000 -0.062 -80.000 -0.000 0 NA
335.00 0.11940 335.1 0.00993 0 -80.000 -0.062 -80.000 -0.000 0 NA
340.00 0.11765 340.1 0.01229 0 -80.000 -0.062 -80.000 -0.000 0 NA
345.00 0.11594 345.1 0.01505 0 -80.000 -0.062 -80.000 -0.000 0 NA
350.00 0.11429 350.1 0.01819 0 -80.000 -0.062 -80.000 -0.000 0 NA
355.00 0.11268 355.1 0.02173 0 -80.000 -0.062 -80.000 -0.000 0 NA
360.00 0.11111 360.1 0.02567 0 -80.000 -0.062 -80.000 -0.000 0 NA
365.00 0.10959 365.1 0.02999 0 -80.000 -0.062 -80.000 -0.000 0 NA
370.00 0.10811 370.1 0.03469 0 -80.000 -0.062 -80.000 -0.000 0 NA
375.00 0.10667 375.1 0.03977 0 -80.000 -0.062 -80.000 -0.000 0 NA
380.00 0.10526 380.1 0.04523 0 -80.000 -0.062 -80.000 -0.000 0 NA
385.00 0.10390 385.1 0.05103 0 -80.000 -0.062 -80.000 -0.000 0 NA
390.00 0.10256 390.1 0.05712 0 -80.000 -0.062 -80.000 -0.000 0 NA
395.00 0.10127 395.1 0.06355 0 -80.000 -0.062 -80.000 -0.000 0 NA
400.00 0.10000 400.1 0.07027 0 -80.000 -0.062 -80.000 -0.000 0 NA
405.00 0.09877 405.1 0.07762 0 -80.000 -0.062 -80.000 -0.000 0 NA
410.00 0.09756 410.1 0.08487 0 -80.000 -0.062 -80.000 -0.000 0 NA
415.00 0.09639 415.1 0.09227 0 -80.000 -0.062 -80.000 -0.000 0 NA
420.00 0.09524 420.1 0.09986 1 -80.000 -0.062 -80.000 -0.000 0 NA
0.00 0.12000 0.1 0.00000 0 -90.000 -0.056 -90.000 -0.000 0 NA
5.00 0.12000 5.1 0.00000 0 -90.000 -0.056 -90.000 -0.000 0 NA
10.00 0.12000 10.1 0.00000 0 -90.000 -0.056 -90.000 -0.000 0 NA
15.00 0.12000 15.1 0.00000 0 -90.000 -0.056 -90.000 -0.000 0 NA
20.00 0.12000 20.0 0.00000 0 -90.000 -0.056 -90.000 -0.000 0 NA
25.00 0.12000 25.0 0.00000 0 -90.000 -0.056 -90.000 -0.000 0 NA
30.00 0.12000 30.0 0.00000 0 -90.000 -0.056 -90.000 -0.000 0 NA
35.00 0.12000 35.0 0.00000 0 -90.000 -0.056 -90.000 -0.000 0 NA
40.00 0.12000 40.0 0.00000 0 -90.000 -0.056 -90.000 -0.000 0 NA
45.00 0.12000 45.0 0.00000 0 -90.000 -0.056 -90.000 -0.000 0 NA
50.00 0.12000 50.0 0.00000 0 -90.000 -0.056 -90.000 -0.000 0 NA
55.00 0.12000 55.0 0.00000 0 -90.000 -0.056 -90.000 -0.000 0 NA
60.00 0.12000 60.0 0.00000 0 -90.000 -0.056 -90.000 -0.000 0 NA
65.00 0.12000 65.0 0.00000 0 -90.000 -0.056 -90.000 -0.000 0 NA
70.00 0.12000 70.0 0.00000 0 -90.000 -0.056 -90.000 -0.000 0 NA
75.00 0.12000 75.0 0.00000 0 -90.000 -0.056 -90.000 -0.000 0 NA
80.00 0.12000 80.0 0.00000 0 -90.000 -0.056 -90.000 -0.000 0 NA
85.00 0.12000 85.1 0.00000 0 -90.000 -0.056 -90.000 -0.000 0 NA
90.00 0.12000 90.1 0.00000 0 -90.000 -0.056 -90.000 -0.000 0 NA
95.00 0.12000 95.0 0.00000 0 -90.000 -0.056 -90.000 -0.000 0 NA
100.00 0.12000 100.0 0.00000 0 -90.000 -0.056 -90.000 -0.000 0 NA
105.00 0.12000 105.0 0.00000 0 -90.000 -0.056 -90.000 -0.000 0 NA
110.00 0.12000 110.1 0.00000 0 -90.000 -0.056 -90.000 -0.000 0 NA
115.00 0.12000 115.0 0.00000 0 -90.000 -0.056 -90.000 -0.000 0 NA
120.00 0.12000 120.1 0.00000 0 -90.000 -0.056 -90.000 -0.000 0 NA
125.00 0.12000 125.0 0.00000 0 -90.000 -0.056 -90.000 -0.000 0 NA
130.00 0.12000 130.1 0.00000 0 -90.000 -0.056 -90.000 -0.000 0 NA
135.00 0.12000 135.1 0.00000 0 -90.000 -0.056 -90.000 -0.000 0 NA
140.00 0.12000 140.1 0.00000 0 -90.000 -0.056 -90.000 -0.000 0 NA
145.00 0.12000 145.1 0.00000 0 -90.000 -0.056 -90.000 -0.000 0 NA
150.00 0.12000 150.1 0.00000 0 -90.000 -0.056 -90.000 -0.000 0 NA
155.00 0.12000 155.1 0.00000 0 -90.000 -0.056 -90.000 -0.000 0 NA
160.00 0.12000 160.1 0.00000 0 -90.000 -0.056 -90.000 -0.000 0 NA
165.00 0.12000 165.1 0.00000 0 -90.000 -0.056 -90.000 -0.000 0 NA
170.00 0.12000 170.1 0.00000 0 -90.000 -0.056 -90.000 -0.000 0 NA
175.00 0.12000 175.1 0.00000 0 -90.000 -0.056 -90.000 -0.000 0 NA
180.00 0.12000 180.1 0.00000 0 -90.000 -0.056 -90.000 -0.000 0 NA
185.00 0.12000 185.1 0.00000 0 -90.000 -0.056 -90.000 -0.000 0 NA
190.00 0.12000 190.1 0.00000 0 -90.000 -0.056 -90.000 -0.000 0 NA
195.00 0.12000 195.0 0.00005 0 -90.000 -0.056 -90.000 -0.000 0 NA
200.00 0.12000 200.1 0.00006 0 -90.000 -0.056 -90.000 -0.000 0 NA
205.00 0.12000 205.1 0.00007 0 -90.000 -0.056 -90.000 -0.000 0 NA
210.00 0.12000 210.1 0.00008 0 -90.000 -0.056 -90.000 -0.000 0 NA
215.00 0.12000 215.1 0.00009 0 -90.000 -0.056 -90.000 -0.000 0 NA
220.00 0.12000 220.1 0.00011 0 -90.000 -0.056 -90.000 -0.000 0 NA
225.00 0.12000 225.1 0.00013 0 -90.000 -0.056 -90.000 -0.000 0 NA
230.00 0.12000 230.1 0.00014 0 -90.000 -0.056 -90.000 -0.000 0 NA
235.00 0.12000 235.1 0.00016 0 -90.000 -0.056 -90.000 -0.000 0 NA
240.00 0.12000 240.1 0.00019 0 -90.000 -0.056 -90.000 -0.000 0 NA
245.00 0.12000 245.1 0.00021 0 -90.000 -0.056 -90.000 -0.000 0 NA
250.00 0.12000 250.1 0.00024 0 -90.000 -0.056 -90.000 -0.000 0 NA
255.00 0.12000 255.1 0.00027 0 -90.000 -0.056 -90.000 -0.000 0 NA
260.00 0.12000 260.1 0.00030 0 -90.000 -0.056 -90.000 -0.000 0 NA
265.00 0.12000 265.1 0.00035 0 -90.000 -0.056 -90.000 -0.000 0 NA
270.00 0.12000 270.1 0.00039 0 -90.000 -0.056 -90.000 -0.000 0 NA
275.00 0.12000 275.1 0.00043 0 -90.000 -0.056 -90.000 -0.000 0 NA
280.00 0.12000 280.1 0.00049 0 -90.000 -0.056 -90.000 -0.000 0 NA
285.00 0.12000 285.1 0.00055 0 -90.000 -0.056 -90.000 -0.000 0 NA
290.00 0.12000 290.1 0.00061 0 -90.000 -0.056 -90.000 -0.000 0 NA
295.00 0.12000 295.1 0.00067 0 -90.000 -0.056 -90.000 -0.000 0 NA
300.00 0.12000 300.1 0.00074 0 -90.000 -0.056 -90.000 -0.000 0 NA
305.00 0.12000 305.1 0.00082 0 -90.000 -0.056 -90.000 -0.000 0 NA
310.00 0.12000 310.1 0.00092 0 -90.000 -0.056 -90.000 -0.000 0 NA
315.00 0.12000 315.1 0.00103 0 -90.000 -0.056 -90.000 -0.000 0 NA
320.00 0.12000 320.1 0.00119 0 -90.000 -0.056 -90.000 -0.000 0 NA
325.00 0.12000 325.1 0.00139 0 -90.000 -0.056 -90.000 -0.000 0 NA
330.00 0.12000 330.1 0.00165 0 -90.000 -0.056 -90.000 -0.000 0 NA
335.00 0.11940 335.1 0.00200 0 -90.000 -0.056 -90.000 -0.000 0 NA
340.00 0.11765 340.1 0.00247 0 -90.000 -0.056 -90.000 -0.000 0 NA
345.00 0.11594 345.1 0.00306 0 -90.000 -0.056 -90.000 -0.000 0 NA
350.00 0.11429 350.1 0.00384 0 -90.000 -0.056 -90.000 -0.000 0 NA
355.00 0.11268 355.1 0.00482 0 -90.000 -0.056 -90.000 -0.000 0 NA
360.00 0.11111 360.1 0.00604 0 -90.000 -0.056 -90.000 -0.000 0 NA
365.00 0.10959 365.1 0.00753 0 -90.000 -0.056 -90.000 -0.000 0 NA
370.00 0.10811 370.1 0.00932 0 -90.000 -0.056 -90.000 -0.000 0 NA
375.00 0.10667 375.1 0.01143 0 -90.000 -0.056 -90.000 -0.000 0 NA
380.00 0.10526 380.1 0.01389 0 -90.000 -0.056 -90.000 -0.000 0 NA
385.00 0.10390 385.1 0.01671 0 -90.000 -0.056 -90.000 -0.000 0 NA
390.00 0.10256 390.1 0.01992 0 -90.000 -0.056 -90.000 -0.000 0 NA
395.00 0.10127 395.1 0.02350 0 -90.000 -0.056 -90.000 -0.000 0 NA
400.00 0.10000 400.1 0.02747 0 -90.000 -0.056 -90.000 -0.000 0 NA
405.00 0.09877 405.1 0.03195 0 -90.000 -0.056 -90.000 -0.000 0 NA
410.00 0.09756 410.1 0.03672 0 -90.000 -0.056 -90.000 -0.000 0 NA
415.00 0.09639 415.1 0.04185 0 -90.000 -0.056 -90.000 -0.000 0 NA
420.00 0.09524 420.1 0.04728 0 -90.000 -0.056 -90.000 -0.000 0 NA
425.00 0.09412 425.0 0.05312 0 -90.000 -0.056 -90.000 -0.000 0 NA
430.00 0.09302 430.0 0.05930 0 -90.000 -0.056 -90.000 -0.000 0 NA
435.00 0.09195 435.0 0.06584 0 -90.000 -0.056 -90.000 -0.000 0 NA
440.00 0.09091 440.0 0.07268 0 -90.000 -0.056 -90.000 -0.000 0 NA
445.00 0.08989 445.0 0.07970 0 -90.000 -0.056 -90.000 -0.000 0 NA
450.00 0.08889 444.3 0.08003 1 -90.000 -0.056 -90.000 -0.000 0 NA
0.00 0.12000 0.1 0.00000 0 -100.000 -0.050 -100.000 -0.000 0 NA
5.00 0.12000 5.1 0.00000 0 -100.000 -0.050 -100.000 -0.000 0 NA
10.00 0.12000 10.1 0.00000 0 -100.000 -0.050 -100.000 -0.000 0 NA
15.00 0.12000 15.1 0.00000 0 -100.000 -0.050 -100.000 -0.000 0 NA
20.00 0.12000 20.0 0.00000 0 -100.000 -0.050 -100.000 -0.000 0 NA
25.00 0.12000 25.0 0.00000 0 -100.000 -0.050 -100.000 -0.000 0 NA
30.00 0.12000 30.0 0.00000 0 -100.000 -0.050 -100.000 -0.000 0 NA
35.00 0.12000 35.0 0.00000 0 -100.000 -0.050 -100.000 -0.000 0 NA
40.00 0.12000 40.0 0.00000 0 -100.000 -0.050 -100.000 -0.000 0 NA
45.00 0.12000 45.0 0.00000 0 -100.000 -0.050 -100.000 -0.000 0 NA
50.00 0.12000 50.0 0.00000 0 -100.000 -0.050 -100.000 -0.000 0 NA
55.00 0.12000 55.0 0.00000 0 -100.000 -0.050 -100.000 -0.000 0 NA
60.00 0.12000 60.0 0.00000 0 -100.000 -0.050 -100.000 -0.000 0 NA
65.00 0.12000 65.0 0.00000 0 -100.000 -0.050 -100.000 -0.000 0 NA
70.00 0.12000 70.0 0.00000 0 -100.000 -0.050 -100.000 -0.000 0 NA
75.00 0.12000 75.0 0.00000 0 -100.000 -0.050 -100.000 -0.000 0 NA
80.00 0.12000 80.0 0.00000 0 -100.000 -0.050 -100.000 -0.000 0 NA
85.00 0.12000 85.1 0.00000 0 -100.000 -0.050 -100.000 -0.000 0 NA
90.00 0.12000 90.1 0.00000 0 -100.000 -0.050 -100.000 -0.000 0 NA
95.00 0.12000 95.0 0.00000 0 -100.000 -0.050 -100.000 -0.000 0 NA
100.00 0.12000 100.0 0.00000 0 -100.000 -0.050 -100.000 -0.000 0 NA
105.00 0.12000 105.0 0.00000 0 -100.000 -0.050 -100.000 -0.000 0 NA
110.00 0.12000 110.1 0.00000 0 -100.000 -0.050 -100.000 -0.000 0 NA
115.00 0.12000 115.0 0.00000 0 -100.000 -0.050 -100.000 -0.000 0 NA
120.00 0.12000 120.1 0.00000 0 -100.000 -0.050 -100.000 -0.000 0 NA
125.00 0.12000 125.0 0.00000 0 -100.000 -0.050 -100.000 -0.000 0 NA
130.00 0.12000 130.1 0.00000 0 -100.000 -0.050 -100.000 -0.000 0 NA
135.00 0.12000 135.1 0.00000 0 -100.000 -0.050 -100.000 -0.000 0 NA
140.00 0.12000 140.1 0.00000 0 -100.000 -0.050 -100.000 -0.000 0 NA
145.00 0.12000 145.1 0.00000 0 -100.000 -0.050 -100.000 -0.000 0 NA
150.00 0.12000 150.1 0.00000 0 -100.000 -0.050 -100.000 -0.000 0 NA
155.00 0.12000 155.1 0.00000 0 -100.000 -0.050 -100.000 -0.000 0 NA
160.00 0.12000 160.1 0.00000 0 -100.000 -0.050 -100.000 -0.000 0 NA
165.00 0.12000 165.1 0.00000 0 -100.000 -0.050 -100.000 -0.000 0 NA
170.00 0.12000 170.1 0.00000 0 -100.000 -0.050 -100.000 -0.000 0 NA
175.00 0.12000 175.1 0.00000 0 -100.000 -0.050 -100.000 -0.000 0 NA
180.00 0.12000 180.1 0.00000 0 -100.000 -0.050 -100.000 -0.000 0 NA
185.00 0.12000 185.1 0.00000 0 -100.000 -0.050 -100.000 -0.000 0 NA
190.00 0.12000 190.1 0.00000 0 -100.000 -0.050 -100.000 -0.000 0 NA
195.00 0.12000 195.0 0.00000 0 -100.000 -0.050 -100.000 -0.000 0 NA
200.00 0.12000 200.1 0.00000 0 -100.000 -0.050 -100.000 -0.000 0 NA
205.00 0.12000 205.1 0.00000 0 -100.000 -0.050 -100.000 -0.000 0 NA
210.00 0.12000 210.1 0.00000 0 -100.000 -0.050 -100.000 -0.000 0 NA
215.00 0.12000 215.1 0.00005 0 -100.000 -0.050 -100.000 -0.000 0 NA
220.00 0.12000 220.1 0.00006 0 -100.000 -0.050 -100.000 -0.000 0 NA
225.00 0.12000 225.1 0.00007 0 -100.000 -0.050 -100.000 -0.000 0 NA
230.00 0.12000 230.1 0.00008 0 -100.000 -0.050 -100.000 -0.000 0 NA
235.00 0.12000 235.1 0.00009 0 -100.000 -0.050 -100.000 -0.000 0 NA
240.00 0.12000 240.1 0.00011 0 -100.000 -0.050 -100.000 -0.000 0 NA
245.00 0.12000 245.1 0.00013 0 -100.000 -0.050 -100.000 -0.000 0 NA
250.00 0.12000 250.1 0.00014 0 -100.000 -0.050 -100.000 -0.000 0 NA
255.00 0.12000 255.1 0.00016 0 -100.000 -0.050 -100.000 -0.000 0 NA
260.00 0.12000 260.1 0.00018 0 -100.000 -0.050 -100.000 -0.000 0 NA
265.00 0.12000 265.1 0.00021 0 -100.000 -0.050 -100.000 -0.000 0 NA
270.00 0.12000 270.1 0.00022 0 -100.000 -0.050 -100.000 -0.000 0 NA
275.00 0.12000 275.1 0.00025 0 -100.000 -0.050 -100.000 -0.000 0 NA
280.00 0.12000 280.1 0.00028 0 -100.000 -0.050 -100.000 -0.000 0 NA
285.00 0.12000 285.1 0.00031 0 -100.000 -0.050 -100.000 -0.000 0 NA
290.00 0.12000 290.1 0.00035 0 -100.000 -0.050 -100.000 -0.000 0 NA
295.00 0.12000 295.1 0.00039 0 -100.000 -0.050 -100.000 -0.000 0 NA
300.00 0.12000 300.1 0.00044 0 -100.000 -0.050 -100.000 -0.000 0 NA
305.00 0.12000 305.1 0.00049 0 -100.000 -0.050 -100.000 -0.000 0 NA
310.00 0.12000 310.1 0.00054 0 -100.000 -0.050 -100.000 -0.000 0 NA
315.00 0.12000 315.1 0.00060 0 -100.000 -0.050 -100.000 -0.000 0 NA
320.00 0.12000 320.1 0.00065 0 -100.000 -0.050 -100.000 -0.000 0 NA
325.00 0.12000 325.1 0.00072 0 -100.000 -0.050 -100.000 -0.000 0 NA
330.00 0.12000 330.1 0.00078 0 -100.000 -0.050 -100.000 -0.000 0 NA
335.00 0.11940 335.1 0.00085 0 -100.000 -0.050 -100.000 -0.000 0 NA
340.00 0.11765 340.1 0.00094 0 -100.000 -0.050 -100.000 -0.000 0 NA
345.00 0.11594 345.1 0.00104 0 -100.000 -0.050 -100.000 -0.000 0 NA
350.00 0.11429 350.1 0.00117 0 -100.000 -0.050 -100.000 -0.000 0 NA
355.00 0.11268 355.1 0.00133 0 -100.000 -0.050 -100.000 -0.000 0 NA
360.00 0.11111 360.1 0.00153 0 -100.000 -0.050 -100.000 -0.000 0 NA
365.00 0.10959 365.1 0.00179 0 -100.000 -0.050 -100.000 -0.000 0 NA
370.00 0.10811 370.1 0.00214 0 -100.000 -0.050 -100.000 -0.000 0 NA
375.00 0.10667 375.1 0.00259 0 -100.000 -0.050 -100.000 -0.000 0 NA
380.00 0.10526 380.1 0.00316 0 -100.000 -0.050 -100.000 -0.000 0 NA
385.00 0.10390 385.1 0.00389 0 -100.000 -0.050 -100.000 -0.000 0 NA
390.00 0.10256 390.1 0.00479 0 -100.000 -0.050 -100.000 -0.000 0 NA
395.00 0.10127 395.1 0.00590 0 -100.000 -0.050 -100.000 -0.000 0 NA
400.00 0.10000 400.1 0.00724 0 -100.000 -0.050 -100.000 -0.000 0 NA
405.00 0.09877 405.0 0.00883 0 -100.000 -0.050 -100.000 -0.000 0 NA
410.00 0.09756 410.1 0.01077 0 -100.000 -0.050 -100.000 -0.000 0 NA
415.00 0.09639 415.1 0.01298 0 -100.000 -0.050 -100.000 -0.000 0 NA
420.00 0.09524 420.1 0.01553 0 -100.000 -0.050 -100.000 -0.000 0 NA
425.00 0.09412 425.1 0.01843 0 -100.000 -0.050 -100.000 -0.000 0 NA
430.00 0.09302 430.0 0.02169 0 -100.000 -0.050 -100.000 -0.000 0 NA
435.00 0.09195 435.0 0.02534 0 -100.000 -0.050 -100.000 -0.000 0 NA
440.00 0.09091 440.0 0.02933 0 -100.000 -0.050 -100.000 -0.000 0 NA
445.00 0.08989 445.0 0.03374 0 -100.000 -0.050 -100.000 -0.000 0 NA
450.00 0.08889 450.0 0.03854 0 -100.000 -0.050 -100.000 -0.000 0 NA
0.00 0.12000 0.1 0.00000 0 -110.000 -0.045 -110.000 -0.000 0 NA
5.00 0.12000 5.1 0.00000 0 -110.000 -0.045 -110.000 -0.000 0 NA
10.00 0.12000 10.1 0.00000 0 -110.000 -0.045 -110.000 -0.000 0 NA
15.00 0.12000 15.1 0.00000 0 -110.000 -0.045 -110.000 -0.000 0 NA
20.00 0.12000 20.0 0.00000 0 -110.000 -0.045 -110.000 -0.000 0 NA
25.00 0.12000 25.0 0.00000 0 -110.000 -0.045 -110.000 -0.000 0 NA
30.00 0.12000 30.0 0.00000 0 -110.000 -0.045 -110.000 -0.000 0 NA
35.00 0.12000 35.0 0.00000 0 -110.000 -0.045 -110.000 -0.000 0 NA
40.00 0.12000 40.0 0.00000 0 -110.000 -0.045 -110.000 -0.000 0 NA
45.00 0.12000 45.0 0.00000 0 -110.000 -0.045 -110.000 -0.000 0 NA
50.00 0.12000 50.0 0.00000 0 -110.000 -0.045 -110.000 -0.000 0 NA
55.00 0.12000 55.0 0.00000 0 -110.000 -0.045 -110.000 -0.000 0 NA
60.00 0.12000 60.0 0.00000 0 -110.000 -0.045 -110.000 -0.000 0 NA
65.00 0.12000 65.0 0.00000 0 -110.000 -0.045 -110.000 -0.000 0 NA
70.00 0.12000 70.0 0.00000 0 -110.000 -0.045 -110.000 -0.000 0 NA
75.00 0.12000 75.0 0.00000 0 -110.000 -0.045 -110.000 -0.000 0 NA
80.00 0.12000 80.0 0.00000 0 -110.000 -0.045 -110.000 -0.000 0 NA
85.00 0.12000 85.1 0.00000 0 -110.000 -0.045 -110.000 -0.000 0 NA
90.00 0.12000 90.1 0.00000 0 -110.000 -0.045 -110.000 -0.000 0 NA
95.00 0.12000 95.0 0.00000 0 -110.000 -0.045 -110.000 -0.000 0 NA
100.00 0.12000 100.0 0.00000 0 -110.000 -0.045 -110.000 -0.000 0 NA
105.00 0.12000 105.0 0.00000 0 -110.000 -0.045 -110.000 -0.000 0 NA
110.00 0.12000 110.1 0.00000 0 -110.000 -0.045 -110.000 -0.000 0 NA
115.00 0.12000 115.0 0.00000 0 -110.000 -0.045 -110.000 -0.000 0 NA
120.00 0.12000 120.1 0.00000 0 -110.000 -0.045 -110.000 -0.000 0 NA
125.00 0.12000 125.0 0.00000 0 -110.000 -0.045 -110.000 -0.000 0 NA
130.00 0.12000 130.1 0.00000 0 -110.000 -0.045 -110.000 -0.000 0 NA
135.00 0.12000 135.1 0.00000 0 -110.000 -0.045 -110.000 -0.000 0 NA
140.00 0.12000 140.1 0.00000 0 -110.000 -0.045 -110.000 -0.000 0 NA
145.00 0.12000 145.1 0.00000 0 -110.000 -0.045 -110.000 -0.000 0 NA
150.00 0.12000 150.1 0.00000 0 -110.000 -0.045 -110.000 -0.000 0 NA
155.00 0.12000 155.1 0.00000 0 -110.000 -0.045 -110.000 -0.000 0 NA
160.00 0.12000 160.1 0.00000 0 -110.000 -0.045 -110.000 -0.000 0 NA
165.00 0.12000 165.1 0.00000 0 -110.000 -0.045 -110.000 -0.000 0 NA
170.00 0.12000 170.1 0.00000 0 -110.000 -0.045 -110.000 -0.000 0 NA
175.00 0.12000 175.1 0.00000 0 -110.000 -0.045 -110.000 -0.000 0 NA
180.00 0.12000 180.1 0.00000 0 -110.000 -0.045 -110.000 -0.000 0 NA
185.00 0.12000 185.1 0.00000 0 -110.000 -0.045 -110.000 -0.000 0 NA
190.00 0.12000 190.1 0.00000 0 -110.000 -0.045 -110.000 -0.000 0 NA
195.00 0.12000 195.0 0.00000 0 -110.000 -0.045 -110.000 -0.000 0 NA
200.00 0.12000 200.1 0.00000 0 -110.000 -0.045 -110.000 -0.000 0 NA
205.00 0.12000 205.0 0.00000 0 -110.000 -0.045 -110.000 -0.000 0 NA
210.00 0.12000 210.1 0.00000 0 -110.000 -0.045 -110.000 -0.000 0 NA
215.00 0.12000 215.1 0.00000 0 -110.000 -0.045 -110.000 -0.000 0 NA
220.00 0.12000 220.1 0.00000 0 -110.000 -0.045 -110.000 -0.000 0 NA
225.00 0.12000 225.1 0.00000 0 -110.000 -0.045 -110.000 -0.000 0 NA
230.00 0.12000 230.1 0.00005 0 -110.000 -0.045 -110.000 -0.000 0 NA
235.00 0.12000 235.1 0.00006 0 -110.000 -0.045 -110.000 -0.000 0 NA
240.00 0.12000 240.1 0.00007 0 -110.000 -0.045 -110.000 -0.000 0 NA
245.00 0.12000 245.1 0.00007 0 -110.000 -0.045 -110.000 -0.000 0 NA
250.00 0.12000 250.1 0.00008 0 -110.000 -0.045 -110.000 -0.000 0 NA
255.00 0.12000 255.1 0.00009 0 -110.000 -0.045 -110.000 -0.000 0 NA
260.00 0.12000 260.1 0.00011 0 -110.000 -0.045 -110.000 -0.000 0 NA
265.00 0.12000 265.1 0.00013 0 -110.000 -0.045 -110.000 -0.000 0 NA
270.00 0.12000 270.1 0.00014 0 -110.000 -0.045 -110.000 -0.000 0 NA
275.00 0.12000 275.1 0.00015 0 -110.000 -0.045 -110.000 -0.000 0 NA
280.00 0.12000 280.1 0.00018 0 -110.000 -0.045 -110.000 -0.000 0 NA
285.00 0.12000 285.1 0.00020 0 -110.000 -0.045 -110.000 -0.000 0 NA
290.00 0.12000 290.1 0.00021 0 -110.000 -0.045 -110.000 -0.000 0 NA
295.00 0.12000 295.1 0.00024 0 -110.000 -0.045 -110.000 -0.000 0 NA
300.00 0.12000 300.1 0.00027 0 -110.000 -0.045 -110.000 -0.000 0 NA
305.00 0.12000 305.1 0.00029 0 -110.000 -0.045 -110.000 -0.000 0 NA
310.00 0.12000 310.1 0.00032 0 -110.000 -0.045 -110.000 -0.000 0 NA
315.00 0.12000 315.1 0.00036 0 -110.000 -0.045 -110.000 -0.000 0 NA
320.00 0.12000 320.1 0.00040 0 -110.000 -0.045 -110.000 -0.000 0 NA
325.00 0.12000 325.1 0.00044 0 -110.000 -0.045 -110.000 -0.000 0 NA
330.00 0.12000 330.1 0.00049 0 -110.000 -0.045 -110.000 -0.000 0 NA
335.00 0.11940 335.1 0.00054 0 -110.000 -0.045 -110.000 -0.000 0 NA
340.00 0.11765 340.1 0.00058 0 -110.000 -0.045 -110.000 -0.000 0 NA
345.00 0.11594 345.1 0.00064 0 -110.000 -0.045 -110.000 -0.000 0 NA
350.00 0.11429 350.1 0.00070 0 -110.000 -0.045 -110.000 -0.000 0 NA
355.00 0.11268 355.1 0.00076 0 -110.000 -0.045 -110.000 -0.000 0 NA
360.00 0.11111 360.1 0.00082 0 -110.000 -0.045 -110.000 -0.000 0 NA
365.00 0.10959 365.1 0.00089 0 -110.000 -0.045 -110.000 -0.000 0 NA
370.00 0.10811 370.1 0.00096 0 -110.000 -0.045 -110.000 -0.000 0 NA
375.00 0.10667 375.1 0.00105 0 -110.000 -0.045 -110.000 -0.000 0 NA
380.00 0.10526 380.1 0.00116 0 -110.000 -0.045 -110.000 -0.000 0 NA
385.00 0.10390 385.1 0.00129 0 -110.000 -0.045 -110.000 -0.000 0 NA
390.00 0.10256 390.1 0.00146 0 -110.000 -0.045 -110.000 -0.000 0 NA
395.00 0.10127 395.1 0.00167 0 -110.000 -0.045 -110.000 -0.000 0 NA
400.00 0.10000 400.1 0.00194 0 -110.000 -0.045 -110.000 -0.000 0 NA
405.00 0.09877 404.6 0.00227 0 -110.000 -0.045 -110.000 -0.000 0 NA
410.00 0.09756 410.1 0.00272 0 -110.000 -0.045 -110.000 -0.000 0 NA
415.00 0.09639 415.1 0.00327 0 -110.000 -0.045 -110.000 -0.000 0 NA
420.00 0.09524 420.1 0.00396 0 -110.000 -0.045 -110.000 -0.000 0 NA
425.00 0.09412 425.1 0.00480 0 -110.000 -0.045 -110.000 -0.000 0 NA
430.00 0.09302 430.0 0.00583 0 -110.000 -0.045 -110.000 -0.000 0 NA
435.00 0.09195 435.0 0.00707 0 -110.000 -0.045 -110.000 -0.000 0 NA
440.00 0.09091 440.0 0.00855 0 -110.000 -0.045 -110.000 -0.000 0 NA
445.00 0.08989 445.0 0.01029 0 -110.000 -0.045 -110.000 -0.000 0 NA
450.00 0.08889 450.0 0.01231 0 -110.000 -0.045 -110.000 -0.000 0 NA
0.00 0.12000 0.1 0.00000 0 -120.000 -0.042 -120.000 -0.000 0 NA
5.00 0.12000 5.1 0.00000 0 -120.000 -0.042 -120.000 -0.000 0 NA
10.00 0.12000 10.1 0.00000 0 -120.000 -0.042 -120.000 -0.000 0 NA
15.00 0.12000 15.1 0.00000 0 -120.000 -0.042 -120.000 -0.000 0 NA
20.00 0.12000 20.0 0.00000 0 -120.000 -0.042 -120.000 -0.000 0 NA
25.00 0.12000 25.0 0.00000 0 -120.000 -0.042 -120.000 -0.000 0 NA
30.00 0.12000 30.0 0.00000 0 -120.000 -0.042 -120.000 -0.000 0 NA
35.00 0.12000 35.0 0.00000 0 -120.000 -0.042 -120.000 -0.000 0 NA
40.00 0.12000 40.0 0.00000 0 -120.000 -0.042 -120.000 -0.000 0 NA
45.00 0.12000 45.0 0.00000 0 -120.000 -0.042 -120.000 -0.000 0 NA
50.00 0.12000 50.0 0.00000 0 -120.000 -0.042 -120.000 -0.000 0 NA
55.00 0.12000 55.0 0.00000 0 -120.000 -0.042 -120.000 -0.000 0 NA
60.00 0.12000 60.0 0.00000 0 -120.000 -0.042 -120.000 -0.000 0 NA
65.00 0.12000 65.0 0.00000 0 -120.000 -0.042 -120.000 -0.000 0 NA
70.00 0.12000 70.0 0.00000 0 -120.000 -0.042 -120.000 -0.000 0 NA
75.00 0.12000 75.0 0.00000 0 -120.000 -0.042 -120.000 -0.000 0 NA
80.00 0.12000 80.0 0.00000 0 -120.000 -0.042 -120.000 -0.000 0 NA
85.00 0.12000 85.1 0.00000 0 -120.000 -0.042 -120.000 -0.000 0 NA
90.00 0.12000 90.1 0.00000 0 -120.000 -0.042 -120.000 -0.000 0 NA
95.00 0.12000 95.0 0.00000 0 -120.000 -0.042 -120.000 -0.000 0 NA
100.00 0.12000 100.0 0.00000 0 -120.000 -0.042 -120.000 -0.000 0 NA
105.00 0.12000 105.0 0.00000 0 -120.000 -0.042 -120.000 -0.000 0 NA
110.00 0.12000 110.1 0.00000 0 -120.000 -0.042 -120.000 -0.000 0 NA
115.00 0.12000 115.0 0.00000 0 -120.000 -0.042 -120.000 -0.000 0 NA
120.00 0.12000 120.1 0.00000 0 -120.000 -0.042 -120.000 -0.000 0 NA
125.00 0.12000 125.0 0.00000 0 -120.000 -0.042 -120.000 -0.000 0 NA
130.00 0.12000 130.1 0.00000 0 -120.000 -0.042 -120.000 -0.000 0 NA
135.00 0.12000 135.1 0.00000 0 -120.000 -0.042 -120.000 -0.000 0 NA
140.00 0.12000 140.1 0.00000 0 -120.000 -0.042 -120.000 -0.000 0 NA
145.00 0.12000 145.1 0.00000 0 -120.000 -0.042 -120.000 -0.000 0 NA
150.00 0.12000 150.1 0.00000 0 -120.000 -0.042 -120.000 -0.000 0 NA
155.00 0.12000 155.1 0.00000 0 -120.000 -0.042 -120.000 -0.000 0 NA
160.00 0.12000 160.1 0.00000 0 -120.000 -0.042 -120.000 -0.000 0 NA
165.00 0.12000 165.1 0.00000 0 -120.000 -0.042 -120.000 -0.000 0 NA
170.00 0.12000 170.1 0.00000 0 -120.000 -0.042 -120.000 -0.000 0 NA
175.00 0.12000 175.1 0.00000 0 -120.000 -0.042 -120.000 -0.000 0 NA
180.00 0.12000 180.1 0.00000 0 -120.000 -0.042 -120.000 -0.000 0 NA
185.00 0.12000 185.1 0.00000 0 -120.000 -0.042 -120.000 -0.000 0 NA
190.00 0.12000 190.1 0.00000 0 -120.000 -0.042 -120.000 -0.000 0 NA
195.00 0.12000 195.0 0.00000 0 -120.000 -0.042 -120.000 -0.000 0 NA
200.00 0.12000 200.1 0.00000 0 -120.000 -0.042 -120.000 -0.000 0 NA
205.00 0.12000 205.1 0.00000 0 -120.000 -0.042 -120.000 -0.000 0 NA
210.00 0.12000 210.1 0.00000 0 -120.000 -0.042 -120.000 -0.000 0 NA
215.00 0.12000 215.1 0.00000 0 -120.000 -0.042 -120.000 -0.000 0 NA
220.00 0.12000 220.1 0.00000 0 -120.000 -0.042 -120.000 -0.000 0 NA
225.00 0.12000 225.1 0.00000 0 -120.000 -0.042 -120.000 -0.000 0 NA
230.00 0.12000 230.1 0.00000 0 -120.000 -0.042 -120.000 -0.000 0 NA
235.00 0.12000 235.1 0.00000 0 -120.000 -0.042 -120.000 -0.000 0 NA
240.00 0.12000 240.1 0.00000 0 -120.000 -0.042 -120.000 -0.000 0 NA
245.00 0.12000 245.1 0.00000 0 -120.000 -0.042 -120.000 -0.000 0 NA
250.00 0.12000 250.1 0.00005 0 -120.000 -0.042 -120.000 -0.000 0 NA
255.00 0.12000 255.1 0.00006 0 -120.000 -0.042 -120.000 -0.000 0 NA
260.00 0.12000 260.1 0.00007 0 -120.000 -0.042 -120.000 -0.000 0 NA
265.00 0.12000 265.1 0.00007 0 -120.000 -0.042 -120.000 -0.000 0 NA
270.00 0.12000 270.1 0.00008 0 -120.000 -0.042 -120.000 -0.000 0 NA
275.00 0.12000 275.1 0.00009 0 -120.000 -0.042 -120.000 -0.000 0 NA
280.00 0.12000 280.1 0.00011 0 -120.000 -0.042 -120.000 -0.000 0 NA
285.00 0.12000 285.1 0.00012 0 -120.000 -0.042 -120.000 -0.000 0 NA
290.00 0.12000 290.1 0.00014 0 -120.000 -0.042 -120.000 -0.000 0 NA
295.00 0.12000 295.1 0.00015 0 -120.000 -0.042 -120.000 -0.000 0 NA
300.00 0.12000 300.1 0.00017 0 -120.000 -0.042 -120.000 -0.000 0 NA
305.00 0.12000 305.1 0.00019 0 -120.000 -0.042 -120.000 -0.000 0 NA
310.00 0.12000 310.1 0.00021 0 -120.000 -0.042 -120.000 -0.000 0 NA
315.00 0.12000 315.1 0.00022 0 -120.000 -0.042 -120.000 -0.000 0 NA
320.00 0.12000 320.1 0.00025 0 -120.000 -0.042 -120.000 -0.000 0 NA
325.00 0.12000 325.1 0.00028 0 -120.000 -0.042 -120.000 -0.000 0 NA
330.00 0.12000 330.1 0.00030 0 -120.000 -0.042 -120.000 -0.000 0 NA
335.00 0.11940 335.1 0.00034 0 -120.000 -0.042 -120.000 -0.000 0 NA
340.00 0.11765 340.1 0.00036 0 -120.000 -0.042 -120.000 -0.000 0 NA
345.00 0.11594 345.1 0.00040 0 -120.000 -0.042 -120.000 -0.000 0 NA
350.00 0.11429 350.1 0.00044 0 -120.000 -0.042 -120.000 -0.000 0 NA
355.00 0.11268 355.1 0.00049 0 -120.000 -0.042 -120.000 -0.000 0 NA
360.00 0.11111 360.1 0.00053 0 -120.000 -0.042 -120.000 -0.000 0 NA
365.00 0.10959 365.1 0.00058 0 -120.000 -0.042 -120.000 -0.000 0 NA
370.00 0.10811 370.1 0.00063 0 -120.000 -0.042 -120.000 -0.000 0 NA
375.00 0.10667 375.1 0.00069 0 -120.000 -0.042 -120.000 -0.000 0 NA
380.00 0.10526 380.1 0.00074 0 -120.000 -0.042 -120.000 -0.000 0 NA
385.00 0.10390 385.1 0.00079 0 -120.000 -0.042 -120.000 -0.000 0 NA
390.00 0.10256 390.1 0.00085 0 -120.000 -0.042 -120.000 -0.000 0 NA
395.00 0.10127 395.1 0.00092 0 -120.000 -0.042 -120.000 -0.000 0 NA
400.00 0.10000 400.1 0.00099 0 -120.000 -0.042 -120.000 -0.000 0 NA
405.00 0.09877 405.1 0.00106 0 -120.000 -0.042 -120.000 -0.000 0 NA
410.00 0.09756 410.1 0.00116 0 -120.000 -0.042 -120.000 -0.000 0 NA
415.00 0.09639 415.1 0.00127 0 -120.000 -0.042 -120.000 -0.000 0 NA
420.00 0.09524 420.1 0.00142 0 -120.000 -0.042 -120.000 -0.000 0 NA
425.00 0.09412 425.1 0.00159 0 -120.000 -0.042 -120.000 -0.000 0 NA
430.00 0.09302 430.0 0.00181 0 -120.000 -0.042 -120.000 -0.000 0 NA
435.00 0.09195 435.0 0.00209 0 -120.000 -0.042 -120.000 -0.000 0 NA
440.00 0.09091 440.0 0.00244 0 -120.000 -0.042 -120.000 -0.000 0 NA
445.00 0.08989 445.0 0.00288 0 -120.000 -0.042 -120.000 -0.000 0 NA
450.00 0.08889 450.0 0.00341 0 -120.000 -0.042 -120.000 -0.000 0 NA
