% * Sample: 20B_5
% * Date / time: 2025-03-14 13:11:35.294545
% * R2CONTROL =  NOT SPECIFIED
% Column 1:  PSU1 nominal voltage setting (V)
% Column 2:  PSU1 nominal current setting (A)
% Column 3:  PSU1 voltage measurement (V)
% Column 4:  PSU1 current measurement (I)
% Column 5:  PSU1 limiter flag
% Column 6:  PSU2 nominal voltage setting (V)
% Column 7:  PSU2 nominal current setting (A)
% Column 8:  PSU2 voltage measurement (V)
% Column 9:  PSU2 current measurement (I)
% Column 10: PSU2 limiter flag
% Column 11: Heaterblock temperature (°C)
% * OPERATING POINT AT END OF PREHEAT / IDLE: U1 = 400.0 V  I1 = 0.03001 A  U2 = -9.152 V  I2 = -0.000 A  T = NA °C
0.00 0.06000 0.1 0.00000 0 -0.000 -1.000 -0.632 -0.000 0 NA
5.00 0.06000 5.1 0.00000 0 -0.000 -1.000 -0.481 -0.000 0 NA
10.00 0.06000 10.0 0.00000 0 -0.000 -1.000 -0.323 -0.000 0 NA
15.00 0.06000 15.0 0.00000 0 -0.000 -1.000 -0.250 -0.000 0 NA
20.00 0.06000 20.0 0.00007 0 -0.000 -1.000 -0.171 -0.000 0 NA
25.00 0.06000 25.0 0.00014 0 -0.000 -1.000 -0.134 -0.000 0 NA
30.00 0.06000 30.0 0.00023 0 -0.000 -1.000 -0.095 -0.000 0 NA
35.00 0.06000 35.0 0.00035 0 -0.000 -1.000 -0.069 -0.000 0 NA
40.00 0.06000 40.0 0.00051 0 -0.000 -1.000 -0.057 -0.000 0 NA
45.00 0.06000 45.0 0.00070 0 -0.000 -1.000 -0.000 -0.000 0 NA
50.00 0.06000 50.0 0.00092 0 -0.000 -1.000 -0.000 -0.000 0 NA
55.00 0.06000 55.0 0.00118 0 -0.000 -1.000 -0.000 -0.000 0 NA
60.00 0.06000 60.0 0.00148 0 -0.000 -1.000 -0.000 -0.000 0 NA
65.00 0.06000 65.0 0.00181 0 -0.000 -1.000 -0.000 -0.000 0 NA
70.00 0.06000 70.0 0.00219 0 -0.000 -1.000 -0.000 -0.000 0 NA
75.00 0.06000 75.0 0.00261 0 -0.000 -1.000 -0.000 -0.000 0 NA
80.00 0.06000 80.0 0.00307 0 -0.000 -1.000 -0.000 -0.000 0 NA
85.00 0.06000 85.0 0.00357 0 -0.000 -1.000 -0.000 -0.000 0 NA
90.00 0.06000 90.0 0.00412 0 -0.000 -1.000 -0.000 -0.000 0 NA
95.00 0.06000 95.0 0.00472 0 -0.000 -1.000 -0.000 -0.000 0 NA
100.00 0.06000 100.0 0.00537 0 -0.000 -1.000 -0.000 -0.000 0 NA
105.00 0.06000 105.0 0.00608 0 -0.000 -1.000 -0.000 -0.000 0 NA
110.00 0.06000 110.0 0.00683 0 -0.000 -1.000 -0.000 -0.000 0 NA
115.00 0.06000 115.0 0.00765 0 -0.000 -1.000 -0.000 -0.000 0 NA
120.00 0.06000 120.0 0.00851 0 -0.000 -1.000 -0.000 -0.000 0 NA
125.00 0.06000 125.0 0.00942 0 -0.000 -1.000 -0.000 -0.000 0 NA
130.00 0.06000 130.0 0.01037 0 -0.000 -1.000 -0.000 -0.000 0 NA
135.00 0.06000 135.0 0.01136 0 -0.000 -1.000 -0.000 -0.000 0 NA
140.00 0.06000 140.1 0.01239 0 -0.000 -1.000 -0.000 -0.000 0 NA
145.00 0.06000 145.0 0.01346 0 -0.000 -1.000 -0.000 -0.000 0 NA
150.00 0.06000 150.0 0.01455 0 -0.000 -1.000 -0.000 -0.000 0 NA
155.00 0.06000 155.0 0.01568 0 -0.000 -1.000 -0.000 -0.000 0 NA
160.00 0.06000 160.0 0.01685 0 -0.000 -1.000 -0.000 -0.000 0 NA
165.00 0.06000 165.0 0.01805 0 -0.000 -1.000 -0.000 -0.000 0 NA
170.00 0.06000 170.1 0.01928 0 -0.000 -1.000 -0.000 -0.000 0 NA
175.00 0.06000 175.0 0.02053 0 -0.000 -1.000 -0.000 -0.000 0 NA
180.00 0.06000 180.0 0.02180 0 -0.000 -1.000 -0.000 -0.000 0 NA
185.00 0.06000 185.0 0.02311 0 -0.000 -1.000 -0.000 -0.000 0 NA
190.00 0.06000 190.0 0.02444 0 -0.000 -1.000 -0.000 -0.000 0 NA
195.00 0.06000 195.0 0.02579 0 -0.000 -1.000 -0.000 -0.000 0 NA
200.00 0.06000 200.0 0.02717 0 -0.000 -1.000 -0.000 -0.000 0 NA
205.00 0.06000 205.0 0.02857 0 -0.000 -1.000 -0.000 -0.000 0 NA
210.00 0.06000 210.0 0.03000 0 -0.000 -1.000 -0.000 -0.000 0 NA
215.00 0.06000 215.0 0.03144 0 -0.000 -1.000 -0.000 -0.000 0 NA
220.00 0.06000 220.1 0.03292 0 -0.000 -1.000 -0.000 -0.000 0 NA
225.00 0.06000 225.1 0.03441 0 -0.000 -1.000 -0.000 -0.000 0 NA
230.00 0.06000 230.1 0.03591 0 -0.000 -1.000 -0.000 -0.000 0 NA
235.00 0.06000 235.1 0.03745 0 -0.000 -1.000 -0.000 -0.000 0 NA
240.00 0.06000 240.1 0.03899 0 -0.000 -1.000 -0.000 -0.000 0 NA
245.00 0.06000 245.1 0.04056 0 -0.000 -1.000 -0.000 -0.000 0 NA
250.00 0.06000 250.1 0.04215 0 -0.000 -1.000 -0.000 -0.000 0 NA
255.00 0.06000 255.1 0.04374 0 -0.000 -1.000 -0.000 -0.000 0 NA
260.00 0.06000 260.1 0.04536 0 -0.000 -1.000 -0.000 -0.000 0 NA
265.00 0.06000 265.1 0.04699 0 -0.000 -1.000 -0.000 -0.000 0 NA
270.00 0.06000 270.1 0.04866 0 -0.000 -1.000 -0.000 -0.000 0 NA
275.00 0.06000 275.1 0.05032 0 -0.000 -1.000 -0.000 -0.000 0 NA
280.00 0.06000 280.1 0.05202 0 -0.000 -1.000 -0.000 -0.000 0 NA
285.00 0.06000 285.1 0.05404 0 -0.000 -1.000 -0.000 -0.000 0 NA
290.00 0.06000 290.1 0.05638 0 -0.000 -1.000 -0.000 -0.000 0 NA
295.00 0.06000 295.1 0.05813 0 -0.000 -1.000 -0.000 -0.000 0 NA
300.00 0.06000 300.1 0.05990 0 -0.000 -1.000 -0.000 -0.000 0 NA
305.00 0.06000 305.0 0.06167 1 -0.000 -1.000 -0.000 -0.000 0 NA
0.00 0.06000 0.1 0.00000 0 -3.000 -1.000 -3.000 -0.000 0 NA
5.00 0.06000 5.1 0.00000 0 -3.000 -1.000 -3.000 -0.000 0 NA
10.00 0.06000 10.0 0.00000 0 -3.000 -1.000 -3.000 -0.000 0 NA
15.00 0.06000 15.0 0.00000 0 -3.000 -1.000 -3.000 -0.000 0 NA
20.00 0.06000 20.0 0.00000 0 -3.000 -1.000 -3.000 -0.000 0 NA
25.00 0.06000 25.0 0.00000 0 -3.000 -1.000 -3.000 -0.000 0 NA
30.00 0.06000 30.0 0.00000 0 -3.000 -1.000 -3.000 -0.000 0 NA
35.00 0.06000 35.0 0.00000 0 -3.000 -1.000 -3.000 -0.000 0 NA
40.00 0.06000 40.0 0.00000 0 -3.000 -1.000 -3.000 -0.000 0 NA
45.00 0.06000 45.0 0.00000 0 -3.000 -1.000 -3.000 -0.000 0 NA
50.00 0.06000 50.0 0.00000 0 -3.000 -1.000 -3.000 -0.000 0 NA
55.00 0.06000 55.0 0.00000 0 -3.000 -1.000 -3.000 -0.000 0 NA
60.00 0.06000 60.0 0.00000 0 -3.000 -1.000 -3.000 -0.000 0 NA
65.00 0.06000 65.0 0.00000 0 -3.000 -1.000 -3.000 -0.000 0 NA
70.00 0.06000 70.0 0.00007 0 -3.000 -1.000 -3.000 -0.000 0 NA
75.00 0.06000 75.0 0.00009 0 -3.000 -1.000 -3.000 -0.000 0 NA
80.00 0.06000 80.0 0.00014 0 -3.000 -1.000 -3.000 -0.000 0 NA
85.00 0.06000 85.0 0.00021 0 -3.000 -1.000 -3.000 -0.000 0 NA
90.00 0.06000 90.0 0.00030 0 -3.000 -1.000 -3.000 -0.000 0 NA
95.00 0.06000 95.0 0.00042 0 -3.000 -1.000 -3.000 -0.000 0 NA
100.00 0.06000 100.0 0.00056 0 -3.000 -1.000 -3.000 -0.000 0 NA
105.00 0.06000 105.0 0.00073 0 -3.000 -1.000 -3.000 -0.000 0 NA
110.00 0.06000 110.0 0.00093 0 -3.000 -1.000 -3.000 -0.000 0 NA
115.00 0.06000 115.0 0.00117 0 -3.000 -1.000 -3.000 -0.000 0 NA
120.00 0.06000 120.0 0.00144 0 -3.000 -1.000 -3.000 -0.000 0 NA
125.00 0.06000 125.0 0.00176 0 -3.000 -1.000 -3.000 -0.000 0 NA
130.00 0.06000 130.0 0.00210 0 -3.000 -1.000 -3.000 -0.000 0 NA
135.00 0.06000 135.0 0.00249 0 -3.000 -1.000 -3.000 -0.000 0 NA
140.00 0.06000 140.1 0.00292 0 -3.000 -1.000 -3.000 -0.000 0 NA
145.00 0.06000 145.0 0.00339 0 -3.000 -1.000 -3.000 -0.000 0 NA
150.00 0.06000 150.0 0.00390 0 -3.000 -1.000 -3.000 -0.000 0 NA
155.00 0.06000 155.0 0.00447 0 -3.000 -1.000 -3.000 -0.000 0 NA
160.00 0.06000 160.0 0.00510 0 -3.000 -1.000 -3.000 -0.000 0 NA
165.00 0.06000 165.0 0.00577 0 -3.000 -1.000 -3.000 -0.000 0 NA
170.00 0.06000 170.1 0.00651 0 -3.000 -1.000 -3.000 -0.000 0 NA
175.00 0.06000 175.0 0.00729 0 -3.000 -1.000 -3.000 -0.000 0 NA
180.00 0.06000 180.0 0.00812 0 -3.000 -1.000 -3.000 -0.000 0 NA
185.00 0.06000 185.0 0.00900 0 -3.000 -1.000 -3.000 -0.000 0 NA
190.00 0.06000 190.0 0.00993 0 -3.000 -1.000 -3.000 -0.000 0 NA
195.00 0.06000 195.0 0.01090 0 -3.000 -1.000 -3.000 -0.000 0 NA
200.00 0.06000 200.0 0.01191 0 -3.000 -1.000 -3.000 -0.000 0 NA
205.00 0.06000 205.0 0.01295 0 -3.000 -1.000 -3.000 -0.000 0 NA
210.00 0.06000 210.0 0.01404 0 -3.000 -1.000 -3.000 -0.000 0 NA
215.00 0.06000 215.0 0.01515 0 -3.000 -1.000 -3.000 -0.000 0 NA
220.00 0.06000 220.1 0.01630 0 -3.000 -1.000 -3.000 -0.000 0 NA
225.00 0.06000 225.1 0.01747 0 -3.000 -1.000 -3.000 -0.000 0 NA
230.00 0.06000 230.1 0.01868 0 -3.000 -1.000 -3.000 -0.000 0 NA
235.00 0.06000 235.1 0.02016 0 -3.000 -1.000 -3.000 -0.000 0 NA
240.00 0.06000 240.1 0.02143 0 -3.000 -1.000 -3.000 -0.000 0 NA
245.00 0.06000 245.1 0.02273 0 -3.000 -1.000 -3.000 -0.000 0 NA
250.00 0.06000 250.1 0.02406 0 -3.000 -1.000 -3.000 -0.000 0 NA
255.00 0.06000 255.1 0.02541 0 -3.000 -1.000 -3.000 -0.000 0 NA
260.00 0.06000 260.1 0.02679 0 -3.000 -1.000 -3.000 -0.000 0 NA
265.00 0.06000 265.1 0.02818 0 -3.000 -1.000 -3.000 -0.000 0 NA
270.00 0.06000 270.1 0.02961 0 -3.000 -1.000 -3.000 -0.000 0 NA
275.00 0.06000 275.1 0.03106 0 -3.000 -1.000 -3.000 -0.000 0 NA
280.00 0.06000 280.1 0.03253 0 -3.000 -1.000 -3.000 -0.000 0 NA
285.00 0.06000 285.1 0.03401 0 -3.000 -1.000 -3.000 -0.000 0 NA
290.00 0.06000 290.1 0.03553 0 -3.000 -1.000 -3.000 -0.000 0 NA
295.00 0.06000 295.0 0.03705 0 -3.000 -1.000 -3.000 -0.000 0 NA
300.00 0.06000 300.1 0.03861 0 -3.000 -1.000 -3.000 -0.000 0 NA
305.00 0.06000 305.1 0.04017 0 -3.000 -1.000 -3.000 -0.000 0 NA
310.00 0.06000 310.1 0.04177 0 -3.000 -1.000 -3.000 -0.000 0 NA
315.00 0.06000 315.1 0.04337 0 -3.000 -1.000 -3.000 -0.000 0 NA
320.00 0.06000 320.1 0.04500 0 -3.000 -1.000 -3.000 -0.000 0 NA
325.00 0.06000 325.1 0.04663 0 -3.000 -1.000 -3.000 -0.000 0 NA
330.00 0.06000 330.1 0.04828 0 -3.000 -1.000 -3.000 -0.000 0 NA
335.00 0.06000 335.1 0.04997 0 -3.000 -1.000 -3.000 -0.000 0 NA
340.00 0.06000 340.1 0.05165 0 -3.000 -1.000 -3.000 -0.000 0 NA
345.00 0.06000 345.1 0.05335 0 -3.000 -1.000 -3.000 -0.000 0 NA
350.00 0.06000 350.1 0.05507 0 -3.000 -1.000 -3.000 -0.000 0 NA
355.00 0.06000 355.0 0.05680 0 -3.000 -1.000 -3.000 -0.000 0 NA
360.00 0.06000 360.0 0.05855 0 -3.000 -1.000 -3.000 -0.000 0 NA
365.00 0.06000 365.0 0.06025 1 -3.000 -1.000 -3.000 -0.000 0 NA
0.00 0.06000 0.1 0.00000 0 -6.000 -0.833 -6.000 -0.000 0 NA
5.00 0.06000 5.1 0.00000 0 -6.000 -0.833 -6.000 -0.000 0 NA
10.00 0.06000 10.0 0.00000 0 -6.000 -0.833 -6.000 -0.000 0 NA
15.00 0.06000 15.0 0.00000 0 -6.000 -0.833 -6.000 -0.000 0 NA
20.00 0.06000 20.0 0.00000 0 -6.000 -0.833 -6.000 -0.000 0 NA
25.00 0.06000 25.0 0.00000 0 -6.000 -0.833 -6.000 -0.000 0 NA
30.00 0.06000 30.0 0.00000 0 -6.000 -0.833 -6.000 -0.000 0 NA
35.00 0.06000 35.0 0.00000 0 -6.000 -0.833 -6.000 -0.000 0 NA
40.00 0.06000 40.0 0.00000 0 -6.000 -0.833 -6.000 -0.000 0 NA
45.00 0.06000 45.0 0.00000 0 -6.000 -0.833 -6.000 -0.000 0 NA
50.00 0.06000 50.0 0.00000 0 -6.000 -0.833 -6.000 -0.000 0 NA
55.00 0.06000 55.0 0.00000 0 -6.000 -0.833 -6.000 -0.000 0 NA
60.00 0.06000 60.0 0.00000 0 -6.000 -0.833 -6.000 -0.000 0 NA
65.00 0.06000 65.0 0.00000 0 -6.000 -0.833 -6.000 -0.000 0 NA
70.00 0.06000 70.0 0.00000 0 -6.000 -0.833 -6.000 -0.000 0 NA
75.00 0.06000 75.0 0.00000 0 -6.000 -0.833 -6.000 -0.000 0 NA
80.00 0.06000 80.0 0.00000 0 -6.000 -0.833 -6.000 -0.000 0 NA
85.00 0.06000 85.0 0.00000 0 -6.000 -0.833 -6.000 -0.000 0 NA
90.00 0.06000 90.0 0.00000 0 -6.000 -0.833 -6.000 -0.000 0 NA
95.00 0.06000 95.0 0.00000 0 -6.000 -0.833 -6.000 -0.000 0 NA
100.00 0.06000 100.0 0.00000 0 -6.000 -0.833 -6.000 -0.000 0 NA
105.00 0.06000 105.0 0.00000 0 -6.000 -0.833 -6.000 -0.000 0 NA
110.00 0.06000 110.0 0.00000 0 -6.000 -0.833 -6.000 -0.000 0 NA
115.00 0.06000 115.0 0.00000 0 -6.000 -0.833 -6.000 -0.000 0 NA
120.00 0.06000 120.0 0.00005 0 -6.000 -0.833 -6.000 -0.000 0 NA
125.00 0.06000 125.0 0.00007 0 -6.000 -0.833 -6.000 -0.000 0 NA
130.00 0.06000 130.0 0.00009 0 -6.000 -0.833 -6.000 -0.000 0 NA
135.00 0.06000 135.0 0.00014 0 -6.000 -0.833 -6.000 -0.000 0 NA
140.00 0.06000 140.1 0.00019 0 -6.000 -0.833 -6.000 -0.000 0 NA
145.00 0.06000 145.0 0.00026 0 -6.000 -0.833 -6.000 -0.000 0 NA
150.00 0.06000 150.0 0.00035 0 -6.000 -0.833 -6.000 -0.000 0 NA
155.00 0.06000 155.0 0.00047 0 -6.000 -0.833 -6.000 -0.000 0 NA
160.00 0.06000 160.0 0.00061 0 -6.000 -0.833 -6.000 -0.000 0 NA
165.00 0.06000 165.0 0.00078 0 -6.000 -0.833 -6.000 -0.000 0 NA
170.00 0.06000 170.1 0.00097 0 -6.000 -0.833 -6.000 -0.000 0 NA
175.00 0.06000 175.0 0.00120 0 -6.000 -0.833 -6.000 -0.000 0 NA
180.00 0.06000 180.0 0.00145 0 -6.000 -0.833 -6.000 -0.000 0 NA
185.00 0.06000 185.0 0.00175 0 -6.000 -0.833 -6.000 -0.000 0 NA
190.00 0.06000 190.0 0.00208 0 -6.000 -0.833 -6.000 -0.000 0 NA
195.00 0.06000 195.0 0.00245 0 -6.000 -0.833 -6.000 -0.000 0 NA
200.00 0.06000 200.0 0.00290 0 -6.000 -0.833 -6.000 -0.000 0 NA
205.00 0.06000 205.0 0.00334 0 -6.000 -0.833 -6.000 -0.000 0 NA
210.00 0.06000 210.0 0.00384 0 -6.000 -0.833 -6.000 -0.000 0 NA
215.00 0.06000 215.0 0.00440 0 -6.000 -0.833 -6.000 -0.000 0 NA
220.00 0.06000 220.1 0.00499 0 -6.000 -0.833 -6.000 -0.000 0 NA
225.00 0.06000 225.1 0.00565 0 -6.000 -0.833 -6.000 -0.000 0 NA
230.00 0.06000 230.1 0.00635 0 -6.000 -0.833 -6.000 -0.000 0 NA
235.00 0.06000 235.1 0.00710 0 -6.000 -0.833 -6.000 -0.000 0 NA
240.00 0.06000 240.1 0.00791 0 -6.000 -0.833 -6.000 -0.000 0 NA
245.00 0.06000 245.1 0.00877 0 -6.000 -0.833 -6.000 -0.000 0 NA
250.00 0.06000 250.1 0.00966 0 -6.000 -0.833 -6.000 -0.000 0 NA
255.00 0.06000 255.1 0.01061 0 -6.000 -0.833 -6.000 -0.000 0 NA
260.00 0.06000 260.1 0.01159 0 -6.000 -0.833 -6.000 -0.000 0 NA
265.00 0.06000 265.1 0.01262 0 -6.000 -0.833 -6.000 -0.000 0 NA
270.00 0.06000 270.1 0.01368 0 -6.000 -0.833 -6.000 -0.000 0 NA
275.00 0.06000 275.1 0.01477 0 -6.000 -0.833 -6.000 -0.000 0 NA
280.00 0.06000 280.1 0.01591 0 -6.000 -0.833 -6.000 -0.000 0 NA
285.00 0.06000 285.1 0.01707 0 -6.000 -0.833 -6.000 -0.000 0 NA
290.00 0.06000 290.1 0.01825 0 -6.000 -0.833 -6.000 -0.000 0 NA
295.00 0.06000 295.0 0.01947 0 -6.000 -0.833 -6.000 -0.000 0 NA
300.00 0.06000 300.1 0.02072 0 -6.000 -0.833 -6.000 -0.000 0 NA
305.00 0.06000 305.1 0.02199 0 -6.000 -0.833 -6.000 -0.000 0 NA
310.00 0.06000 310.1 0.02331 0 -6.000 -0.833 -6.000 -0.000 0 NA
315.00 0.06000 315.1 0.02468 0 -6.000 -0.833 -6.000 -0.000 0 NA
320.00 0.06000 320.1 0.02605 0 -6.000 -0.833 -6.000 -0.000 0 NA
325.00 0.06000 325.1 0.02743 0 -6.000 -0.833 -6.000 -0.000 0 NA
330.00 0.06000 330.1 0.02884 0 -6.000 -0.833 -6.000 -0.000 0 NA
335.00 0.06000 335.1 0.03027 0 -6.000 -0.833 -6.000 -0.000 0 NA
340.00 0.06000 340.1 0.03172 0 -6.000 -0.833 -6.000 -0.000 0 NA
345.00 0.06000 345.1 0.03319 0 -6.000 -0.833 -6.000 -0.000 0 NA
350.00 0.06000 350.1 0.03469 0 -6.000 -0.833 -6.000 -0.000 0 NA
355.00 0.06000 355.0 0.03620 0 -6.000 -0.833 -6.000 -0.000 0 NA
360.00 0.06000 360.0 0.03773 0 -6.000 -0.833 -6.000 -0.000 0 NA
365.00 0.06000 365.0 0.03925 0 -6.000 -0.833 -6.000 -0.000 0 NA
370.00 0.06000 370.0 0.04079 0 -6.000 -0.833 -6.000 -0.000 0 NA
375.00 0.06000 375.0 0.04240 0 -6.000 -0.833 -6.000 -0.000 0 NA
380.00 0.06000 380.0 0.04401 0 -6.000 -0.833 -6.000 -0.000 0 NA
385.00 0.06000 385.0 0.04563 0 -6.000 -0.833 -6.000 -0.000 0 NA
390.00 0.06000 390.0 0.04727 0 -6.000 -0.833 -6.000 -0.000 0 NA
395.00 0.06000 395.0 0.04894 0 -6.000 -0.833 -6.000 -0.000 0 NA
400.00 0.06000 400.0 0.05060 0 -6.000 -0.833 -6.000 -0.000 0 NA
405.00 0.06000 405.0 0.05224 0 -6.000 -0.833 -6.000 -0.000 0 NA
410.00 0.06000 410.0 0.05399 0 -6.000 -0.833 -6.000 -0.000 0 NA
415.00 0.06000 415.0 0.05571 0 -6.000 -0.833 -6.000 -0.000 0 NA
420.00 0.05952 420.0 0.05745 0 -6.000 -0.833 -6.000 -0.000 0 NA
425.00 0.05882 425.0 0.05920 1 -6.000 -0.833 -6.000 -0.000 0 NA
0.00 0.06000 0.1 0.00000 0 -9.000 -0.556 -9.000 -0.000 0 NA
5.00 0.06000 5.1 0.00000 0 -9.000 -0.556 -9.000 -0.000 0 NA
10.00 0.06000 10.0 0.00000 0 -9.000 -0.556 -9.000 -0.000 0 NA
15.00 0.06000 15.0 0.00000 0 -9.000 -0.556 -9.000 -0.000 0 NA
20.00 0.06000 20.0 0.00000 0 -9.000 -0.556 -9.000 -0.000 0 NA
25.00 0.06000 25.0 0.00000 0 -9.000 -0.556 -9.000 -0.000 0 NA
30.00 0.06000 30.0 0.00000 0 -9.000 -0.556 -9.000 -0.000 0 NA
35.00 0.06000 35.0 0.00000 0 -9.000 -0.556 -9.000 -0.000 0 NA
40.00 0.06000 40.0 0.00000 0 -9.000 -0.556 -9.000 -0.000 0 NA
45.00 0.06000 45.0 0.00000 0 -9.000 -0.556 -9.000 -0.000 0 NA
50.00 0.06000 50.0 0.00000 0 -9.000 -0.556 -9.000 -0.000 0 NA
55.00 0.06000 55.0 0.00000 0 -9.000 -0.556 -9.000 -0.000 0 NA
60.00 0.06000 60.0 0.00000 0 -9.000 -0.556 -9.000 -0.000 0 NA
65.00 0.06000 65.0 0.00000 0 -9.000 -0.556 -9.000 -0.000 0 NA
70.00 0.06000 70.0 0.00000 0 -9.000 -0.556 -9.000 -0.000 0 NA
75.00 0.06000 75.0 0.00000 0 -9.000 -0.556 -9.000 -0.000 0 NA
80.00 0.06000 80.0 0.00000 0 -9.000 -0.556 -9.000 -0.000 0 NA
85.00 0.06000 85.0 0.00000 0 -9.000 -0.556 -9.000 -0.000 0 NA
90.00 0.06000 90.0 0.00000 0 -9.000 -0.556 -9.000 -0.000 0 NA
95.00 0.06000 95.0 0.00000 0 -9.000 -0.556 -9.000 -0.000 0 NA
100.00 0.06000 100.0 0.00000 0 -9.000 -0.556 -9.000 -0.000 0 NA
105.00 0.06000 105.0 0.00000 0 -9.000 -0.556 -9.000 -0.000 0 NA
110.00 0.06000 110.0 0.00000 0 -9.000 -0.556 -9.000 -0.000 0 NA
115.00 0.06000 115.0 0.00000 0 -9.000 -0.556 -9.000 -0.000 0 NA
120.00 0.06000 120.0 0.00000 0 -9.000 -0.556 -9.000 -0.000 0 NA
125.00 0.06000 125.0 0.00000 0 -9.000 -0.556 -9.000 -0.000 0 NA
130.00 0.06000 130.0 0.00000 0 -9.000 -0.556 -9.000 -0.000 0 NA
135.00 0.06000 135.0 0.00000 0 -9.000 -0.556 -9.000 -0.000 0 NA
140.00 0.06000 140.1 0.00000 0 -9.000 -0.556 -9.000 -0.000 0 NA
145.00 0.06000 145.0 0.00000 0 -9.000 -0.556 -9.000 -0.000 0 NA
150.00 0.06000 150.0 0.00000 0 -9.000 -0.556 -9.000 -0.000 0 NA
155.00 0.06000 155.0 0.00000 0 -9.000 -0.556 -9.000 -0.000 0 NA
160.00 0.06000 160.0 0.00000 0 -9.000 -0.556 -9.000 -0.000 0 NA
165.00 0.06000 165.0 0.00000 0 -9.000 -0.556 -9.000 -0.000 0 NA
170.00 0.06000 170.1 0.00000 0 -9.000 -0.556 -9.000 -0.000 0 NA
175.00 0.06000 175.0 0.00006 0 -9.000 -0.556 -9.000 -0.000 0 NA
180.00 0.06000 180.0 0.00007 0 -9.000 -0.556 -9.000 -0.000 0 NA
185.00 0.06000 185.0 0.00010 0 -9.000 -0.556 -9.000 -0.000 0 NA
190.00 0.06000 190.0 0.00014 0 -9.000 -0.556 -9.000 -0.000 0 NA
195.00 0.06000 195.0 0.00018 0 -9.000 -0.556 -9.000 -0.000 0 NA
200.00 0.06000 200.0 0.00024 0 -9.000 -0.556 -9.000 -0.000 0 NA
205.00 0.06000 205.0 0.00032 0 -9.000 -0.556 -9.000 -0.000 0 NA
210.00 0.06000 210.0 0.00042 0 -9.000 -0.556 -9.000 -0.000 0 NA
215.00 0.06000 215.0 0.00054 0 -9.000 -0.556 -9.000 -0.000 0 NA
220.00 0.06000 220.1 0.00068 0 -9.000 -0.556 -9.000 -0.000 0 NA
225.00 0.06000 225.1 0.00085 0 -9.000 -0.556 -9.000 -0.000 0 NA
230.00 0.06000 230.1 0.00104 0 -9.000 -0.556 -9.000 -0.000 0 NA
235.00 0.06000 235.1 0.00126 0 -9.000 -0.556 -9.000 -0.000 0 NA
240.00 0.06000 240.1 0.00151 0 -9.000 -0.556 -9.000 -0.000 0 NA
245.00 0.06000 245.1 0.00180 0 -9.000 -0.556 -9.000 -0.000 0 NA
250.00 0.06000 250.1 0.00213 0 -9.000 -0.556 -9.000 -0.000 0 NA
255.00 0.06000 255.1 0.00248 0 -9.000 -0.556 -9.000 -0.000 0 NA
260.00 0.06000 260.1 0.00288 0 -9.000 -0.556 -9.000 -0.000 0 NA
265.00 0.06000 265.1 0.00331 0 -9.000 -0.556 -9.000 -0.000 0 NA
270.00 0.06000 270.1 0.00379 0 -9.000 -0.556 -9.000 -0.000 0 NA
275.00 0.06000 275.1 0.00433 0 -9.000 -0.556 -9.000 -0.000 0 NA
280.00 0.06000 280.1 0.00490 0 -9.000 -0.556 -9.000 -0.000 0 NA
285.00 0.06000 285.1 0.00553 0 -9.000 -0.556 -9.000 -0.000 0 NA
290.00 0.06000 290.1 0.00620 0 -9.000 -0.556 -9.000 -0.000 0 NA
295.00 0.06000 295.1 0.00693 0 -9.000 -0.556 -9.000 -0.000 0 NA
300.00 0.06000 300.1 0.00771 0 -9.000 -0.556 -9.000 -0.000 0 NA
305.00 0.06000 305.1 0.00853 0 -9.000 -0.556 -9.000 -0.000 0 NA
310.00 0.06000 310.1 0.00941 0 -9.000 -0.556 -9.000 -0.000 0 NA
315.00 0.06000 315.1 0.01031 0 -9.000 -0.556 -9.000 -0.000 0 NA
320.00 0.06000 320.1 0.01128 0 -9.000 -0.556 -9.000 -0.000 0 NA
325.00 0.06000 325.1 0.01232 0 -9.000 -0.556 -9.000 -0.000 0 NA
330.00 0.06000 330.1 0.01336 0 -9.000 -0.556 -9.000 -0.000 0 NA
335.00 0.06000 335.1 0.01444 0 -9.000 -0.556 -9.000 -0.000 0 NA
340.00 0.06000 340.1 0.01554 0 -9.000 -0.556 -9.000 -0.000 0 NA
345.00 0.06000 345.1 0.01669 0 -9.000 -0.556 -9.000 -0.000 0 NA
350.00 0.06000 350.1 0.01788 0 -9.000 -0.556 -9.000 -0.000 0 NA
355.00 0.06000 355.0 0.01910 0 -9.000 -0.556 -9.000 -0.000 0 NA
360.00 0.06000 360.0 0.02039 0 -9.000 -0.556 -9.000 -0.000 0 NA
365.00 0.06000 365.0 0.02166 0 -9.000 -0.556 -9.000 -0.000 0 NA
370.00 0.06000 370.0 0.02290 0 -9.000 -0.556 -9.000 -0.000 0 NA
375.00 0.06000 375.0 0.02423 0 -9.000 -0.556 -9.000 -0.000 0 NA
380.00 0.06000 380.0 0.02559 0 -9.000 -0.556 -9.000 -0.000 0 NA
385.00 0.06000 385.0 0.02697 0 -9.000 -0.556 -9.000 -0.000 0 NA
390.00 0.06000 390.0 0.02835 0 -9.000 -0.556 -9.000 -0.000 0 NA
395.00 0.06000 395.0 0.02977 0 -9.000 -0.556 -9.000 -0.000 0 NA
400.00 0.06000 400.0 0.03122 0 -9.000 -0.556 -9.000 -0.000 0 NA
405.00 0.06000 405.0 0.03268 0 -9.000 -0.556 -9.000 -0.000 0 NA
410.00 0.06000 410.0 0.03420 0 -9.000 -0.556 -9.000 -0.000 0 NA
415.00 0.06000 415.0 0.03568 0 -9.000 -0.556 -9.000 -0.000 0 NA
420.00 0.05952 420.0 0.03720 0 -9.000 -0.556 -9.000 -0.000 0 NA
425.00 0.05882 425.0 0.03875 0 -9.000 -0.556 -9.000 -0.000 0 NA
430.00 0.05814 430.0 0.04032 0 -9.000 -0.556 -9.000 -0.000 0 NA
435.00 0.05747 435.0 0.04191 0 -9.000 -0.556 -9.000 -0.000 0 NA
440.00 0.05682 440.0 0.04351 0 -9.000 -0.556 -9.000 -0.000 0 NA
445.00 0.05618 445.0 0.04513 0 -9.000 -0.556 -9.000 -0.000 0 NA
450.00 0.05556 450.0 0.04677 0 -9.000 -0.556 -9.000 -0.000 0 NA
455.00 0.05495 455.0 0.04842 0 -9.000 -0.556 -9.000 -0.000 0 NA
460.00 0.05435 460.0 0.05010 0 -9.000 -0.556 -9.000 -0.000 0 NA
465.00 0.05376 465.0 0.05177 0 -9.000 -0.556 -9.000 -0.000 0 NA
470.00 0.05319 470.0 0.05347 1 -9.000 -0.556 -9.000 -0.000 0 NA
0.00 0.06000 0.1 0.00000 0 -12.000 -0.417 -12.000 -0.000 0 NA
5.00 0.06000 5.1 0.00000 0 -12.000 -0.417 -12.000 -0.000 0 NA
10.00 0.06000 10.0 0.00000 0 -12.000 -0.417 -12.000 -0.000 0 NA
15.00 0.06000 15.0 0.00000 0 -12.000 -0.417 -12.000 -0.000 0 NA
20.00 0.06000 20.0 0.00000 0 -12.000 -0.417 -12.000 -0.000 0 NA
25.00 0.06000 25.0 0.00000 0 -12.000 -0.417 -12.000 -0.000 0 NA
30.00 0.06000 30.0 0.00000 0 -12.000 -0.417 -12.000 -0.000 0 NA
35.00 0.06000 35.0 0.00000 0 -12.000 -0.417 -12.000 -0.000 0 NA
40.00 0.06000 40.0 0.00000 0 -12.000 -0.417 -12.000 -0.000 0 NA
45.00 0.06000 45.0 0.00000 0 -12.000 -0.417 -12.000 -0.000 0 NA
50.00 0.06000 50.0 0.00000 0 -12.000 -0.417 -12.000 -0.000 0 NA
55.00 0.06000 55.0 0.00000 0 -12.000 -0.417 -12.000 -0.000 0 NA
60.00 0.06000 60.0 0.00000 0 -12.000 -0.417 -12.000 -0.000 0 NA
65.00 0.06000 65.0 0.00000 0 -12.000 -0.417 -12.000 -0.000 0 NA
70.00 0.06000 70.0 0.00000 0 -12.000 -0.417 -12.000 -0.000 0 NA
75.00 0.06000 75.0 0.00000 0 -12.000 -0.417 -12.000 -0.000 0 NA
80.00 0.06000 80.0 0.00000 0 -12.000 -0.417 -12.000 -0.000 0 NA
85.00 0.06000 85.0 0.00000 0 -12.000 -0.417 -12.000 -0.000 0 NA
90.00 0.06000 90.0 0.00000 0 -12.000 -0.417 -12.000 -0.000 0 NA
95.00 0.06000 95.0 0.00000 0 -12.000 -0.417 -12.000 -0.000 0 NA
100.00 0.06000 100.0 0.00000 0 -12.000 -0.417 -12.000 -0.000 0 NA
105.00 0.06000 105.0 0.00000 0 -12.000 -0.417 -12.000 -0.000 0 NA
110.00 0.06000 110.0 0.00000 0 -12.000 -0.417 -12.000 -0.000 0 NA
115.00 0.06000 115.0 0.00000 0 -12.000 -0.417 -12.000 -0.000 0 NA
120.00 0.06000 120.0 0.00000 0 -12.000 -0.417 -12.000 -0.000 0 NA
125.00 0.06000 125.0 0.00000 0 -12.000 -0.417 -12.000 -0.000 0 NA
130.00 0.06000 130.0 0.00000 0 -12.000 -0.417 -12.000 -0.000 0 NA
135.00 0.06000 135.0 0.00000 0 -12.000 -0.417 -12.000 -0.000 0 NA
140.00 0.06000 140.1 0.00000 0 -12.000 -0.417 -12.000 -0.000 0 NA
145.00 0.06000 145.0 0.00000 0 -12.000 -0.417 -12.000 -0.000 0 NA
150.00 0.06000 150.0 0.00000 0 -12.000 -0.417 -12.000 -0.000 0 NA
155.00 0.06000 155.0 0.00000 0 -12.000 -0.417 -12.000 -0.000 0 NA
160.00 0.06000 160.0 0.00000 0 -12.000 -0.417 -12.000 -0.000 0 NA
165.00 0.06000 165.0 0.00000 0 -12.000 -0.417 -12.000 -0.000 0 NA
170.00 0.06000 170.1 0.00000 0 -12.000 -0.417 -12.000 -0.000 0 NA
175.00 0.06000 175.0 0.00000 0 -12.000 -0.417 -12.000 -0.000 0 NA
180.00 0.06000 180.0 0.00000 0 -12.000 -0.417 -12.000 -0.000 0 NA
185.00 0.06000 185.0 0.00000 0 -12.000 -0.417 -12.000 -0.000 0 NA
190.00 0.06000 190.0 0.00000 0 -12.000 -0.417 -12.000 -0.000 0 NA
195.00 0.06000 195.0 0.00000 0 -12.000 -0.417 -12.000 -0.000 0 NA
200.00 0.06000 200.0 0.00000 0 -12.000 -0.417 -12.000 -0.000 0 NA
205.00 0.06000 205.0 0.00000 0 -12.000 -0.417 -12.000 -0.000 0 NA
210.00 0.06000 210.0 0.00000 0 -12.000 -0.417 -12.000 -0.000 0 NA
215.00 0.06000 215.0 0.00000 0 -12.000 -0.417 -12.000 -0.000 0 NA
220.00 0.06000 220.1 0.00000 0 -12.000 -0.417 -12.000 -0.000 0 NA
225.00 0.06000 225.1 0.00005 0 -12.000 -0.417 -12.000 -0.000 0 NA
230.00 0.06000 230.1 0.00006 0 -12.000 -0.417 -12.000 -0.000 0 NA
235.00 0.06000 235.1 0.00007 0 -12.000 -0.417 -12.000 -0.000 0 NA
240.00 0.06000 240.1 0.00010 0 -12.000 -0.417 -12.000 -0.000 0 NA
245.00 0.06000 245.1 0.00014 0 -12.000 -0.417 -12.000 -0.000 0 NA
250.00 0.06000 250.1 0.00018 0 -12.000 -0.417 -12.000 -0.000 0 NA
255.00 0.06000 255.1 0.00023 0 -12.000 -0.417 -12.000 -0.000 0 NA
260.00 0.06000 260.1 0.00030 0 -12.000 -0.417 -12.000 -0.000 0 NA
265.00 0.06000 265.1 0.00038 0 -12.000 -0.417 -12.000 -0.000 0 NA
270.00 0.06000 270.1 0.00049 0 -12.000 -0.417 -12.000 -0.000 0 NA
275.00 0.06000 275.1 0.00060 0 -12.000 -0.417 -12.000 -0.000 0 NA
280.00 0.06000 280.1 0.00074 0 -12.000 -0.417 -12.000 -0.000 0 NA
285.00 0.06000 285.1 0.00091 0 -12.000 -0.417 -12.000 -0.000 0 NA
290.00 0.06000 290.1 0.00109 0 -12.000 -0.417 -12.000 -0.000 0 NA
295.00 0.06000 295.0 0.00131 0 -12.000 -0.417 -12.000 -0.000 0 NA
300.00 0.06000 300.1 0.00156 0 -12.000 -0.417 -12.000 -0.000 0 NA
305.00 0.06000 305.1 0.00183 0 -12.000 -0.417 -12.000 -0.000 0 NA
310.00 0.06000 310.1 0.00213 0 -12.000 -0.417 -12.000 -0.000 0 NA
315.00 0.06000 315.1 0.00248 0 -12.000 -0.417 -12.000 -0.000 0 NA
320.00 0.06000 320.1 0.00286 0 -12.000 -0.417 -12.000 -0.000 0 NA
325.00 0.06000 325.1 0.00328 0 -12.000 -0.417 -12.000 -0.000 0 NA
330.00 0.06000 330.1 0.00374 0 -12.000 -0.417 -12.000 -0.000 0 NA
335.00 0.06000 335.1 0.00425 0 -12.000 -0.417 -12.000 -0.000 0 NA
340.00 0.06000 340.1 0.00481 0 -12.000 -0.417 -12.000 -0.000 0 NA
345.00 0.06000 345.1 0.00541 0 -12.000 -0.417 -12.000 -0.000 0 NA
350.00 0.06000 350.1 0.00607 0 -12.000 -0.417 -12.000 -0.000 0 NA
355.00 0.06000 355.0 0.00678 0 -12.000 -0.417 -12.000 -0.000 0 NA
360.00 0.06000 360.0 0.00754 0 -12.000 -0.417 -12.000 -0.000 0 NA
365.00 0.06000 365.0 0.00834 0 -12.000 -0.417 -12.000 -0.000 0 NA
370.00 0.06000 370.0 0.00919 0 -12.000 -0.417 -12.000 -0.000 0 NA
375.00 0.06000 375.0 0.01008 0 -12.000 -0.417 -12.000 -0.000 0 NA
380.00 0.06000 380.0 0.01102 0 -12.000 -0.417 -12.000 -0.000 0 NA
385.00 0.06000 385.0 0.01200 0 -12.000 -0.417 -12.000 -0.000 0 NA
390.00 0.06000 390.0 0.01302 0 -12.000 -0.417 -12.000 -0.000 0 NA
395.00 0.06000 395.0 0.01407 0 -12.000 -0.417 -12.000 -0.000 0 NA
400.00 0.06000 400.0 0.01516 0 -12.000 -0.417 -12.000 -0.000 0 NA
405.00 0.06000 404.7 0.01619 0 -12.000 -0.417 -12.000 -0.000 0 NA
410.00 0.06000 410.0 0.01745 0 -12.000 -0.417 -12.000 -0.000 0 NA
415.00 0.06000 415.0 0.01863 0 -12.000 -0.417 -12.000 -0.000 0 NA
420.00 0.05952 420.0 0.01986 0 -12.000 -0.417 -12.000 -0.000 0 NA
425.00 0.05882 425.0 0.02110 0 -12.000 -0.417 -12.000 -0.000 0 NA
430.00 0.05814 430.0 0.02238 0 -12.000 -0.417 -12.000 -0.000 0 NA
435.00 0.05747 435.0 0.02369 0 -12.000 -0.417 -12.000 -0.000 0 NA
440.00 0.05682 440.0 0.02502 0 -12.000 -0.417 -12.000 -0.000 0 NA
445.00 0.05618 445.0 0.02637 0 -12.000 -0.417 -12.000 -0.000 0 NA
450.00 0.05556 450.0 0.02775 0 -12.000 -0.417 -12.000 -0.000 0 NA
455.00 0.05495 455.0 0.02915 0 -12.000 -0.417 -12.000 -0.000 0 NA
460.00 0.05435 460.0 0.03057 0 -12.000 -0.417 -12.000 -0.000 0 NA
465.00 0.05376 465.0 0.03201 0 -12.000 -0.417 -12.000 -0.000 0 NA
470.00 0.05319 470.0 0.03348 0 -12.000 -0.417 -12.000 -0.000 0 NA
475.00 0.05263 475.0 0.03498 0 -12.000 -0.417 -12.000 -0.000 0 NA
480.00 0.05208 480.0 0.03648 0 -12.000 -0.417 -12.000 -0.000 0 NA
485.00 0.05155 485.0 0.03801 0 -12.000 -0.417 -12.000 -0.000 0 NA
490.00 0.05102 490.0 0.03956 0 -12.000 -0.417 -12.000 -0.000 0 NA
495.00 0.05051 495.0 0.04114 0 -12.000 -0.417 -12.000 -0.000 0 NA
500.00 0.05000 491.5 0.04001 1 -12.000 -0.417 -12.000 -0.000 0 NA
0.00 0.06000 0.1 0.00000 0 -15.000 -0.333 -15.000 -0.000 0 NA
5.00 0.06000 5.1 0.00000 0 -15.000 -0.333 -15.000 -0.000 0 NA
10.00 0.06000 10.0 0.00000 0 -15.000 -0.333 -15.000 -0.000 0 NA
15.00 0.06000 15.0 0.00000 0 -15.000 -0.333 -15.000 -0.000 0 NA
20.00 0.06000 20.0 0.00000 0 -15.000 -0.333 -15.000 -0.000 0 NA
25.00 0.06000 25.0 0.00000 0 -15.000 -0.333 -15.000 -0.000 0 NA
30.00 0.06000 30.0 0.00000 0 -15.000 -0.333 -15.000 -0.000 0 NA
35.00 0.06000 35.0 0.00000 0 -15.000 -0.333 -15.000 -0.000 0 NA
40.00 0.06000 40.0 0.00000 0 -15.000 -0.333 -15.000 -0.000 0 NA
45.00 0.06000 45.0 0.00000 0 -15.000 -0.333 -15.000 -0.000 0 NA
50.00 0.06000 50.0 0.00000 0 -15.000 -0.333 -15.000 -0.000 0 NA
55.00 0.06000 55.0 0.00000 0 -15.000 -0.333 -15.000 -0.000 0 NA
60.00 0.06000 60.0 0.00000 0 -15.000 -0.333 -15.000 -0.000 0 NA
65.00 0.06000 65.0 0.00000 0 -15.000 -0.333 -15.000 -0.000 0 NA
70.00 0.06000 70.0 0.00000 0 -15.000 -0.333 -15.000 -0.000 0 NA
75.00 0.06000 75.0 0.00000 0 -15.000 -0.333 -15.000 -0.000 0 NA
80.00 0.06000 80.0 0.00000 0 -15.000 -0.333 -15.000 -0.000 0 NA
85.00 0.06000 85.0 0.00000 0 -15.000 -0.333 -15.000 -0.000 0 NA
90.00 0.06000 90.0 0.00000 0 -15.000 -0.333 -15.000 -0.000 0 NA
95.00 0.06000 95.0 0.00000 0 -15.000 -0.333 -15.000 -0.000 0 NA
100.00 0.06000 100.0 0.00000 0 -15.000 -0.333 -15.000 -0.000 0 NA
105.00 0.06000 105.0 0.00000 0 -15.000 -0.333 -15.000 -0.000 0 NA
110.00 0.06000 110.0 0.00000 0 -15.000 -0.333 -15.000 -0.000 0 NA
115.00 0.06000 115.0 0.00000 0 -15.000 -0.333 -15.000 -0.000 0 NA
120.00 0.06000 120.0 0.00000 0 -15.000 -0.333 -15.000 -0.000 0 NA
125.00 0.06000 125.0 0.00000 0 -15.000 -0.333 -15.000 -0.000 0 NA
130.00 0.06000 130.0 0.00000 0 -15.000 -0.333 -15.000 -0.000 0 NA
135.00 0.06000 135.0 0.00000 0 -15.000 -0.333 -15.000 -0.000 0 NA
140.00 0.06000 140.1 0.00000 0 -15.000 -0.333 -15.000 -0.000 0 NA
145.00 0.06000 145.0 0.00000 0 -15.000 -0.333 -15.000 -0.000 0 NA
150.00 0.06000 150.0 0.00000 0 -15.000 -0.333 -15.000 -0.000 0 NA
155.00 0.06000 155.0 0.00000 0 -15.000 -0.333 -15.000 -0.000 0 NA
160.00 0.06000 160.0 0.00000 0 -15.000 -0.333 -15.000 -0.000 0 NA
165.00 0.06000 165.0 0.00000 0 -15.000 -0.333 -15.000 -0.000 0 NA
170.00 0.06000 170.1 0.00000 0 -15.000 -0.333 -15.000 -0.000 0 NA
175.00 0.06000 175.0 0.00000 0 -15.000 -0.333 -15.000 -0.000 0 NA
180.00 0.06000 180.0 0.00000 0 -15.000 -0.333 -15.000 -0.000 0 NA
185.00 0.06000 185.0 0.00000 0 -15.000 -0.333 -15.000 -0.000 0 NA
190.00 0.06000 190.0 0.00000 0 -15.000 -0.333 -15.000 -0.000 0 NA
195.00 0.06000 195.0 0.00000 0 -15.000 -0.333 -15.000 -0.000 0 NA
200.00 0.06000 200.0 0.00000 0 -15.000 -0.333 -15.000 -0.000 0 NA
205.00 0.06000 205.0 0.00000 0 -15.000 -0.333 -15.000 -0.000 0 NA
210.00 0.06000 210.0 0.00000 0 -15.000 -0.333 -15.000 -0.000 0 NA
215.00 0.06000 215.0 0.00000 0 -15.000 -0.333 -15.000 -0.000 0 NA
220.00 0.06000 220.1 0.00000 0 -15.000 -0.333 -15.000 -0.000 0 NA
225.00 0.06000 225.1 0.00000 0 -15.000 -0.333 -15.000 -0.000 0 NA
230.00 0.06000 230.1 0.00000 0 -15.000 -0.333 -15.000 -0.000 0 NA
235.00 0.06000 235.1 0.00000 0 -15.000 -0.333 -15.000 -0.000 0 NA
240.00 0.06000 240.1 0.00000 0 -15.000 -0.333 -15.000 -0.000 0 NA
245.00 0.06000 245.1 0.00000 0 -15.000 -0.333 -15.000 -0.000 0 NA
250.00 0.06000 250.1 0.00000 0 -15.000 -0.333 -15.000 -0.000 0 NA
255.00 0.06000 255.1 0.00000 0 -15.000 -0.333 -15.000 -0.000 0 NA
260.00 0.06000 260.1 0.00000 0 -15.000 -0.333 -15.000 -0.000 0 NA
265.00 0.06000 265.1 0.00000 0 -15.000 -0.333 -15.000 -0.000 0 NA
270.00 0.06000 270.1 0.00000 0 -15.000 -0.333 -15.000 -0.000 0 NA
275.00 0.06000 275.1 0.00000 0 -15.000 -0.333 -15.000 -0.000 0 NA
280.00 0.06000 280.1 0.00005 0 -15.000 -0.333 -15.000 -0.000 0 NA
285.00 0.06000 285.1 0.00007 0 -15.000 -0.333 -15.000 -0.000 0 NA
290.00 0.06000 290.1 0.00008 0 -15.000 -0.333 -15.000 -0.000 0 NA
295.00 0.06000 295.0 0.00011 0 -15.000 -0.333 -15.000 -0.000 0 NA
300.00 0.06000 300.1 0.00014 0 -15.000 -0.333 -15.000 -0.000 0 NA
305.00 0.06000 305.1 0.00018 0 -15.000 -0.333 -15.000 -0.000 0 NA
310.00 0.06000 310.1 0.00022 0 -15.000 -0.333 -15.000 -0.000 0 NA
315.00 0.06000 315.1 0.00028 0 -15.000 -0.333 -15.000 -0.000 0 NA
320.00 0.06000 320.1 0.00036 0 -15.000 -0.333 -15.000 -0.000 0 NA
325.00 0.06000 325.1 0.00045 0 -15.000 -0.333 -15.000 -0.000 0 NA
330.00 0.06000 330.1 0.00056 0 -15.000 -0.333 -15.000 -0.000 0 NA
335.00 0.06000 335.1 0.00067 0 -15.000 -0.333 -15.000 -0.000 0 NA
340.00 0.06000 340.1 0.00081 0 -15.000 -0.333 -15.000 -0.000 0 NA
345.00 0.06000 345.1 0.00098 0 -15.000 -0.333 -15.000 -0.000 0 NA
350.00 0.06000 350.1 0.00116 0 -15.000 -0.333 -15.000 -0.000 0 NA
355.00 0.06000 355.0 0.00136 0 -15.000 -0.333 -15.000 -0.000 0 NA
360.00 0.06000 360.0 0.00160 0 -15.000 -0.333 -15.000 -0.000 0 NA
365.00 0.06000 365.0 0.00187 0 -15.000 -0.333 -15.000 -0.000 0 NA
370.00 0.06000 370.0 0.00217 0 -15.000 -0.333 -15.000 -0.000 0 NA
375.00 0.06000 375.0 0.00249 0 -15.000 -0.333 -15.000 -0.000 0 NA
380.00 0.06000 380.0 0.00286 0 -15.000 -0.333 -15.000 -0.000 0 NA
385.00 0.06000 385.0 0.00326 0 -15.000 -0.333 -15.000 -0.000 0 NA
390.00 0.06000 390.0 0.00370 0 -15.000 -0.333 -15.000 -0.000 0 NA
395.00 0.06000 395.0 0.00419 0 -15.000 -0.333 -15.000 -0.000 0 NA
400.00 0.06000 400.0 0.00473 0 -15.000 -0.333 -15.000 -0.000 0 NA
405.00 0.06000 405.0 0.00531 0 -15.000 -0.333 -15.000 -0.000 0 NA
410.00 0.06000 410.0 0.00595 0 -15.000 -0.333 -15.000 -0.000 0 NA
415.00 0.06000 415.0 0.00661 0 -15.000 -0.333 -15.000 -0.000 0 NA
420.00 0.05952 420.0 0.00734 0 -15.000 -0.333 -15.000 -0.000 0 NA
425.00 0.05882 425.0 0.00811 0 -15.000 -0.333 -15.000 -0.000 0 NA
430.00 0.05814 430.0 0.00893 0 -15.000 -0.333 -15.000 -0.000 0 NA
435.00 0.05747 435.0 0.00986 0 -15.000 -0.333 -15.000 -0.000 0 NA
440.00 0.05682 440.0 0.01077 0 -15.000 -0.333 -15.000 -0.000 0 NA
445.00 0.05618 445.0 0.01172 0 -15.000 -0.333 -15.000 -0.000 0 NA
450.00 0.05556 450.0 0.01271 0 -15.000 -0.333 -15.000 -0.000 0 NA
455.00 0.05495 455.0 0.01374 0 -15.000 -0.333 -15.000 -0.000 0 NA
460.00 0.05435 460.0 0.01476 0 -15.000 -0.333 -15.000 -0.000 0 NA
465.00 0.05376 465.0 0.01586 0 -15.000 -0.333 -15.000 -0.000 0 NA
470.00 0.05319 470.0 0.01699 0 -15.000 -0.333 -15.000 -0.000 0 NA
475.00 0.05263 475.0 0.01815 0 -15.000 -0.333 -15.000 -0.000 0 NA
480.00 0.05208 480.0 0.01935 0 -15.000 -0.333 -15.000 -0.000 0 NA
485.00 0.05155 485.0 0.02058 0 -15.000 -0.333 -15.000 -0.000 0 NA
490.00 0.05102 490.0 0.02184 0 -15.000 -0.333 -15.000 -0.000 0 NA
495.00 0.05051 495.0 0.02313 0 -15.000 -0.333 -15.000 -0.000 0 NA
500.00 0.05000 500.0 0.02444 0 -15.000 -0.333 -15.000 -0.000 0 NA
505.00 0.04950 505.0 0.02576 0 -15.000 -0.333 -15.000 -0.000 0 NA
510.00 0.04902 510.0 0.02715 0 -15.000 -0.333 -15.000 -0.000 0 NA
515.00 0.04854 515.0 0.02853 0 -15.000 -0.333 -15.000 -0.000 0 NA
520.00 0.04808 520.0 0.02995 0 -15.000 -0.333 -15.000 -0.000 0 NA
525.00 0.04762 525.0 0.03137 0 -15.000 -0.333 -15.000 -0.000 0 NA
530.00 0.04717 530.0 0.03283 0 -15.000 -0.333 -15.000 -0.000 0 NA
535.00 0.04673 535.0 0.03430 0 -15.000 -0.333 -15.000 -0.000 0 NA
540.00 0.04630 540.0 0.03581 0 -15.000 -0.333 -15.000 -0.000 0 NA
545.00 0.04587 545.0 0.03733 0 -15.000 -0.333 -15.000 -0.000 0 NA
550.00 0.04545 550.0 0.03887 0 -15.000 -0.333 -15.000 -0.000 0 NA
555.00 0.04505 555.0 0.04043 0 -15.000 -0.333 -15.000 -0.000 0 NA
560.00 0.04464 553.8 0.04001 1 -15.000 -0.333 -15.000 -0.000 0 NA
0.00 0.06000 0.1 0.00000 0 -18.000 -0.278 -18.000 -0.000 0 NA
5.00 0.06000 5.1 0.00000 0 -18.000 -0.278 -18.000 -0.000 0 NA
10.00 0.06000 10.0 0.00000 0 -18.000 -0.278 -18.000 -0.000 0 NA
15.00 0.06000 15.0 0.00000 0 -18.000 -0.278 -18.000 -0.000 0 NA
20.00 0.06000 20.0 0.00000 0 -18.000 -0.278 -18.000 -0.000 0 NA
25.00 0.06000 25.0 0.00000 0 -18.000 -0.278 -18.000 -0.000 0 NA
30.00 0.06000 30.0 0.00000 0 -18.000 -0.278 -18.000 -0.000 0 NA
35.00 0.06000 35.0 0.00000 0 -18.000 -0.278 -18.000 -0.000 0 NA
40.00 0.06000 40.0 0.00000 0 -18.000 -0.278 -18.000 -0.000 0 NA
45.00 0.06000 45.0 0.00000 0 -18.000 -0.278 -18.000 -0.000 0 NA
50.00 0.06000 50.0 0.00000 0 -18.000 -0.278 -18.000 -0.000 0 NA
55.00 0.06000 55.0 0.00000 0 -18.000 -0.278 -18.000 -0.000 0 NA
60.00 0.06000 60.0 0.00000 0 -18.000 -0.278 -18.000 -0.000 0 NA
65.00 0.06000 65.0 0.00000 0 -18.000 -0.278 -18.000 -0.000 0 NA
70.00 0.06000 70.0 0.00000 0 -18.000 -0.278 -18.000 -0.000 0 NA
75.00 0.06000 75.0 0.00000 0 -18.000 -0.278 -18.000 -0.000 0 NA
80.00 0.06000 80.0 0.00000 0 -18.000 -0.278 -18.000 -0.000 0 NA
85.00 0.06000 85.0 0.00000 0 -18.000 -0.278 -18.000 -0.000 0 NA
90.00 0.06000 90.0 0.00000 0 -18.000 -0.278 -18.000 -0.000 0 NA
95.00 0.06000 95.0 0.00000 0 -18.000 -0.278 -18.000 -0.000 0 NA
100.00 0.06000 100.0 0.00000 0 -18.000 -0.278 -18.000 -0.000 0 NA
105.00 0.06000 105.0 0.00000 0 -18.000 -0.278 -18.000 -0.000 0 NA
110.00 0.06000 110.0 0.00000 0 -18.000 -0.278 -18.000 -0.000 0 NA
115.00 0.06000 115.0 0.00000 0 -18.000 -0.278 -18.000 -0.000 0 NA
120.00 0.06000 120.0 0.00000 0 -18.000 -0.278 -18.000 -0.000 0 NA
125.00 0.06000 125.0 0.00000 0 -18.000 -0.278 -18.000 -0.000 0 NA
130.00 0.06000 130.0 0.00000 0 -18.000 -0.278 -18.000 -0.000 0 NA
135.00 0.06000 135.0 0.00000 0 -18.000 -0.278 -18.000 -0.000 0 NA
140.00 0.06000 140.1 0.00000 0 -18.000 -0.278 -18.000 -0.000 0 NA
145.00 0.06000 145.0 0.00000 0 -18.000 -0.278 -18.000 -0.000 0 NA
150.00 0.06000 150.0 0.00000 0 -18.000 -0.278 -18.000 -0.000 0 NA
155.00 0.06000 155.0 0.00000 0 -18.000 -0.278 -18.000 -0.000 0 NA
160.00 0.06000 160.0 0.00000 0 -18.000 -0.278 -18.000 -0.000 0 NA
165.00 0.06000 165.0 0.00000 0 -18.000 -0.278 -18.000 -0.000 0 NA
170.00 0.06000 170.1 0.00000 0 -18.000 -0.278 -18.000 -0.000 0 NA
175.00 0.06000 175.0 0.00000 0 -18.000 -0.278 -18.000 -0.000 0 NA
180.00 0.06000 180.0 0.00000 0 -18.000 -0.278 -18.000 -0.000 0 NA
185.00 0.06000 185.0 0.00000 0 -18.000 -0.278 -18.000 -0.000 0 NA
190.00 0.06000 190.0 0.00000 0 -18.000 -0.278 -18.000 -0.000 0 NA
195.00 0.06000 195.0 0.00000 0 -18.000 -0.278 -18.000 -0.000 0 NA
200.00 0.06000 200.0 0.00000 0 -18.000 -0.278 -18.000 -0.000 0 NA
205.00 0.06000 205.0 0.00000 0 -18.000 -0.278 -18.000 -0.000 0 NA
210.00 0.06000 210.0 0.00000 0 -18.000 -0.278 -18.000 -0.000 0 NA
215.00 0.06000 215.0 0.00000 0 -18.000 -0.278 -18.000 -0.000 0 NA
220.00 0.06000 220.1 0.00000 0 -18.000 -0.278 -18.000 -0.000 0 NA
225.00 0.06000 225.1 0.00000 0 -18.000 -0.278 -18.000 -0.000 0 NA
230.00 0.06000 230.1 0.00000 0 -18.000 -0.278 -18.000 -0.000 0 NA
235.00 0.06000 235.1 0.00000 0 -18.000 -0.278 -18.000 -0.000 0 NA
240.00 0.06000 240.1 0.00000 0 -18.000 -0.278 -18.000 -0.000 0 NA
245.00 0.06000 245.1 0.00000 0 -18.000 -0.278 -18.000 -0.000 0 NA
250.00 0.06000 250.1 0.00000 0 -18.000 -0.278 -18.000 -0.000 0 NA
255.00 0.06000 255.1 0.00000 0 -18.000 -0.278 -18.000 -0.000 0 NA
260.00 0.06000 260.1 0.00000 0 -18.000 -0.278 -18.000 -0.000 0 NA
265.00 0.06000 265.1 0.00000 0 -18.000 -0.278 -18.000 -0.000 0 NA
270.00 0.06000 270.1 0.00000 0 -18.000 -0.278 -18.000 -0.000 0 NA
275.00 0.06000 275.1 0.00000 0 -18.000 -0.278 -18.000 -0.000 0 NA
280.00 0.06000 280.1 0.00000 0 -18.000 -0.278 -18.000 -0.000 0 NA
285.00 0.06000 285.1 0.00000 0 -18.000 -0.278 -18.000 -0.000 0 NA
290.00 0.06000 290.1 0.00000 0 -18.000 -0.278 -18.000 -0.000 0 NA
295.00 0.06000 295.0 0.00000 0 -18.000 -0.278 -18.000 -0.000 0 NA
300.00 0.06000 300.1 0.00000 0 -18.000 -0.278 -18.000 -0.000 0 NA
305.00 0.06000 305.1 0.00000 0 -18.000 -0.278 -18.000 -0.000 0 NA
310.00 0.06000 310.1 0.00000 0 -18.000 -0.278 -18.000 -0.000 0 NA
315.00 0.06000 315.1 0.00000 0 -18.000 -0.278 -18.000 -0.000 0 NA
320.00 0.06000 320.1 0.00000 0 -18.000 -0.278 -18.000 -0.000 0 NA
325.00 0.06000 325.1 0.00000 0 -18.000 -0.278 -18.000 -0.000 0 NA
330.00 0.06000 330.1 0.00005 0 -18.000 -0.278 -18.000 -0.000 0 NA
335.00 0.06000 335.1 0.00006 0 -18.000 -0.278 -18.000 -0.000 0 NA
340.00 0.06000 340.1 0.00007 0 -18.000 -0.278 -18.000 -0.000 0 NA
345.00 0.06000 345.1 0.00009 0 -18.000 -0.278 -18.000 -0.000 0 NA
350.00 0.06000 350.1 0.00011 0 -18.000 -0.278 -18.000 -0.000 0 NA
355.00 0.06000 355.0 0.00014 0 -18.000 -0.278 -18.000 -0.000 0 NA
360.00 0.06000 360.0 0.00018 0 -18.000 -0.278 -18.000 -0.000 0 NA
365.00 0.06000 365.0 0.00022 0 -18.000 -0.278 -18.000 -0.000 0 NA
370.00 0.06000 370.0 0.00028 0 -18.000 -0.278 -18.000 -0.000 0 NA
375.00 0.06000 375.0 0.00035 0 -18.000 -0.278 -18.000 -0.000 0 NA
380.00 0.06000 380.0 0.00042 0 -18.000 -0.278 -18.000 -0.000 0 NA
385.00 0.06000 385.0 0.00051 0 -18.000 -0.278 -18.000 -0.000 0 NA
390.00 0.06000 390.0 0.00062 0 -18.000 -0.278 -18.000 -0.000 0 NA
395.00 0.06000 395.0 0.00074 0 -18.000 -0.278 -18.000 -0.000 0 NA
400.00 0.06000 400.0 0.00088 0 -18.000 -0.278 -18.000 -0.000 0 NA
405.00 0.06000 405.0 0.00105 0 -18.000 -0.278 -18.000 -0.000 0 NA
410.00 0.06000 410.0 0.00123 0 -18.000 -0.278 -18.000 -0.000 0 NA
415.00 0.06000 415.0 0.00143 0 -18.000 -0.278 -18.000 -0.000 0 NA
420.00 0.05952 420.0 0.00166 0 -18.000 -0.278 -18.000 -0.000 0 NA
425.00 0.05882 425.0 0.00192 0 -18.000 -0.278 -18.000 -0.000 0 NA
430.00 0.05814 430.0 0.00221 0 -18.000 -0.278 -18.000 -0.000 0 NA
435.00 0.05747 435.0 0.00253 0 -18.000 -0.278 -18.000 -0.000 0 NA
440.00 0.05682 440.0 0.00288 0 -18.000 -0.278 -18.000 -0.000 0 NA
445.00 0.05618 445.0 0.00327 0 -18.000 -0.278 -18.000 -0.000 0 NA
450.00 0.05556 450.0 0.00370 0 -18.000 -0.278 -18.000 -0.000 0 NA
455.00 0.05495 455.0 0.00418 0 -18.000 -0.278 -18.000 -0.000 0 NA
460.00 0.05435 460.0 0.00469 0 -18.000 -0.278 -18.000 -0.000 0 NA
465.00 0.05376 465.0 0.00525 0 -18.000 -0.278 -18.000 -0.000 0 NA
470.00 0.05319 470.0 0.00586 0 -18.000 -0.278 -18.000 -0.000 0 NA
475.00 0.05263 475.0 0.00651 0 -18.000 -0.278 -18.000 -0.000 0 NA
480.00 0.05208 480.0 0.00722 0 -18.000 -0.278 -18.000 -0.000 0 NA
485.00 0.05155 485.0 0.00796 0 -18.000 -0.278 -18.000 -0.000 0 NA
490.00 0.05102 490.0 0.00875 0 -18.000 -0.278 -18.000 -0.000 0 NA
495.00 0.05051 495.0 0.00958 0 -18.000 -0.278 -18.000 -0.000 0 NA
500.00 0.05000 500.0 0.01046 0 -18.000 -0.278 -18.000 -0.000 0 NA
505.00 0.04950 505.0 0.01146 0 -18.000 -0.278 -18.000 -0.000 0 NA
510.00 0.04902 510.0 0.01243 0 -18.000 -0.278 -18.000 -0.000 0 NA
515.00 0.04854 515.0 0.01343 0 -18.000 -0.278 -18.000 -0.000 0 NA
520.00 0.04808 520.0 0.01448 0 -18.000 -0.278 -18.000 -0.000 0 NA
525.00 0.04762 525.0 0.01556 0 -18.000 -0.278 -18.000 -0.000 0 NA
530.00 0.04717 530.0 0.01664 0 -18.000 -0.278 -18.000 -0.000 0 NA
535.00 0.04673 535.0 0.01777 0 -18.000 -0.278 -18.000 -0.000 0 NA
540.00 0.04630 540.0 0.01897 0 -18.000 -0.278 -18.000 -0.000 0 NA
545.00 0.04587 545.0 0.02016 0 -18.000 -0.278 -18.000 -0.000 0 NA
550.00 0.04545 550.0 0.02141 0 -18.000 -0.278 -18.000 -0.000 0 NA
555.00 0.04505 555.0 0.02266 0 -18.000 -0.278 -18.000 -0.000 0 NA
560.00 0.04464 560.0 0.02395 0 -18.000 -0.278 -18.000 -0.000 0 NA
565.00 0.04425 565.0 0.02527 0 -18.000 -0.278 -18.000 -0.000 0 NA
570.00 0.04386 570.0 0.02662 0 -18.000 -0.278 -18.000 -0.000 0 NA
575.00 0.04348 575.0 0.02799 0 -18.000 -0.278 -18.000 -0.000 0 NA
580.00 0.04310 580.0 0.02938 0 -18.000 -0.278 -18.000 -0.000 0 NA
0.00 0.06000 0.1 0.00000 0 -21.000 -0.238 -21.000 -0.000 0 NA
5.00 0.06000 5.1 0.00000 0 -21.000 -0.238 -21.000 -0.000 0 NA
10.00 0.06000 10.0 0.00000 0 -21.000 -0.238 -21.000 -0.000 0 NA
15.00 0.06000 15.0 0.00000 0 -21.000 -0.238 -21.000 -0.000 0 NA
20.00 0.06000 20.0 0.00000 0 -21.000 -0.238 -21.000 -0.000 0 NA
25.00 0.06000 25.0 0.00000 0 -21.000 -0.238 -21.000 -0.000 0 NA
30.00 0.06000 30.0 0.00000 0 -21.000 -0.238 -21.000 -0.000 0 NA
35.00 0.06000 35.0 0.00000 0 -21.000 -0.238 -21.000 -0.000 0 NA
40.00 0.06000 40.0 0.00000 0 -21.000 -0.238 -21.000 -0.000 0 NA
45.00 0.06000 45.0 0.00000 0 -21.000 -0.238 -21.000 -0.000 0 NA
50.00 0.06000 50.0 0.00000 0 -21.000 -0.238 -21.000 -0.000 0 NA
55.00 0.06000 55.0 0.00000 0 -21.000 -0.238 -21.000 -0.000 0 NA
60.00 0.06000 60.0 0.00000 0 -21.000 -0.238 -21.000 -0.000 0 NA
65.00 0.06000 65.0 0.00000 0 -21.000 -0.238 -21.000 -0.000 0 NA
70.00 0.06000 70.0 0.00000 0 -21.000 -0.238 -21.000 -0.000 0 NA
75.00 0.06000 75.0 0.00000 0 -21.000 -0.238 -21.000 -0.000 0 NA
80.00 0.06000 80.0 0.00000 0 -21.000 -0.238 -21.000 -0.000 0 NA
85.00 0.06000 85.0 0.00000 0 -21.000 -0.238 -21.000 -0.000 0 NA
90.00 0.06000 90.0 0.00000 0 -21.000 -0.238 -21.000 -0.000 0 NA
95.00 0.06000 95.0 0.00000 0 -21.000 -0.238 -21.000 -0.000 0 NA
100.00 0.06000 100.0 0.00000 0 -21.000 -0.238 -21.000 -0.000 0 NA
105.00 0.06000 105.0 0.00000 0 -21.000 -0.238 -21.000 -0.000 0 NA
110.00 0.06000 110.0 0.00000 0 -21.000 -0.238 -21.000 -0.000 0 NA
115.00 0.06000 115.0 0.00000 0 -21.000 -0.238 -21.000 -0.000 0 NA
120.00 0.06000 120.0 0.00000 0 -21.000 -0.238 -21.000 -0.000 0 NA
125.00 0.06000 125.0 0.00000 0 -21.000 -0.238 -21.000 -0.000 0 NA
130.00 0.06000 130.0 0.00000 0 -21.000 -0.238 -21.000 -0.000 0 NA
135.00 0.06000 135.0 0.00000 0 -21.000 -0.238 -21.000 -0.000 0 NA
140.00 0.06000 140.1 0.00000 0 -21.000 -0.238 -21.000 -0.000 0 NA
145.00 0.06000 145.0 0.00000 0 -21.000 -0.238 -21.000 -0.000 0 NA
150.00 0.06000 150.0 0.00000 0 -21.000 -0.238 -21.000 -0.000 0 NA
155.00 0.06000 155.0 0.00000 0 -21.000 -0.238 -21.000 -0.000 0 NA
160.00 0.06000 160.0 0.00000 0 -21.000 -0.238 -21.000 -0.000 0 NA
165.00 0.06000 165.0 0.00000 0 -21.000 -0.238 -21.000 -0.000 0 NA
170.00 0.06000 170.1 0.00000 0 -21.000 -0.238 -21.000 -0.000 0 NA
175.00 0.06000 175.0 0.00000 0 -21.000 -0.238 -21.000 -0.000 0 NA
180.00 0.06000 180.0 0.00000 0 -21.000 -0.238 -21.000 -0.000 0 NA
185.00 0.06000 185.0 0.00000 0 -21.000 -0.238 -21.000 -0.000 0 NA
190.00 0.06000 190.0 0.00000 0 -21.000 -0.238 -21.000 -0.000 0 NA
195.00 0.06000 195.0 0.00000 0 -21.000 -0.238 -21.000 -0.000 0 NA
200.00 0.06000 200.0 0.00000 0 -21.000 -0.238 -21.000 -0.000 0 NA
205.00 0.06000 205.0 0.00000 0 -21.000 -0.238 -21.000 -0.000 0 NA
210.00 0.06000 210.0 0.00000 0 -21.000 -0.238 -21.000 -0.000 0 NA
215.00 0.06000 215.0 0.00000 0 -21.000 -0.238 -21.000 -0.000 0 NA
220.00 0.06000 220.1 0.00000 0 -21.000 -0.238 -21.000 -0.000 0 NA
225.00 0.06000 225.1 0.00000 0 -21.000 -0.238 -21.000 -0.000 0 NA
230.00 0.06000 230.1 0.00000 0 -21.000 -0.238 -21.000 -0.000 0 NA
235.00 0.06000 235.1 0.00000 0 -21.000 -0.238 -21.000 -0.000 0 NA
240.00 0.06000 240.1 0.00000 0 -21.000 -0.238 -21.000 -0.000 0 NA
245.00 0.06000 245.1 0.00000 0 -21.000 -0.238 -21.000 -0.000 0 NA
250.00 0.06000 250.1 0.00000 0 -21.000 -0.238 -21.000 -0.000 0 NA
255.00 0.06000 255.1 0.00000 0 -21.000 -0.238 -21.000 -0.000 0 NA
260.00 0.06000 260.1 0.00000 0 -21.000 -0.238 -21.000 -0.000 0 NA
265.00 0.06000 265.1 0.00000 0 -21.000 -0.238 -21.000 -0.000 0 NA
270.00 0.06000 270.1 0.00000 0 -21.000 -0.238 -21.000 -0.000 0 NA
275.00 0.06000 275.1 0.00000 0 -21.000 -0.238 -21.000 -0.000 0 NA
280.00 0.06000 280.1 0.00000 0 -21.000 -0.238 -21.000 -0.000 0 NA
285.00 0.06000 285.1 0.00000 0 -21.000 -0.238 -21.000 -0.000 0 NA
290.00 0.06000 290.1 0.00000 0 -21.000 -0.238 -21.000 -0.000 0 NA
295.00 0.06000 295.0 0.00000 0 -21.000 -0.238 -21.000 -0.000 0 NA
300.00 0.06000 300.1 0.00000 0 -21.000 -0.238 -21.000 -0.000 0 NA
305.00 0.06000 305.1 0.00000 0 -21.000 -0.238 -21.000 -0.000 0 NA
310.00 0.06000 310.1 0.00000 0 -21.000 -0.238 -21.000 -0.000 0 NA
315.00 0.06000 315.1 0.00000 0 -21.000 -0.238 -21.000 -0.000 0 NA
320.00 0.06000 320.1 0.00000 0 -21.000 -0.238 -21.000 -0.000 0 NA
325.00 0.06000 325.1 0.00000 0 -21.000 -0.238 -21.000 -0.000 0 NA
330.00 0.06000 330.1 0.00000 0 -21.000 -0.238 -21.000 -0.000 0 NA
335.00 0.06000 335.1 0.00000 0 -21.000 -0.238 -21.000 -0.000 0 NA
340.00 0.06000 340.1 0.00000 0 -21.000 -0.238 -21.000 -0.000 0 NA
345.00 0.06000 345.1 0.00000 0 -21.000 -0.238 -21.000 -0.000 0 NA
350.00 0.06000 350.1 0.00000 0 -21.000 -0.238 -21.000 -0.000 0 NA
355.00 0.06000 355.0 0.00000 0 -21.000 -0.238 -21.000 -0.000 0 NA
360.00 0.06000 360.0 0.00000 0 -21.000 -0.238 -21.000 -0.000 0 NA
365.00 0.06000 365.0 0.00000 0 -21.000 -0.238 -21.000 -0.000 0 NA
370.00 0.06000 370.0 0.00000 0 -21.000 -0.238 -21.000 -0.000 0 NA
375.00 0.06000 375.0 0.00000 0 -21.000 -0.238 -21.000 -0.000 0 NA
380.00 0.06000 380.0 0.00000 0 -21.000 -0.238 -21.000 -0.000 0 NA
385.00 0.06000 385.0 0.00005 0 -21.000 -0.238 -21.000 -0.000 0 NA
390.00 0.06000 390.0 0.00006 0 -21.000 -0.238 -21.000 -0.000 0 NA
395.00 0.06000 395.0 0.00007 0 -21.000 -0.238 -21.000 -0.000 0 NA
400.00 0.06000 400.0 0.00009 0 -21.000 -0.238 -21.000 -0.000 0 NA
405.00 0.06000 405.0 0.00012 0 -21.000 -0.238 -21.000 -0.000 0 NA
410.00 0.06000 410.0 0.00014 0 -21.000 -0.238 -21.000 -0.000 0 NA
415.00 0.06000 415.0 0.00018 0 -21.000 -0.238 -21.000 -0.000 0 NA
420.00 0.05952 420.0 0.00022 0 -21.000 -0.238 -21.000 -0.000 0 NA
425.00 0.05882 425.0 0.00027 0 -21.000 -0.238 -21.000 -0.000 0 NA
430.00 0.05814 430.0 0.00033 0 -21.000 -0.238 -21.000 -0.000 0 NA
435.00 0.05747 435.0 0.00041 0 -21.000 -0.238 -21.000 -0.000 0 NA
440.00 0.05682 440.0 0.00049 0 -21.000 -0.238 -21.000 -0.000 0 NA
445.00 0.05618 445.0 0.00059 0 -21.000 -0.238 -21.000 -0.000 0 NA
450.00 0.05556 450.0 0.00070 0 -21.000 -0.238 -21.000 -0.000 0 NA
455.00 0.05495 455.0 0.00083 0 -21.000 -0.238 -21.000 -0.000 0 NA
460.00 0.05435 460.0 0.00097 0 -21.000 -0.238 -21.000 -0.000 0 NA
465.00 0.05376 465.0 0.00113 0 -21.000 -0.238 -21.000 -0.000 0 NA
470.00 0.05319 470.0 0.00131 0 -21.000 -0.238 -21.000 -0.000 0 NA
475.00 0.05263 475.0 0.00151 0 -21.000 -0.238 -21.000 -0.000 0 NA
480.00 0.05208 480.0 0.00174 0 -21.000 -0.238 -21.000 -0.000 0 NA
485.00 0.05155 485.0 0.00199 0 -21.000 -0.238 -21.000 -0.000 0 NA
490.00 0.05102 490.0 0.00228 0 -21.000 -0.238 -21.000 -0.000 0 NA
495.00 0.05051 495.0 0.00260 0 -21.000 -0.238 -21.000 -0.000 0 NA
500.00 0.05000 500.0 0.00294 0 -21.000 -0.238 -21.000 -0.000 0 NA
505.00 0.04950 505.0 0.00333 0 -21.000 -0.238 -21.000 -0.000 0 NA
510.00 0.04902 510.0 0.00375 0 -21.000 -0.238 -21.000 -0.000 0 NA
515.00 0.04854 515.0 0.00421 0 -21.000 -0.238 -21.000 -0.000 0 NA
520.00 0.04808 520.0 0.00472 0 -21.000 -0.238 -21.000 -0.000 0 NA
525.00 0.04762 525.0 0.00526 0 -21.000 -0.238 -21.000 -0.000 0 NA
530.00 0.04717 530.0 0.00587 0 -21.000 -0.238 -21.000 -0.000 0 NA
535.00 0.04673 535.0 0.00651 0 -21.000 -0.238 -21.000 -0.000 0 NA
540.00 0.04630 540.0 0.00720 0 -21.000 -0.238 -21.000 -0.000 0 NA
545.00 0.04587 545.0 0.00794 0 -21.000 -0.238 -21.000 -0.000 0 NA
550.00 0.04545 550.0 0.00872 0 -21.000 -0.238 -21.000 -0.000 0 NA
555.00 0.04505 555.0 0.00954 0 -21.000 -0.238 -21.000 -0.000 0 NA
560.00 0.04464 560.0 0.01040 0 -21.000 -0.238 -21.000 -0.000 0 NA
565.00 0.04425 565.0 0.01131 0 -21.000 -0.238 -21.000 -0.000 0 NA
570.00 0.04386 570.0 0.01225 0 -21.000 -0.238 -21.000 -0.000 0 NA
575.00 0.04348 575.0 0.01323 0 -21.000 -0.238 -21.000 -0.000 0 NA
580.00 0.04310 580.0 0.01425 0 -21.000 -0.238 -21.000 -0.000 0 NA
0.00 0.06000 0.1 0.00000 0 -24.000 -0.208 -24.000 -0.000 0 NA
5.00 0.06000 5.1 0.00000 0 -24.000 -0.208 -24.000 -0.000 0 NA
10.00 0.06000 10.0 0.00000 0 -24.000 -0.208 -24.000 -0.000 0 NA
15.00 0.06000 15.0 0.00000 0 -24.000 -0.208 -24.000 -0.000 0 NA
20.00 0.06000 20.0 0.00000 0 -24.000 -0.208 -24.000 -0.000 0 NA
25.00 0.06000 25.0 0.00000 0 -24.000 -0.208 -24.000 -0.000 0 NA
30.00 0.06000 30.0 0.00000 0 -24.000 -0.208 -24.000 -0.000 0 NA
35.00 0.06000 35.0 0.00000 0 -24.000 -0.208 -24.000 -0.000 0 NA
40.00 0.06000 40.0 0.00000 0 -24.000 -0.208 -24.000 -0.000 0 NA
45.00 0.06000 45.0 0.00000 0 -24.000 -0.208 -24.000 -0.000 0 NA
50.00 0.06000 50.0 0.00000 0 -24.000 -0.208 -24.000 -0.000 0 NA
55.00 0.06000 55.0 0.00000 0 -24.000 -0.208 -24.000 -0.000 0 NA
60.00 0.06000 60.0 0.00000 0 -24.000 -0.208 -24.000 -0.000 0 NA
65.00 0.06000 65.0 0.00000 0 -24.000 -0.208 -24.000 -0.000 0 NA
70.00 0.06000 70.0 0.00000 0 -24.000 -0.208 -24.000 -0.000 0 NA
75.00 0.06000 75.0 0.00000 0 -24.000 -0.208 -24.000 -0.000 0 NA
80.00 0.06000 80.0 0.00000 0 -24.000 -0.208 -24.000 -0.000 0 NA
85.00 0.06000 85.0 0.00000 0 -24.000 -0.208 -24.000 -0.000 0 NA
90.00 0.06000 90.0 0.00000 0 -24.000 -0.208 -24.000 -0.000 0 NA
95.00 0.06000 95.0 0.00000 0 -24.000 -0.208 -24.000 -0.000 0 NA
100.00 0.06000 100.0 0.00000 0 -24.000 -0.208 -24.000 -0.000 0 NA
105.00 0.06000 105.0 0.00000 0 -24.000 -0.208 -24.000 -0.000 0 NA
110.00 0.06000 110.0 0.00000 0 -24.000 -0.208 -24.000 -0.000 0 NA
115.00 0.06000 115.0 0.00000 0 -24.000 -0.208 -24.000 -0.000 0 NA
120.00 0.06000 120.0 0.00000 0 -24.000 -0.208 -24.000 -0.000 0 NA
125.00 0.06000 125.0 0.00000 0 -24.000 -0.208 -24.000 -0.000 0 NA
130.00 0.06000 130.0 0.00000 0 -24.000 -0.208 -24.000 -0.000 0 NA
135.00 0.06000 135.0 0.00000 0 -24.000 -0.208 -24.000 -0.000 0 NA
140.00 0.06000 140.1 0.00000 0 -24.000 -0.208 -24.000 -0.000 0 NA
145.00 0.06000 145.0 0.00000 0 -24.000 -0.208 -24.000 -0.000 0 NA
150.00 0.06000 150.0 0.00000 0 -24.000 -0.208 -24.000 -0.000 0 NA
155.00 0.06000 155.0 0.00000 0 -24.000 -0.208 -24.000 -0.000 0 NA
160.00 0.06000 160.0 0.00000 0 -24.000 -0.208 -24.000 -0.000 0 NA
165.00 0.06000 165.0 0.00000 0 -24.000 -0.208 -24.000 -0.000 0 NA
170.00 0.06000 170.1 0.00000 0 -24.000 -0.208 -24.000 -0.000 0 NA
175.00 0.06000 175.0 0.00000 0 -24.000 -0.208 -24.000 -0.000 0 NA
180.00 0.06000 180.0 0.00000 0 -24.000 -0.208 -24.000 -0.000 0 NA
185.00 0.06000 185.0 0.00000 0 -24.000 -0.208 -24.000 -0.000 0 NA
190.00 0.06000 190.0 0.00000 0 -24.000 -0.208 -24.000 -0.000 0 NA
195.00 0.06000 195.0 0.00000 0 -24.000 -0.208 -24.000 -0.000 0 NA
200.00 0.06000 200.0 0.00000 0 -24.000 -0.208 -24.000 -0.000 0 NA
205.00 0.06000 205.0 0.00000 0 -24.000 -0.208 -24.000 -0.000 0 NA
210.00 0.06000 210.0 0.00000 0 -24.000 -0.208 -24.000 -0.000 0 NA
215.00 0.06000 215.0 0.00000 0 -24.000 -0.208 -24.000 -0.000 0 NA
220.00 0.06000 220.1 0.00000 0 -24.000 -0.208 -24.000 -0.000 0 NA
225.00 0.06000 225.1 0.00000 0 -24.000 -0.208 -24.000 -0.000 0 NA
230.00 0.06000 230.1 0.00000 0 -24.000 -0.208 -24.000 -0.000 0 NA
235.00 0.06000 235.1 0.00000 0 -24.000 -0.208 -24.000 -0.000 0 NA
240.00 0.06000 240.1 0.00000 0 -24.000 -0.208 -24.000 -0.000 0 NA
245.00 0.06000 245.1 0.00000 0 -24.000 -0.208 -24.000 -0.000 0 NA
250.00 0.06000 250.1 0.00000 0 -24.000 -0.208 -24.000 -0.000 0 NA
255.00 0.06000 255.1 0.00000 0 -24.000 -0.208 -24.000 -0.000 0 NA
260.00 0.06000 260.1 0.00000 0 -24.000 -0.208 -24.000 -0.000 0 NA
265.00 0.06000 265.0 0.00000 0 -24.000 -0.208 -24.000 -0.000 0 NA
270.00 0.06000 270.1 0.00000 0 -24.000 -0.208 -24.000 -0.000 0 NA
275.00 0.06000 275.1 0.00000 0 -24.000 -0.208 -24.000 -0.000 0 NA
280.00 0.06000 280.1 0.00000 0 -24.000 -0.208 -24.000 -0.000 0 NA
285.00 0.06000 285.1 0.00000 0 -24.000 -0.208 -24.000 -0.000 0 NA
290.00 0.06000 290.1 0.00000 0 -24.000 -0.208 -24.000 -0.000 0 NA
295.00 0.06000 295.0 0.00000 0 -24.000 -0.208 -24.000 -0.000 0 NA
300.00 0.06000 300.1 0.00000 0 -24.000 -0.208 -24.000 -0.000 0 NA
305.00 0.06000 305.1 0.00000 0 -24.000 -0.208 -24.000 -0.000 0 NA
310.00 0.06000 310.1 0.00000 0 -24.000 -0.208 -24.000 -0.000 0 NA
315.00 0.06000 315.1 0.00000 0 -24.000 -0.208 -24.000 -0.000 0 NA
320.00 0.06000 320.1 0.00000 0 -24.000 -0.208 -24.000 -0.000 0 NA
325.00 0.06000 325.1 0.00000 0 -24.000 -0.208 -24.000 -0.000 0 NA
330.00 0.06000 330.1 0.00000 0 -24.000 -0.208 -24.000 -0.000 0 NA
335.00 0.06000 335.1 0.00000 0 -24.000 -0.208 -24.000 -0.000 0 NA
340.00 0.06000 340.1 0.00000 0 -24.000 -0.208 -24.000 -0.000 0 NA
345.00 0.06000 345.0 0.00000 0 -24.000 -0.208 -24.000 -0.000 0 NA
350.00 0.06000 350.1 0.00000 0 -24.000 -0.208 -24.000 -0.000 0 NA
355.00 0.06000 355.0 0.00000 0 -24.000 -0.208 -24.000 -0.000 0 NA
360.00 0.06000 360.0 0.00000 0 -24.000 -0.208 -24.000 -0.000 0 NA
365.00 0.06000 365.0 0.00000 0 -24.000 -0.208 -24.000 -0.000 0 NA
370.00 0.06000 370.0 0.00000 0 -24.000 -0.208 -24.000 -0.000 0 NA
375.00 0.06000 375.0 0.00000 0 -24.000 -0.208 -24.000 -0.000 0 NA
380.00 0.06000 380.0 0.00000 0 -24.000 -0.208 -24.000 -0.000 0 NA
385.00 0.06000 385.0 0.00000 0 -24.000 -0.208 -24.000 -0.000 0 NA
390.00 0.06000 390.0 0.00000 0 -24.000 -0.208 -24.000 -0.000 0 NA
395.00 0.06000 395.0 0.00000 0 -24.000 -0.208 -24.000 -0.000 0 NA
400.00 0.06000 400.0 0.00000 0 -24.000 -0.208 -24.000 -0.000 0 NA
405.00 0.06000 405.0 0.00000 0 -24.000 -0.208 -24.000 -0.000 0 NA
410.00 0.06000 410.0 0.00000 0 -24.000 -0.208 -24.000 -0.000 0 NA
415.00 0.06000 415.0 0.00000 0 -24.000 -0.208 -24.000 -0.000 0 NA
420.00 0.05952 420.0 0.00000 0 -24.000 -0.208 -24.000 -0.000 0 NA
425.00 0.05882 425.0 0.00000 0 -24.000 -0.208 -24.000 -0.000 0 NA
430.00 0.05814 430.0 0.00000 0 -24.000 -0.208 -24.000 -0.000 0 NA
435.00 0.05747 435.0 0.00005 0 -24.000 -0.208 -24.000 -0.000 0 NA
440.00 0.05682 440.0 0.00006 0 -24.000 -0.208 -24.000 -0.000 0 NA
445.00 0.05618 445.0 0.00007 0 -24.000 -0.208 -24.000 -0.000 0 NA
450.00 0.05556 450.0 0.00008 0 -24.000 -0.208 -24.000 -0.000 0 NA
455.00 0.05495 455.0 0.00010 0 -24.000 -0.208 -24.000 -0.000 0 NA
460.00 0.05435 460.0 0.00013 0 -24.000 -0.208 -24.000 -0.000 0 NA
465.00 0.05376 465.0 0.00015 0 -24.000 -0.208 -24.000 -0.000 0 NA
470.00 0.05319 470.0 0.00019 0 -24.000 -0.208 -24.000 -0.000 0 NA
475.00 0.05263 475.0 0.00022 0 -24.000 -0.208 -24.000 -0.000 0 NA
480.00 0.05208 480.0 0.00027 0 -24.000 -0.208 -24.000 -0.000 0 NA
485.00 0.05155 485.0 0.00033 0 -24.000 -0.208 -24.000 -0.000 0 NA
490.00 0.05102 490.0 0.00040 0 -24.000 -0.208 -24.000 -0.000 0 NA
495.00 0.05051 495.0 0.00048 0 -24.000 -0.208 -24.000 -0.000 0 NA
500.00 0.05000 500.0 0.00056 0 -24.000 -0.208 -24.000 -0.000 0 NA
505.00 0.04950 505.0 0.00066 0 -24.000 -0.208 -24.000 -0.000 0 NA
510.00 0.04902 510.0 0.00078 0 -24.000 -0.208 -24.000 -0.000 0 NA
515.00 0.04854 515.0 0.00091 0 -24.000 -0.208 -24.000 -0.000 0 NA
520.00 0.04808 520.0 0.00106 0 -24.000 -0.208 -24.000 -0.000 0 NA
525.00 0.04762 525.0 0.00121 0 -24.000 -0.208 -24.000 -0.000 0 NA
530.00 0.04717 530.0 0.00140 0 -24.000 -0.208 -24.000 -0.000 0 NA
535.00 0.04673 535.0 0.00160 0 -24.000 -0.208 -24.000 -0.000 0 NA
540.00 0.04630 540.0 0.00183 0 -24.000 -0.208 -24.000 -0.000 0 NA
545.00 0.04587 545.0 0.00208 0 -24.000 -0.208 -24.000 -0.000 0 NA
550.00 0.04545 550.0 0.00235 0 -24.000 -0.208 -24.000 -0.000 0 NA
555.00 0.04505 555.0 0.00267 0 -24.000 -0.208 -24.000 -0.000 0 NA
560.00 0.04464 560.0 0.00300 0 -24.000 -0.208 -24.000 -0.000 0 NA
565.00 0.04425 565.0 0.00338 0 -24.000 -0.208 -24.000 -0.000 0 NA
570.00 0.04386 570.0 0.00379 0 -24.000 -0.208 -24.000 -0.000 0 NA
575.00 0.04348 575.0 0.00425 0 -24.000 -0.208 -24.000 -0.000 0 NA
580.00 0.04310 580.0 0.00474 0 -24.000 -0.208 -24.000 -0.000 0 NA
