% * Sample: 20B_7
% * Date / time: 2025-03-14 15:57:22.804837
% * R2CONTROL =  NOT SPECIFIED
% Column 1:  PSU1 nominal voltage setting (V)
% Column 2:  PSU1 nominal current setting (A)
% Column 3:  PSU1 voltage measurement (V)
% Column 4:  PSU1 current measurement (I)
% Column 5:  PSU1 limiter flag
% Column 6:  PSU2 nominal voltage setting (V)
% Column 7:  PSU2 nominal current setting (A)
% Column 8:  PSU2 voltage measurement (V)
% Column 9:  PSU2 current measurement (I)
% Column 10: PSU2 limiter flag
% Column 11: Heaterblock temperature (°C)
% * OPERATING POINT AT END OF PREHEAT / IDLE: U1 = 400.0 V  I1 = 0.03001 A  U2 = -9.074 V  I2 = -0.000 A  T = NA °C
0.00 0.06000 0.1 0.00000 0 -0.000 -1.000 -0.641 -0.000 0 NA
5.00 0.06000 5.1 0.00000 0 -0.000 -1.000 -0.488 -0.000 0 NA
10.00 0.06000 10.0 0.00000 0 -0.000 -1.000 -0.328 -0.000 0 NA
15.00 0.06000 15.0 0.00000 0 -0.000 -1.000 -0.253 -0.000 0 NA
20.00 0.06000 20.0 0.00007 0 -0.000 -1.000 -0.173 -0.000 0 NA
25.00 0.06000 25.0 0.00014 0 -0.000 -1.000 -0.136 -0.000 0 NA
30.00 0.06000 30.0 0.00021 0 -0.000 -1.000 -0.096 -0.000 0 NA
35.00 0.06000 35.0 0.00033 0 -0.000 -1.000 -0.070 -0.000 0 NA
40.00 0.06000 40.0 0.00048 0 -0.000 -1.000 -0.057 -0.000 0 NA
45.00 0.06000 45.0 0.00065 0 -0.000 -1.000 -0.000 -0.000 0 NA
50.00 0.06000 50.0 0.00086 0 -0.000 -1.000 -0.000 -0.000 0 NA
55.00 0.06000 55.0 0.00111 0 -0.000 -1.000 -0.000 -0.000 0 NA
60.00 0.06000 60.0 0.00139 0 -0.000 -1.000 -0.000 -0.000 0 NA
65.00 0.06000 65.0 0.00171 0 -0.000 -1.000 -0.000 -0.000 0 NA
70.00 0.06000 70.0 0.00208 0 -0.000 -1.000 -0.000 -0.000 0 NA
75.00 0.06000 75.0 0.00248 0 -0.000 -1.000 -0.000 -0.000 0 NA
80.00 0.06000 80.0 0.00293 0 -0.000 -1.000 -0.000 -0.000 0 NA
85.00 0.06000 85.0 0.00343 0 -0.000 -1.000 -0.000 -0.000 0 NA
90.00 0.06000 90.0 0.00397 0 -0.000 -1.000 -0.000 -0.000 0 NA
95.00 0.06000 95.0 0.00457 0 -0.000 -1.000 -0.000 -0.000 0 NA
100.00 0.06000 100.0 0.00521 0 -0.000 -1.000 -0.000 -0.000 0 NA
105.00 0.06000 105.0 0.00592 0 -0.000 -1.000 -0.000 -0.000 0 NA
110.00 0.06000 110.0 0.00667 0 -0.000 -1.000 -0.000 -0.000 0 NA
115.00 0.06000 115.0 0.00748 0 -0.000 -1.000 -0.000 -0.000 0 NA
120.00 0.06000 120.0 0.00834 0 -0.000 -1.000 -0.000 -0.000 0 NA
125.00 0.06000 125.0 0.00924 0 -0.000 -1.000 -0.000 -0.000 0 NA
130.00 0.06000 130.0 0.01019 0 -0.000 -1.000 -0.000 -0.000 0 NA
135.00 0.06000 135.1 0.01117 0 -0.000 -1.000 -0.000 -0.000 0 NA
140.00 0.06000 140.1 0.01219 0 -0.000 -1.000 -0.000 -0.000 0 NA
145.00 0.06000 145.0 0.01324 0 -0.000 -1.000 -0.000 -0.000 0 NA
150.00 0.06000 150.0 0.01433 0 -0.000 -1.000 -0.000 -0.000 0 NA
155.00 0.06000 155.0 0.01544 0 -0.000 -1.000 -0.000 -0.000 0 NA
160.00 0.06000 160.1 0.01659 0 -0.000 -1.000 -0.000 -0.000 0 NA
165.00 0.06000 165.0 0.01776 0 -0.000 -1.000 -0.000 -0.000 0 NA
170.00 0.06000 170.1 0.01897 0 -0.000 -1.000 -0.000 -0.000 0 NA
175.00 0.06000 175.0 0.02019 0 -0.000 -1.000 -0.000 -0.000 0 NA
180.00 0.06000 180.0 0.02145 0 -0.000 -1.000 -0.000 -0.000 0 NA
185.00 0.06000 185.0 0.02273 0 -0.000 -1.000 -0.000 -0.000 0 NA
190.00 0.06000 190.0 0.02405 0 -0.000 -1.000 -0.000 -0.000 0 NA
195.00 0.06000 195.0 0.02573 0 -0.000 -1.000 -0.000 -0.000 0 NA
200.00 0.06000 200.0 0.02721 0 -0.000 -1.000 -0.000 -0.000 0 NA
205.00 0.06000 205.0 0.02860 0 -0.000 -1.000 -0.000 -0.000 0 NA
210.00 0.06000 210.1 0.03002 0 -0.000 -1.000 -0.000 -0.000 0 NA
215.00 0.06000 215.0 0.03147 0 -0.000 -1.000 -0.000 -0.000 0 NA
220.00 0.06000 220.1 0.03294 0 -0.000 -1.000 -0.000 -0.000 0 NA
225.00 0.06000 225.1 0.03443 0 -0.000 -1.000 -0.000 -0.000 0 NA
230.00 0.06000 230.1 0.03594 0 -0.000 -1.000 -0.000 -0.000 0 NA
235.00 0.06000 235.1 0.03747 0 -0.000 -1.000 -0.000 -0.000 0 NA
240.00 0.06000 240.1 0.03903 0 -0.000 -1.000 -0.000 -0.000 0 NA
245.00 0.06000 245.1 0.04060 0 -0.000 -1.000 -0.000 -0.000 0 NA
250.00 0.06000 250.1 0.04219 0 -0.000 -1.000 -0.000 -0.000 0 NA
255.00 0.06000 255.1 0.04379 0 -0.000 -1.000 -0.000 -0.000 0 NA
260.00 0.06000 260.1 0.04542 0 -0.000 -1.000 -0.000 -0.000 0 NA
265.00 0.06000 265.1 0.04706 0 -0.000 -1.000 -0.000 -0.000 0 NA
270.00 0.06000 270.1 0.04872 0 -0.000 -1.000 -0.000 -0.000 0 NA
275.00 0.06000 275.1 0.05039 0 -0.000 -1.000 -0.000 -0.000 0 NA
280.00 0.06000 280.1 0.05210 0 -0.000 -1.000 -0.000 -0.000 0 NA
285.00 0.06000 285.1 0.05375 0 -0.000 -1.000 -0.000 -0.000 0 NA
290.00 0.06000 290.1 0.05549 0 -0.000 -1.000 -0.000 -0.000 0 NA
295.00 0.06000 295.1 0.05723 0 -0.000 -1.000 -0.000 -0.000 0 NA
300.00 0.06000 300.1 0.05910 0 -0.000 -1.000 -0.000 -0.000 0 NA
305.00 0.06000 305.1 0.06088 1 -0.000 -1.000 -0.000 -0.000 0 NA
0.00 0.06000 0.1 0.00000 0 -3.000 -1.000 -3.000 -0.000 0 NA
5.00 0.06000 5.1 0.00000 0 -3.000 -1.000 -3.000 -0.000 0 NA
10.00 0.06000 10.0 0.00000 0 -3.000 -1.000 -3.000 -0.000 0 NA
15.00 0.06000 15.0 0.00000 0 -3.000 -1.000 -3.000 -0.000 0 NA
20.00 0.06000 20.0 0.00000 0 -3.000 -1.000 -3.000 -0.000 0 NA
25.00 0.06000 25.0 0.00000 0 -3.000 -1.000 -3.000 -0.000 0 NA
30.00 0.06000 30.0 0.00000 0 -3.000 -1.000 -3.000 -0.000 0 NA
35.00 0.06000 35.0 0.00000 0 -3.000 -1.000 -3.000 -0.000 0 NA
40.00 0.06000 40.0 0.00000 0 -3.000 -1.000 -3.000 -0.000 0 NA
45.00 0.06000 45.0 0.00000 0 -3.000 -1.000 -3.000 -0.000 0 NA
50.00 0.06000 50.0 0.00000 0 -3.000 -1.000 -3.000 -0.000 0 NA
55.00 0.06000 55.0 0.00000 0 -3.000 -1.000 -3.000 -0.000 0 NA
60.00 0.06000 60.0 0.00000 0 -3.000 -1.000 -3.000 -0.000 0 NA
65.00 0.06000 65.0 0.00000 0 -3.000 -1.000 -3.000 -0.000 0 NA
70.00 0.06000 70.0 0.00006 0 -3.000 -1.000 -3.000 -0.000 0 NA
75.00 0.06000 75.0 0.00008 0 -3.000 -1.000 -3.000 -0.000 0 NA
80.00 0.06000 80.0 0.00013 0 -3.000 -1.000 -3.000 -0.000 0 NA
85.00 0.06000 85.0 0.00019 0 -3.000 -1.000 -3.000 -0.000 0 NA
90.00 0.06000 90.0 0.00027 0 -3.000 -1.000 -3.000 -0.000 0 NA
95.00 0.06000 95.0 0.00037 0 -3.000 -1.000 -3.000 -0.000 0 NA
100.00 0.06000 100.0 0.00051 0 -3.000 -1.000 -3.000 -0.000 0 NA
105.00 0.06000 105.0 0.00067 0 -3.000 -1.000 -3.000 -0.000 0 NA
110.00 0.06000 110.0 0.00086 0 -3.000 -1.000 -3.000 -0.000 0 NA
115.00 0.06000 115.0 0.00109 0 -3.000 -1.000 -3.000 -0.000 0 NA
120.00 0.06000 120.0 0.00135 0 -3.000 -1.000 -3.000 -0.000 0 NA
125.00 0.06000 125.0 0.00165 0 -3.000 -1.000 -3.000 -0.000 0 NA
130.00 0.06000 130.0 0.00198 0 -3.000 -1.000 -3.000 -0.000 0 NA
135.00 0.06000 135.1 0.00237 0 -3.000 -1.000 -3.000 -0.000 0 NA
140.00 0.06000 140.1 0.00279 0 -3.000 -1.000 -3.000 -0.000 0 NA
145.00 0.06000 145.0 0.00326 0 -3.000 -1.000 -3.000 -0.000 0 NA
150.00 0.06000 150.0 0.00378 0 -3.000 -1.000 -3.000 -0.000 0 NA
155.00 0.06000 155.0 0.00435 0 -3.000 -1.000 -3.000 -0.000 0 NA
160.00 0.06000 160.1 0.00497 0 -3.000 -1.000 -3.000 -0.000 0 NA
165.00 0.06000 165.0 0.00566 0 -3.000 -1.000 -3.000 -0.000 0 NA
170.00 0.06000 170.1 0.00639 0 -3.000 -1.000 -3.000 -0.000 0 NA
175.00 0.06000 175.0 0.00717 0 -3.000 -1.000 -3.000 -0.000 0 NA
180.00 0.06000 180.0 0.00802 0 -3.000 -1.000 -3.000 -0.000 0 NA
185.00 0.06000 185.0 0.00889 0 -3.000 -1.000 -3.000 -0.000 0 NA
190.00 0.06000 190.0 0.00982 0 -3.000 -1.000 -3.000 -0.000 0 NA
195.00 0.06000 195.0 0.01078 0 -3.000 -1.000 -3.000 -0.000 0 NA
200.00 0.06000 200.0 0.01178 0 -3.000 -1.000 -3.000 -0.000 0 NA
205.00 0.06000 205.0 0.01283 0 -3.000 -1.000 -3.000 -0.000 0 NA
210.00 0.06000 210.1 0.01391 0 -3.000 -1.000 -3.000 -0.000 0 NA
215.00 0.06000 215.0 0.01501 0 -3.000 -1.000 -3.000 -0.000 0 NA
220.00 0.06000 220.1 0.01615 0 -3.000 -1.000 -3.000 -0.000 0 NA
225.00 0.06000 225.1 0.01731 0 -3.000 -1.000 -3.000 -0.000 0 NA
230.00 0.06000 230.1 0.01852 0 -3.000 -1.000 -3.000 -0.000 0 NA
235.00 0.06000 235.1 0.01974 0 -3.000 -1.000 -3.000 -0.000 0 NA
240.00 0.06000 240.1 0.02100 0 -3.000 -1.000 -3.000 -0.000 0 NA
245.00 0.06000 245.1 0.02227 0 -3.000 -1.000 -3.000 -0.000 0 NA
250.00 0.06000 250.1 0.02357 0 -3.000 -1.000 -3.000 -0.000 0 NA
255.00 0.06000 255.1 0.02490 0 -3.000 -1.000 -3.000 -0.000 0 NA
260.00 0.06000 260.1 0.02626 0 -3.000 -1.000 -3.000 -0.000 0 NA
265.00 0.06000 265.1 0.02763 0 -3.000 -1.000 -3.000 -0.000 0 NA
270.00 0.06000 270.1 0.02903 0 -3.000 -1.000 -3.000 -0.000 0 NA
275.00 0.06000 275.1 0.03045 0 -3.000 -1.000 -3.000 -0.000 0 NA
280.00 0.06000 280.1 0.03191 0 -3.000 -1.000 -3.000 -0.000 0 NA
285.00 0.06000 285.1 0.03336 0 -3.000 -1.000 -3.000 -0.000 0 NA
290.00 0.06000 290.1 0.03487 0 -3.000 -1.000 -3.000 -0.000 0 NA
295.00 0.06000 295.1 0.03638 0 -3.000 -1.000 -3.000 -0.000 0 NA
300.00 0.06000 300.1 0.03790 0 -3.000 -1.000 -3.000 -0.000 0 NA
305.00 0.06000 305.1 0.03946 0 -3.000 -1.000 -3.000 -0.000 0 NA
310.00 0.06000 310.1 0.04102 0 -3.000 -1.000 -3.000 -0.000 0 NA
315.00 0.06000 315.1 0.04260 0 -3.000 -1.000 -3.000 -0.000 0 NA
320.00 0.06000 320.1 0.04422 0 -3.000 -1.000 -3.000 -0.000 0 NA
325.00 0.06000 325.1 0.04584 0 -3.000 -1.000 -3.000 -0.000 0 NA
330.00 0.06000 330.1 0.04748 0 -3.000 -1.000 -3.000 -0.000 0 NA
335.00 0.06000 335.1 0.04913 0 -3.000 -1.000 -3.000 -0.000 0 NA
340.00 0.06000 340.1 0.05081 0 -3.000 -1.000 -3.000 -0.000 0 NA
345.00 0.06000 345.1 0.05250 0 -3.000 -1.000 -3.000 -0.000 0 NA
350.00 0.06000 350.1 0.05421 0 -3.000 -1.000 -3.000 -0.000 0 NA
355.00 0.06000 355.0 0.05593 0 -3.000 -1.000 -3.000 -0.000 0 NA
360.00 0.06000 360.0 0.05770 0 -3.000 -1.000 -3.000 -0.000 0 NA
365.00 0.06000 365.0 0.05945 0 -3.000 -1.000 -3.000 -0.000 0 NA
370.00 0.06000 370.0 0.06122 1 -3.000 -1.000 -3.000 -0.000 0 NA
0.00 0.06000 0.1 0.00000 0 -6.000 -0.833 -6.000 -0.000 0 NA
5.00 0.06000 5.1 0.00000 0 -6.000 -0.833 -6.000 -0.000 0 NA
10.00 0.06000 10.0 0.00000 0 -6.000 -0.833 -6.000 -0.000 0 NA
15.00 0.06000 15.0 0.00000 0 -6.000 -0.833 -6.000 -0.000 0 NA
20.00 0.06000 20.0 0.00000 0 -6.000 -0.833 -6.000 -0.000 0 NA
25.00 0.06000 25.0 0.00000 0 -6.000 -0.833 -6.000 -0.000 0 NA
30.00 0.06000 30.0 0.00000 0 -6.000 -0.833 -6.000 -0.000 0 NA
35.00 0.06000 35.0 0.00000 0 -6.000 -0.833 -6.000 -0.000 0 NA
40.00 0.06000 40.0 0.00000 0 -6.000 -0.833 -6.000 -0.000 0 NA
45.00 0.06000 45.0 0.00000 0 -6.000 -0.833 -6.000 -0.000 0 NA
50.00 0.06000 50.0 0.00000 0 -6.000 -0.833 -6.000 -0.000 0 NA
55.00 0.06000 55.0 0.00000 0 -6.000 -0.833 -6.000 -0.000 0 NA
60.00 0.06000 60.0 0.00000 0 -6.000 -0.833 -6.000 -0.000 0 NA
65.00 0.06000 65.0 0.00000 0 -6.000 -0.833 -6.000 -0.000 0 NA
70.00 0.06000 70.0 0.00000 0 -6.000 -0.833 -6.000 -0.000 0 NA
75.00 0.06000 75.0 0.00000 0 -6.000 -0.833 -6.000 -0.000 0 NA
80.00 0.06000 80.0 0.00000 0 -6.000 -0.833 -6.000 -0.000 0 NA
85.00 0.06000 85.0 0.00000 0 -6.000 -0.833 -6.000 -0.000 0 NA
90.00 0.06000 90.0 0.00000 0 -6.000 -0.833 -6.000 -0.000 0 NA
95.00 0.06000 95.0 0.00000 0 -6.000 -0.833 -6.000 -0.000 0 NA
100.00 0.06000 100.0 0.00000 0 -6.000 -0.833 -6.000 -0.000 0 NA
105.00 0.06000 105.0 0.00000 0 -6.000 -0.833 -6.000 -0.000 0 NA
110.00 0.06000 110.0 0.00000 0 -6.000 -0.833 -6.000 -0.000 0 NA
115.00 0.06000 115.0 0.00000 0 -6.000 -0.833 -6.000 -0.000 0 NA
120.00 0.06000 120.0 0.00000 0 -6.000 -0.833 -6.000 -0.000 0 NA
125.00 0.06000 125.0 0.00005 0 -6.000 -0.833 -6.000 -0.000 0 NA
130.00 0.06000 130.0 0.00007 0 -6.000 -0.833 -6.000 -0.000 0 NA
135.00 0.06000 135.1 0.00011 0 -6.000 -0.833 -6.000 -0.000 0 NA
140.00 0.06000 140.1 0.00015 0 -6.000 -0.833 -6.000 -0.000 0 NA
145.00 0.06000 145.0 0.00021 0 -6.000 -0.833 -6.000 -0.000 0 NA
150.00 0.06000 150.0 0.00030 0 -6.000 -0.833 -6.000 -0.000 0 NA
155.00 0.06000 155.0 0.00041 0 -6.000 -0.833 -6.000 -0.000 0 NA
160.00 0.06000 160.1 0.00054 0 -6.000 -0.833 -6.000 -0.000 0 NA
165.00 0.06000 165.0 0.00069 0 -6.000 -0.833 -6.000 -0.000 0 NA
170.00 0.06000 170.1 0.00087 0 -6.000 -0.833 -6.000 -0.000 0 NA
175.00 0.06000 175.0 0.00108 0 -6.000 -0.833 -6.000 -0.000 0 NA
180.00 0.06000 180.0 0.00134 0 -6.000 -0.833 -6.000 -0.000 0 NA
185.00 0.06000 185.0 0.00162 0 -6.000 -0.833 -6.000 -0.000 0 NA
190.00 0.06000 190.0 0.00193 0 -6.000 -0.833 -6.000 -0.000 0 NA
195.00 0.06000 195.0 0.00229 0 -6.000 -0.833 -6.000 -0.000 0 NA
200.00 0.06000 200.0 0.00269 0 -6.000 -0.833 -6.000 -0.000 0 NA
205.00 0.06000 205.0 0.00312 0 -6.000 -0.833 -6.000 -0.000 0 NA
210.00 0.06000 210.1 0.00362 0 -6.000 -0.833 -6.000 -0.000 0 NA
215.00 0.06000 215.0 0.00416 0 -6.000 -0.833 -6.000 -0.000 0 NA
220.00 0.06000 220.1 0.00475 0 -6.000 -0.833 -6.000 -0.000 0 NA
225.00 0.06000 225.1 0.00540 0 -6.000 -0.833 -6.000 -0.000 0 NA
230.00 0.06000 230.1 0.00610 0 -6.000 -0.833 -6.000 -0.000 0 NA
235.00 0.06000 235.1 0.00687 0 -6.000 -0.833 -6.000 -0.000 0 NA
240.00 0.06000 240.1 0.00766 0 -6.000 -0.833 -6.000 -0.000 0 NA
245.00 0.06000 245.1 0.00852 0 -6.000 -0.833 -6.000 -0.000 0 NA
250.00 0.06000 250.1 0.00943 0 -6.000 -0.833 -6.000 -0.000 0 NA
255.00 0.06000 255.1 0.01036 0 -6.000 -0.833 -6.000 -0.000 0 NA
260.00 0.06000 260.1 0.01134 0 -6.000 -0.833 -6.000 -0.000 0 NA
265.00 0.06000 265.1 0.01235 0 -6.000 -0.833 -6.000 -0.000 0 NA
270.00 0.06000 270.1 0.01340 0 -6.000 -0.833 -6.000 -0.000 0 NA
275.00 0.06000 275.1 0.01448 0 -6.000 -0.833 -6.000 -0.000 0 NA
280.00 0.06000 280.1 0.01560 0 -6.000 -0.833 -6.000 -0.000 0 NA
285.00 0.06000 285.1 0.01674 0 -6.000 -0.833 -6.000 -0.000 0 NA
290.00 0.06000 290.1 0.01791 0 -6.000 -0.833 -6.000 -0.000 0 NA
295.00 0.06000 295.1 0.01912 0 -6.000 -0.833 -6.000 -0.000 0 NA
300.00 0.06000 300.1 0.02035 0 -6.000 -0.833 -6.000 -0.000 0 NA
305.00 0.06000 305.1 0.02161 0 -6.000 -0.833 -6.000 -0.000 0 NA
310.00 0.06000 310.1 0.02291 0 -6.000 -0.833 -6.000 -0.000 0 NA
315.00 0.06000 315.1 0.02421 0 -6.000 -0.833 -6.000 -0.000 0 NA
320.00 0.06000 320.1 0.02555 0 -6.000 -0.833 -6.000 -0.000 0 NA
325.00 0.06000 325.1 0.02690 0 -6.000 -0.833 -6.000 -0.000 0 NA
330.00 0.06000 330.1 0.02829 0 -6.000 -0.833 -6.000 -0.000 0 NA
335.00 0.06000 335.1 0.02970 0 -6.000 -0.833 -6.000 -0.000 0 NA
340.00 0.06000 340.1 0.03113 0 -6.000 -0.833 -6.000 -0.000 0 NA
345.00 0.06000 345.1 0.03258 0 -6.000 -0.833 -6.000 -0.000 0 NA
350.00 0.06000 350.1 0.03405 0 -6.000 -0.833 -6.000 -0.000 0 NA
355.00 0.06000 355.0 0.03554 0 -6.000 -0.833 -6.000 -0.000 0 NA
360.00 0.06000 360.0 0.03705 0 -6.000 -0.833 -6.000 -0.000 0 NA
365.00 0.06000 365.0 0.03859 0 -6.000 -0.833 -6.000 -0.000 0 NA
370.00 0.06000 370.0 0.04014 0 -6.000 -0.833 -6.000 -0.000 0 NA
375.00 0.06000 375.0 0.04171 0 -6.000 -0.833 -6.000 -0.000 0 NA
380.00 0.06000 380.0 0.04329 0 -6.000 -0.833 -6.000 -0.000 0 NA
385.00 0.06000 385.0 0.04490 0 -6.000 -0.833 -6.000 -0.000 0 NA
390.00 0.06000 390.0 0.04653 0 -6.000 -0.833 -6.000 -0.000 0 NA
395.00 0.06000 395.0 0.04818 0 -6.000 -0.833 -6.000 -0.000 0 NA
400.00 0.06000 400.0 0.04984 0 -6.000 -0.833 -6.000 -0.000 0 NA
405.00 0.06000 405.0 0.05150 0 -6.000 -0.833 -6.000 -0.000 0 NA
410.00 0.06000 410.0 0.05319 0 -6.000 -0.833 -6.000 -0.000 0 NA
415.00 0.06000 415.0 0.05490 0 -6.000 -0.833 -6.000 -0.000 0 NA
420.00 0.05952 420.0 0.05663 0 -6.000 -0.833 -6.000 -0.000 0 NA
425.00 0.05882 425.0 0.05836 0 -6.000 -0.833 -6.000 -0.000 0 NA
430.00 0.05814 430.0 0.06012 1 -6.000 -0.833 -6.000 -0.000 0 NA
0.00 0.06000 0.1 0.00000 0 -9.000 -0.556 -9.000 -0.000 0 NA
5.00 0.06000 5.1 0.00000 0 -9.000 -0.556 -9.000 -0.000 0 NA
10.00 0.06000 10.0 0.00000 0 -9.000 -0.556 -9.000 -0.000 0 NA
15.00 0.06000 15.0 0.00000 0 -9.000 -0.556 -9.000 -0.000 0 NA
20.00 0.06000 20.0 0.00000 0 -9.000 -0.556 -9.000 -0.000 0 NA
25.00 0.06000 25.0 0.00000 0 -9.000 -0.556 -9.000 -0.000 0 NA
30.00 0.06000 30.0 0.00000 0 -9.000 -0.556 -9.000 -0.000 0 NA
35.00 0.06000 35.0 0.00000 0 -9.000 -0.556 -9.000 -0.000 0 NA
40.00 0.06000 40.0 0.00000 0 -9.000 -0.556 -9.000 -0.000 0 NA
45.00 0.06000 45.0 0.00000 0 -9.000 -0.556 -9.000 -0.000 0 NA
50.00 0.06000 50.0 0.00000 0 -9.000 -0.556 -9.000 -0.000 0 NA
55.00 0.06000 55.0 0.00000 0 -9.000 -0.556 -9.000 -0.000 0 NA
60.00 0.06000 60.0 0.00000 0 -9.000 -0.556 -9.000 -0.000 0 NA
65.00 0.06000 65.0 0.00000 0 -9.000 -0.556 -9.000 -0.000 0 NA
70.00 0.06000 70.0 0.00000 0 -9.000 -0.556 -9.000 -0.000 0 NA
75.00 0.06000 75.0 0.00000 0 -9.000 -0.556 -9.000 -0.000 0 NA
80.00 0.06000 80.0 0.00000 0 -9.000 -0.556 -9.000 -0.000 0 NA
85.00 0.06000 85.0 0.00000 0 -9.000 -0.556 -9.000 -0.000 0 NA
90.00 0.06000 90.0 0.00000 0 -9.000 -0.556 -9.000 -0.000 0 NA
95.00 0.06000 95.0 0.00000 0 -9.000 -0.556 -9.000 -0.000 0 NA
100.00 0.06000 100.0 0.00000 0 -9.000 -0.556 -9.000 -0.000 0 NA
105.00 0.06000 105.0 0.00000 0 -9.000 -0.556 -9.000 -0.000 0 NA
110.00 0.06000 110.0 0.00000 0 -9.000 -0.556 -9.000 -0.000 0 NA
115.00 0.06000 115.0 0.00000 0 -9.000 -0.556 -9.000 -0.000 0 NA
120.00 0.06000 120.0 0.00000 0 -9.000 -0.556 -9.000 -0.000 0 NA
125.00 0.06000 125.0 0.00000 0 -9.000 -0.556 -9.000 -0.000 0 NA
130.00 0.06000 130.0 0.00000 0 -9.000 -0.556 -9.000 -0.000 0 NA
135.00 0.06000 135.1 0.00000 0 -9.000 -0.556 -9.000 -0.000 0 NA
140.00 0.06000 140.1 0.00000 0 -9.000 -0.556 -9.000 -0.000 0 NA
145.00 0.06000 145.0 0.00000 0 -9.000 -0.556 -9.000 -0.000 0 NA
150.00 0.06000 150.0 0.00000 0 -9.000 -0.556 -9.000 -0.000 0 NA
155.00 0.06000 155.0 0.00000 0 -9.000 -0.556 -9.000 -0.000 0 NA
160.00 0.06000 160.1 0.00000 0 -9.000 -0.556 -9.000 -0.000 0 NA
165.00 0.06000 165.0 0.00000 0 -9.000 -0.556 -9.000 -0.000 0 NA
170.00 0.06000 170.1 0.00000 0 -9.000 -0.556 -9.000 -0.000 0 NA
175.00 0.06000 175.0 0.00000 0 -9.000 -0.556 -9.000 -0.000 0 NA
180.00 0.06000 180.0 0.00005 0 -9.000 -0.556 -9.000 -0.000 0 NA
185.00 0.06000 185.0 0.00007 0 -9.000 -0.556 -9.000 -0.000 0 NA
190.00 0.06000 190.0 0.00009 0 -9.000 -0.556 -9.000 -0.000 0 NA
195.00 0.06000 195.0 0.00013 0 -9.000 -0.556 -9.000 -0.000 0 NA
200.00 0.06000 200.0 0.00018 0 -9.000 -0.556 -9.000 -0.000 0 NA
205.00 0.06000 205.0 0.00025 0 -9.000 -0.556 -9.000 -0.000 0 NA
210.00 0.06000 210.1 0.00034 0 -9.000 -0.556 -9.000 -0.000 0 NA
215.00 0.06000 215.0 0.00044 0 -9.000 -0.556 -9.000 -0.000 0 NA
220.00 0.06000 220.1 0.00056 0 -9.000 -0.556 -9.000 -0.000 0 NA
225.00 0.06000 225.1 0.00071 0 -9.000 -0.556 -9.000 -0.000 0 NA
230.00 0.06000 230.1 0.00089 0 -9.000 -0.556 -9.000 -0.000 0 NA
235.00 0.06000 235.1 0.00110 0 -9.000 -0.556 -9.000 -0.000 0 NA
240.00 0.06000 240.1 0.00133 0 -9.000 -0.556 -9.000 -0.000 0 NA
245.00 0.06000 245.1 0.00160 0 -9.000 -0.556 -9.000 -0.000 0 NA
250.00 0.06000 250.1 0.00190 0 -9.000 -0.556 -9.000 -0.000 0 NA
255.00 0.06000 255.1 0.00224 0 -9.000 -0.556 -9.000 -0.000 0 NA
260.00 0.06000 260.1 0.00262 0 -9.000 -0.556 -9.000 -0.000 0 NA
265.00 0.06000 265.1 0.00304 0 -9.000 -0.556 -9.000 -0.000 0 NA
270.00 0.06000 270.1 0.00350 0 -9.000 -0.556 -9.000 -0.000 0 NA
275.00 0.06000 275.1 0.00402 0 -9.000 -0.556 -9.000 -0.000 0 NA
280.00 0.06000 280.1 0.00459 0 -9.000 -0.556 -9.000 -0.000 0 NA
285.00 0.06000 285.1 0.00521 0 -9.000 -0.556 -9.000 -0.000 0 NA
290.00 0.06000 290.1 0.00589 0 -9.000 -0.556 -9.000 -0.000 0 NA
295.00 0.06000 295.1 0.00660 0 -9.000 -0.556 -9.000 -0.000 0 NA
300.00 0.06000 300.1 0.00738 0 -9.000 -0.556 -9.000 -0.000 0 NA
305.00 0.06000 305.1 0.00820 0 -9.000 -0.556 -9.000 -0.000 0 NA
310.00 0.06000 310.1 0.00907 0 -9.000 -0.556 -9.000 -0.000 0 NA
315.00 0.06000 315.1 0.00997 0 -9.000 -0.556 -9.000 -0.000 0 NA
320.00 0.06000 320.1 0.01092 0 -9.000 -0.556 -9.000 -0.000 0 NA
325.00 0.06000 325.1 0.01191 0 -9.000 -0.556 -9.000 -0.000 0 NA
330.00 0.06000 330.1 0.01292 0 -9.000 -0.556 -9.000 -0.000 0 NA
335.00 0.06000 335.1 0.01398 0 -9.000 -0.556 -9.000 -0.000 0 NA
340.00 0.06000 340.1 0.01507 0 -9.000 -0.556 -9.000 -0.000 0 NA
345.00 0.06000 345.1 0.01619 0 -9.000 -0.556 -9.000 -0.000 0 NA
350.00 0.06000 350.1 0.01734 0 -9.000 -0.556 -9.000 -0.000 0 NA
355.00 0.06000 355.0 0.01852 0 -9.000 -0.556 -9.000 -0.000 0 NA
360.00 0.06000 360.0 0.01974 0 -9.000 -0.556 -9.000 -0.000 0 NA
365.00 0.06000 365.0 0.02098 0 -9.000 -0.556 -9.000 -0.000 0 NA
370.00 0.06000 370.0 0.02224 0 -9.000 -0.556 -9.000 -0.000 0 NA
375.00 0.06000 375.0 0.02353 0 -9.000 -0.556 -9.000 -0.000 0 NA
380.00 0.06000 380.0 0.02485 0 -9.000 -0.556 -9.000 -0.000 0 NA
385.00 0.06000 385.0 0.02619 0 -9.000 -0.556 -9.000 -0.000 0 NA
390.00 0.06000 390.0 0.02756 0 -9.000 -0.556 -9.000 -0.000 0 NA
395.00 0.06000 395.0 0.02895 0 -9.000 -0.556 -9.000 -0.000 0 NA
400.00 0.06000 400.0 0.03036 0 -9.000 -0.556 -9.000 -0.000 0 NA
405.00 0.06000 405.0 0.03179 0 -9.000 -0.556 -9.000 -0.000 0 NA
410.00 0.06000 410.0 0.03324 0 -9.000 -0.556 -9.000 -0.000 0 NA
415.00 0.06000 415.0 0.03471 0 -9.000 -0.556 -9.000 -0.000 0 NA
420.00 0.05952 420.0 0.03621 0 -9.000 -0.556 -9.000 -0.000 0 NA
425.00 0.05882 425.0 0.03773 0 -9.000 -0.556 -9.000 -0.000 0 NA
430.00 0.05814 430.0 0.03926 0 -9.000 -0.556 -9.000 -0.000 0 NA
435.00 0.05747 435.0 0.04082 0 -9.000 -0.556 -9.000 -0.000 0 NA
440.00 0.05682 440.0 0.04239 0 -9.000 -0.556 -9.000 -0.000 0 NA
445.00 0.05618 445.0 0.04399 0 -9.000 -0.556 -9.000 -0.000 0 NA
450.00 0.05556 450.0 0.04560 0 -9.000 -0.556 -9.000 -0.000 0 NA
455.00 0.05495 455.0 0.04723 0 -9.000 -0.556 -9.000 -0.000 0 NA
460.00 0.05435 460.0 0.04888 0 -9.000 -0.556 -9.000 -0.000 0 NA
465.00 0.05376 465.0 0.05053 0 -9.000 -0.556 -9.000 -0.000 0 NA
470.00 0.05319 470.0 0.05221 0 -9.000 -0.556 -9.000 -0.000 0 NA
475.00 0.05263 475.0 0.05390 1 -9.000 -0.556 -9.000 -0.000 0 NA
0.00 0.06000 0.1 0.00000 0 -12.000 -0.417 -12.000 -0.000 0 NA
5.00 0.06000 5.1 0.00000 0 -12.000 -0.417 -12.000 -0.000 0 NA
10.00 0.06000 10.0 0.00000 0 -12.000 -0.417 -12.000 -0.000 0 NA
15.00 0.06000 15.0 0.00000 0 -12.000 -0.417 -12.000 -0.000 0 NA
20.00 0.06000 20.0 0.00000 0 -12.000 -0.417 -12.000 -0.000 0 NA
25.00 0.06000 25.0 0.00000 0 -12.000 -0.417 -12.000 -0.000 0 NA
30.00 0.06000 30.0 0.00000 0 -12.000 -0.417 -12.000 -0.000 0 NA
35.00 0.06000 35.0 0.00000 0 -12.000 -0.417 -12.000 -0.000 0 NA
40.00 0.06000 40.0 0.00000 0 -12.000 -0.417 -12.000 -0.000 0 NA
45.00 0.06000 45.0 0.00000 0 -12.000 -0.417 -12.000 -0.000 0 NA
50.00 0.06000 50.0 0.00000 0 -12.000 -0.417 -12.000 -0.000 0 NA
55.00 0.06000 55.0 0.00000 0 -12.000 -0.417 -12.000 -0.000 0 NA
60.00 0.06000 60.0 0.00000 0 -12.000 -0.417 -12.000 -0.000 0 NA
65.00 0.06000 65.0 0.00000 0 -12.000 -0.417 -12.000 -0.000 0 NA
70.00 0.06000 70.0 0.00000 0 -12.000 -0.417 -12.000 -0.000 0 NA
75.00 0.06000 75.0 0.00000 0 -12.000 -0.417 -12.000 -0.000 0 NA
80.00 0.06000 80.0 0.00000 0 -12.000 -0.417 -12.000 -0.000 0 NA
85.00 0.06000 85.0 0.00000 0 -12.000 -0.417 -12.000 -0.000 0 NA
90.00 0.06000 90.0 0.00000 0 -12.000 -0.417 -12.000 -0.000 0 NA
95.00 0.06000 95.0 0.00000 0 -12.000 -0.417 -12.000 -0.000 0 NA
100.00 0.06000 100.0 0.00000 0 -12.000 -0.417 -12.000 -0.000 0 NA
105.00 0.06000 105.0 0.00000 0 -12.000 -0.417 -12.000 -0.000 0 NA
110.00 0.06000 110.0 0.00000 0 -12.000 -0.417 -12.000 -0.000 0 NA
115.00 0.06000 115.0 0.00000 0 -12.000 -0.417 -12.000 -0.000 0 NA
120.00 0.06000 120.0 0.00000 0 -12.000 -0.417 -12.000 -0.000 0 NA
125.00 0.06000 125.0 0.00000 0 -12.000 -0.417 -12.000 -0.000 0 NA
130.00 0.06000 130.0 0.00000 0 -12.000 -0.417 -12.000 -0.000 0 NA
135.00 0.06000 135.1 0.00000 0 -12.000 -0.417 -12.000 -0.000 0 NA
140.00 0.06000 140.1 0.00000 0 -12.000 -0.417 -12.000 -0.000 0 NA
145.00 0.06000 145.0 0.00000 0 -12.000 -0.417 -12.000 -0.000 0 NA
150.00 0.06000 150.0 0.00000 0 -12.000 -0.417 -12.000 -0.000 0 NA
155.00 0.06000 155.0 0.00000 0 -12.000 -0.417 -12.000 -0.000 0 NA
160.00 0.06000 160.1 0.00000 0 -12.000 -0.417 -12.000 -0.000 0 NA
165.00 0.06000 165.0 0.00000 0 -12.000 -0.417 -12.000 -0.000 0 NA
170.00 0.06000 170.1 0.00000 0 -12.000 -0.417 -12.000 -0.000 0 NA
175.00 0.06000 175.0 0.00000 0 -12.000 -0.417 -12.000 -0.000 0 NA
180.00 0.06000 180.0 0.00000 0 -12.000 -0.417 -12.000 -0.000 0 NA
185.00 0.06000 185.0 0.00000 0 -12.000 -0.417 -12.000 -0.000 0 NA
190.00 0.06000 190.0 0.00000 0 -12.000 -0.417 -12.000 -0.000 0 NA
195.00 0.06000 195.0 0.00000 0 -12.000 -0.417 -12.000 -0.000 0 NA
200.00 0.06000 200.0 0.00000 0 -12.000 -0.417 -12.000 -0.000 0 NA
205.00 0.06000 205.0 0.00000 0 -12.000 -0.417 -12.000 -0.000 0 NA
210.00 0.06000 210.1 0.00000 0 -12.000 -0.417 -12.000 -0.000 0 NA
215.00 0.06000 215.0 0.00000 0 -12.000 -0.417 -12.000 -0.000 0 NA
220.00 0.06000 220.1 0.00000 0 -12.000 -0.417 -12.000 -0.000 0 NA
225.00 0.06000 225.1 0.00000 0 -12.000 -0.417 -12.000 -0.000 0 NA
230.00 0.06000 230.1 0.00000 0 -12.000 -0.417 -12.000 -0.000 0 NA
235.00 0.06000 235.1 0.00000 0 -12.000 -0.417 -12.000 -0.000 0 NA
240.00 0.06000 240.1 0.00006 0 -12.000 -0.417 -12.000 -0.000 0 NA
245.00 0.06000 245.1 0.00008 0 -12.000 -0.417 -12.000 -0.000 0 NA
250.00 0.06000 250.1 0.00012 0 -12.000 -0.417 -12.000 -0.000 0 NA
255.00 0.06000 255.1 0.00016 0 -12.000 -0.417 -12.000 -0.000 0 NA
260.00 0.06000 260.1 0.00021 0 -12.000 -0.417 -12.000 -0.000 0 NA
265.00 0.06000 265.1 0.00028 0 -12.000 -0.417 -12.000 -0.000 0 NA
270.00 0.06000 270.1 0.00037 0 -12.000 -0.417 -12.000 -0.000 0 NA
275.00 0.06000 275.1 0.00048 0 -12.000 -0.417 -12.000 -0.000 0 NA
280.00 0.06000 280.1 0.00060 0 -12.000 -0.417 -12.000 -0.000 0 NA
285.00 0.06000 285.1 0.00075 0 -12.000 -0.417 -12.000 -0.000 0 NA
290.00 0.06000 290.1 0.00092 0 -12.000 -0.417 -12.000 -0.000 0 NA
295.00 0.06000 295.1 0.00112 0 -12.000 -0.417 -12.000 -0.000 0 NA
300.00 0.06000 300.1 0.00134 0 -12.000 -0.417 -12.000 -0.000 0 NA
305.00 0.06000 305.1 0.00159 0 -12.000 -0.417 -12.000 -0.000 0 NA
310.00 0.06000 310.1 0.00188 0 -12.000 -0.417 -12.000 -0.000 0 NA
315.00 0.06000 315.1 0.00220 0 -12.000 -0.417 -12.000 -0.000 0 NA
320.00 0.06000 320.1 0.00256 0 -12.000 -0.417 -12.000 -0.000 0 NA
325.00 0.06000 325.1 0.00297 0 -12.000 -0.417 -12.000 -0.000 0 NA
330.00 0.06000 330.1 0.00341 0 -12.000 -0.417 -12.000 -0.000 0 NA
335.00 0.06000 335.1 0.00390 0 -12.000 -0.417 -12.000 -0.000 0 NA
340.00 0.06000 340.1 0.00446 0 -12.000 -0.417 -12.000 -0.000 0 NA
345.00 0.06000 345.1 0.00504 0 -12.000 -0.417 -12.000 -0.000 0 NA
350.00 0.06000 350.1 0.00569 0 -12.000 -0.417 -12.000 -0.000 0 NA
355.00 0.06000 355.0 0.00638 0 -12.000 -0.417 -12.000 -0.000 0 NA
360.00 0.06000 360.0 0.00713 0 -12.000 -0.417 -12.000 -0.000 0 NA
365.00 0.06000 365.0 0.00792 0 -12.000 -0.417 -12.000 -0.000 0 NA
370.00 0.06000 370.0 0.00875 0 -12.000 -0.417 -12.000 -0.000 0 NA
375.00 0.06000 375.0 0.00963 0 -12.000 -0.417 -12.000 -0.000 0 NA
380.00 0.06000 380.0 0.01055 0 -12.000 -0.417 -12.000 -0.000 0 NA
385.00 0.06000 385.0 0.01150 0 -12.000 -0.417 -12.000 -0.000 0 NA
390.00 0.06000 390.0 0.01249 0 -12.000 -0.417 -12.000 -0.000 0 NA
395.00 0.06000 395.0 0.01352 0 -12.000 -0.417 -12.000 -0.000 0 NA
400.00 0.06000 400.0 0.01458 0 -12.000 -0.417 -12.000 -0.000 0 NA
405.00 0.06000 405.0 0.01567 0 -12.000 -0.417 -12.000 -0.000 0 NA
410.00 0.06000 410.0 0.01680 0 -12.000 -0.417 -12.000 -0.000 0 NA
415.00 0.06000 415.0 0.01795 0 -12.000 -0.417 -12.000 -0.000 0 NA
420.00 0.05952 420.0 0.01915 0 -12.000 -0.417 -12.000 -0.000 0 NA
425.00 0.05882 425.0 0.02036 0 -12.000 -0.417 -12.000 -0.000 0 NA
430.00 0.05814 430.0 0.02160 0 -12.000 -0.417 -12.000 -0.000 0 NA
435.00 0.05747 435.0 0.02287 0 -12.000 -0.417 -12.000 -0.000 0 NA
440.00 0.05682 440.0 0.02417 0 -12.000 -0.417 -12.000 -0.000 0 NA
445.00 0.05618 445.0 0.02549 0 -12.000 -0.417 -12.000 -0.000 0 NA
450.00 0.05556 450.0 0.02683 0 -12.000 -0.417 -12.000 -0.000 0 NA
455.00 0.05495 455.0 0.02821 0 -12.000 -0.417 -12.000 -0.000 0 NA
460.00 0.05435 460.0 0.02960 0 -12.000 -0.417 -12.000 -0.000 0 NA
465.00 0.05376 465.0 0.03102 0 -12.000 -0.417 -12.000 -0.000 0 NA
470.00 0.05319 470.0 0.03246 0 -12.000 -0.417 -12.000 -0.000 0 NA
475.00 0.05263 475.0 0.03392 0 -12.000 -0.417 -12.000 -0.000 0 NA
480.00 0.05208 480.0 0.03540 0 -12.000 -0.417 -12.000 -0.000 0 NA
485.00 0.05155 485.0 0.03690 0 -12.000 -0.417 -12.000 -0.000 0 NA
490.00 0.05102 490.0 0.03841 0 -12.000 -0.417 -12.000 -0.000 0 NA
495.00 0.05051 495.0 0.03996 0 -12.000 -0.417 -12.000 -0.000 0 NA
500.00 0.05000 500.0 0.04152 0 -12.000 -0.417 -12.000 -0.000 0 NA
505.00 0.04950 495.3 0.04001 1 -12.000 -0.417 -12.000 -0.000 0 NA
0.00 0.06000 0.1 0.00000 0 -15.000 -0.333 -15.000 -0.000 0 NA
5.00 0.06000 5.1 0.00000 0 -15.000 -0.333 -15.000 -0.000 0 NA
10.00 0.06000 10.0 0.00000 0 -15.000 -0.333 -15.000 -0.000 0 NA
15.00 0.06000 15.0 0.00000 0 -15.000 -0.333 -15.000 -0.000 0 NA
20.00 0.06000 20.0 0.00000 0 -15.000 -0.333 -15.000 -0.000 0 NA
25.00 0.06000 25.0 0.00000 0 -15.000 -0.333 -15.000 -0.000 0 NA
30.00 0.06000 30.0 0.00000 0 -15.000 -0.333 -15.000 -0.000 0 NA
35.00 0.06000 35.0 0.00000 0 -15.000 -0.333 -15.000 -0.000 0 NA
40.00 0.06000 40.0 0.00000 0 -15.000 -0.333 -15.000 -0.000 0 NA
45.00 0.06000 45.0 0.00000 0 -15.000 -0.333 -15.000 -0.000 0 NA
50.00 0.06000 50.0 0.00000 0 -15.000 -0.333 -15.000 -0.000 0 NA
55.00 0.06000 55.0 0.00000 0 -15.000 -0.333 -15.000 -0.000 0 NA
60.00 0.06000 60.0 0.00000 0 -15.000 -0.333 -15.000 -0.000 0 NA
65.00 0.06000 65.0 0.00000 0 -15.000 -0.333 -15.000 -0.000 0 NA
70.00 0.06000 70.0 0.00000 0 -15.000 -0.333 -15.000 -0.000 0 NA
75.00 0.06000 75.0 0.00000 0 -15.000 -0.333 -15.000 -0.000 0 NA
80.00 0.06000 80.0 0.00000 0 -15.000 -0.333 -15.000 -0.000 0 NA
85.00 0.06000 85.0 0.00000 0 -15.000 -0.333 -15.000 -0.000 0 NA
90.00 0.06000 90.0 0.00000 0 -15.000 -0.333 -15.000 -0.000 0 NA
95.00 0.06000 95.0 0.00000 0 -15.000 -0.333 -15.000 -0.000 0 NA
100.00 0.06000 100.0 0.00000 0 -15.000 -0.333 -15.000 -0.000 0 NA
105.00 0.06000 105.0 0.00000 0 -15.000 -0.333 -15.000 -0.000 0 NA
110.00 0.06000 110.0 0.00000 0 -15.000 -0.333 -15.000 -0.000 0 NA
115.00 0.06000 115.0 0.00000 0 -15.000 -0.333 -15.000 -0.000 0 NA
120.00 0.06000 120.0 0.00000 0 -15.000 -0.333 -15.000 -0.000 0 NA
125.00 0.06000 125.0 0.00000 0 -15.000 -0.333 -15.000 -0.000 0 NA
130.00 0.06000 130.0 0.00000 0 -15.000 -0.333 -15.000 -0.000 0 NA
135.00 0.06000 135.0 0.00000 0 -15.000 -0.333 -15.000 -0.000 0 NA
140.00 0.06000 140.1 0.00000 0 -15.000 -0.333 -15.000 -0.000 0 NA
145.00 0.06000 145.0 0.00000 0 -15.000 -0.333 -15.000 -0.000 0 NA
150.00 0.06000 150.0 0.00000 0 -15.000 -0.333 -15.000 -0.000 0 NA
155.00 0.06000 155.0 0.00000 0 -15.000 -0.333 -15.000 -0.000 0 NA
160.00 0.06000 160.0 0.00000 0 -15.000 -0.333 -15.000 -0.000 0 NA
165.00 0.06000 165.0 0.00000 0 -15.000 -0.333 -15.000 -0.000 0 NA
170.00 0.06000 170.1 0.00000 0 -15.000 -0.333 -15.000 -0.000 0 NA
175.00 0.06000 175.0 0.00000 0 -15.000 -0.333 -15.000 -0.000 0 NA
180.00 0.06000 180.0 0.00000 0 -15.000 -0.333 -15.000 -0.000 0 NA
185.00 0.06000 185.0 0.00000 0 -15.000 -0.333 -15.000 -0.000 0 NA
190.00 0.06000 190.0 0.00000 0 -15.000 -0.333 -15.000 -0.000 0 NA
195.00 0.06000 195.0 0.00000 0 -15.000 -0.333 -15.000 -0.000 0 NA
200.00 0.06000 200.0 0.00000 0 -15.000 -0.333 -15.000 -0.000 0 NA
205.00 0.06000 205.0 0.00000 0 -15.000 -0.333 -15.000 -0.000 0 NA
210.00 0.06000 210.1 0.00000 0 -15.000 -0.333 -15.000 -0.000 0 NA
215.00 0.06000 215.0 0.00000 0 -15.000 -0.333 -15.000 -0.000 0 NA
220.00 0.06000 220.1 0.00000 0 -15.000 -0.333 -15.000 -0.000 0 NA
225.00 0.06000 225.1 0.00000 0 -15.000 -0.333 -15.000 -0.000 0 NA
230.00 0.06000 230.1 0.00000 0 -15.000 -0.333 -15.000 -0.000 0 NA
235.00 0.06000 235.1 0.00000 0 -15.000 -0.333 -15.000 -0.000 0 NA
240.00 0.06000 240.1 0.00000 0 -15.000 -0.333 -15.000 -0.000 0 NA
245.00 0.06000 245.1 0.00000 0 -15.000 -0.333 -15.000 -0.000 0 NA
250.00 0.06000 250.1 0.00000 0 -15.000 -0.333 -15.000 -0.000 0 NA
255.00 0.06000 255.1 0.00000 0 -15.000 -0.333 -15.000 -0.000 0 NA
260.00 0.06000 260.1 0.00000 0 -15.000 -0.333 -15.000 -0.000 0 NA
265.00 0.06000 265.1 0.00000 0 -15.000 -0.333 -15.000 -0.000 0 NA
270.00 0.06000 270.1 0.00000 0 -15.000 -0.333 -15.000 -0.000 0 NA
275.00 0.06000 275.1 0.00000 0 -15.000 -0.333 -15.000 -0.000 0 NA
280.00 0.06000 280.1 0.00000 0 -15.000 -0.333 -15.000 -0.000 0 NA
285.00 0.06000 285.1 0.00000 0 -15.000 -0.333 -15.000 -0.000 0 NA
290.00 0.06000 290.1 0.00000 0 -15.000 -0.333 -15.000 -0.000 0 NA
295.00 0.06000 295.1 0.00006 0 -15.000 -0.333 -15.000 -0.000 0 NA
300.00 0.06000 300.1 0.00007 0 -15.000 -0.333 -15.000 -0.000 0 NA
305.00 0.06000 305.1 0.00010 0 -15.000 -0.333 -15.000 -0.000 0 NA
310.00 0.06000 310.1 0.00014 0 -15.000 -0.333 -15.000 -0.000 0 NA
315.00 0.06000 315.1 0.00019 0 -15.000 -0.333 -15.000 -0.000 0 NA
320.00 0.06000 320.1 0.00025 0 -15.000 -0.333 -15.000 -0.000 0 NA
325.00 0.06000 325.1 0.00032 0 -15.000 -0.333 -15.000 -0.000 0 NA
330.00 0.06000 330.1 0.00042 0 -15.000 -0.333 -15.000 -0.000 0 NA
335.00 0.06000 335.1 0.00052 0 -15.000 -0.333 -15.000 -0.000 0 NA
340.00 0.06000 340.1 0.00064 0 -15.000 -0.333 -15.000 -0.000 0 NA
345.00 0.06000 345.1 0.00079 0 -15.000 -0.333 -15.000 -0.000 0 NA
350.00 0.06000 350.1 0.00096 0 -15.000 -0.333 -15.000 -0.000 0 NA
355.00 0.06000 355.0 0.00114 0 -15.000 -0.333 -15.000 -0.000 0 NA
360.00 0.06000 360.0 0.00136 0 -15.000 -0.333 -15.000 -0.000 0 NA
365.00 0.06000 365.0 0.00161 0 -15.000 -0.333 -15.000 -0.000 0 NA
370.00 0.06000 370.0 0.00188 0 -15.000 -0.333 -15.000 -0.000 0 NA
375.00 0.06000 375.0 0.00220 0 -15.000 -0.333 -15.000 -0.000 0 NA
380.00 0.06000 380.0 0.00254 0 -15.000 -0.333 -15.000 -0.000 0 NA
385.00 0.06000 385.0 0.00293 0 -15.000 -0.333 -15.000 -0.000 0 NA
390.00 0.06000 390.0 0.00336 0 -15.000 -0.333 -15.000 -0.000 0 NA
395.00 0.06000 395.0 0.00383 0 -15.000 -0.333 -15.000 -0.000 0 NA
400.00 0.06000 400.0 0.00436 0 -15.000 -0.333 -15.000 -0.000 0 NA
405.00 0.06000 405.0 0.00493 0 -15.000 -0.333 -15.000 -0.000 0 NA
410.00 0.06000 410.0 0.00555 0 -15.000 -0.333 -15.000 -0.000 0 NA
415.00 0.06000 415.0 0.00623 0 -15.000 -0.333 -15.000 -0.000 0 NA
420.00 0.05952 420.0 0.00694 0 -15.000 -0.333 -15.000 -0.000 0 NA
425.00 0.05882 425.0 0.00770 0 -15.000 -0.333 -15.000 -0.000 0 NA
430.00 0.05814 430.0 0.00851 0 -15.000 -0.333 -15.000 -0.000 0 NA
435.00 0.05747 435.0 0.00936 0 -15.000 -0.333 -15.000 -0.000 0 NA
440.00 0.05682 440.0 0.01024 0 -15.000 -0.333 -15.000 -0.000 0 NA
445.00 0.05618 445.0 0.01116 0 -15.000 -0.333 -15.000 -0.000 0 NA
450.00 0.05556 450.0 0.01213 0 -15.000 -0.333 -15.000 -0.000 0 NA
455.00 0.05495 455.0 0.01313 0 -15.000 -0.333 -15.000 -0.000 0 NA
460.00 0.05435 460.0 0.01417 0 -15.000 -0.333 -15.000 -0.000 0 NA
465.00 0.05376 465.0 0.01524 0 -15.000 -0.333 -15.000 -0.000 0 NA
470.00 0.05319 470.0 0.01633 0 -15.000 -0.333 -15.000 -0.000 0 NA
475.00 0.05263 475.0 0.01746 0 -15.000 -0.333 -15.000 -0.000 0 NA
480.00 0.05208 480.0 0.01863 0 -15.000 -0.333 -15.000 -0.000 0 NA
485.00 0.05155 485.0 0.01982 0 -15.000 -0.333 -15.000 -0.000 0 NA
490.00 0.05102 490.0 0.02105 0 -15.000 -0.333 -15.000 -0.000 0 NA
495.00 0.05051 495.0 0.02229 0 -15.000 -0.333 -15.000 -0.000 0 NA
500.00 0.05000 500.0 0.02357 0 -15.000 -0.333 -15.000 -0.000 0 NA
505.00 0.04950 505.0 0.02487 0 -15.000 -0.333 -15.000 -0.000 0 NA
510.00 0.04902 510.0 0.02619 0 -15.000 -0.333 -15.000 -0.000 0 NA
515.00 0.04854 515.0 0.02754 0 -15.000 -0.333 -15.000 -0.000 0 NA
520.00 0.04808 520.0 0.02893 0 -15.000 -0.333 -15.000 -0.000 0 NA
525.00 0.04762 525.0 0.03032 0 -15.000 -0.333 -15.000 -0.000 0 NA
530.00 0.04717 530.0 0.03174 0 -15.000 -0.333 -15.000 -0.000 0 NA
535.00 0.04673 535.0 0.03318 0 -15.000 -0.333 -15.000 -0.000 0 NA
540.00 0.04630 540.0 0.03464 0 -15.000 -0.333 -15.000 -0.000 0 NA
545.00 0.04587 545.0 0.03613 0 -15.000 -0.333 -15.000 -0.000 0 NA
550.00 0.04545 550.0 0.03763 0 -15.000 -0.333 -15.000 -0.000 0 NA
555.00 0.04505 555.0 0.03916 0 -15.000 -0.333 -15.000 -0.000 0 NA
560.00 0.04464 560.0 0.04070 0 -15.000 -0.333 -15.000 -0.000 0 NA
565.00 0.04425 557.9 0.04001 1 -15.000 -0.333 -15.000 -0.000 0 NA
0.00 0.06000 0.1 0.00000 0 -18.000 -0.278 -18.000 -0.000 0 NA
5.00 0.06000 5.1 0.00000 0 -18.000 -0.278 -18.000 -0.000 0 NA
10.00 0.06000 10.0 0.00000 0 -18.000 -0.278 -18.000 -0.000 0 NA
15.00 0.06000 15.0 0.00000 0 -18.000 -0.278 -18.000 -0.000 0 NA
20.00 0.06000 20.0 0.00000 0 -18.000 -0.278 -18.000 -0.000 0 NA
25.00 0.06000 25.0 0.00000 0 -18.000 -0.278 -18.000 -0.000 0 NA
30.00 0.06000 30.0 0.00000 0 -18.000 -0.278 -18.000 -0.000 0 NA
35.00 0.06000 35.0 0.00000 0 -18.000 -0.278 -18.000 -0.000 0 NA
40.00 0.06000 40.0 0.00000 0 -18.000 -0.278 -18.000 -0.000 0 NA
45.00 0.06000 45.0 0.00000 0 -18.000 -0.278 -18.000 -0.000 0 NA
50.00 0.06000 50.0 0.00000 0 -18.000 -0.278 -18.000 -0.000 0 NA
55.00 0.06000 55.0 0.00000 0 -18.000 -0.278 -18.000 -0.000 0 NA
60.00 0.06000 60.0 0.00000 0 -18.000 -0.278 -18.000 -0.000 0 NA
65.00 0.06000 65.0 0.00000 0 -18.000 -0.278 -18.000 -0.000 0 NA
70.00 0.06000 70.0 0.00000 0 -18.000 -0.278 -18.000 -0.000 0 NA
75.00 0.06000 75.0 0.00000 0 -18.000 -0.278 -18.000 -0.000 0 NA
80.00 0.06000 80.0 0.00000 0 -18.000 -0.278 -18.000 -0.000 0 NA
85.00 0.06000 85.0 0.00000 0 -18.000 -0.278 -18.000 -0.000 0 NA
90.00 0.06000 90.0 0.00000 0 -18.000 -0.278 -18.000 -0.000 0 NA
95.00 0.06000 95.0 0.00000 0 -18.000 -0.278 -18.000 -0.000 0 NA
100.00 0.06000 100.0 0.00000 0 -18.000 -0.278 -18.000 -0.000 0 NA
105.00 0.06000 105.0 0.00000 0 -18.000 -0.278 -18.000 -0.000 0 NA
110.00 0.06000 110.0 0.00000 0 -18.000 -0.278 -18.000 -0.000 0 NA
115.00 0.06000 115.0 0.00000 0 -18.000 -0.278 -18.000 -0.000 0 NA
120.00 0.06000 120.0 0.00000 0 -18.000 -0.278 -18.000 -0.000 0 NA
125.00 0.06000 125.0 0.00000 0 -18.000 -0.278 -18.000 -0.000 0 NA
130.00 0.06000 130.0 0.00000 0 -18.000 -0.278 -18.000 -0.000 0 NA
135.00 0.06000 135.0 0.00000 0 -18.000 -0.278 -18.000 -0.000 0 NA
140.00 0.06000 140.1 0.00000 0 -18.000 -0.278 -18.000 -0.000 0 NA
145.00 0.06000 145.0 0.00000 0 -18.000 -0.278 -18.000 -0.000 0 NA
150.00 0.06000 150.0 0.00000 0 -18.000 -0.278 -18.000 -0.000 0 NA
155.00 0.06000 155.0 0.00000 0 -18.000 -0.278 -18.000 -0.000 0 NA
160.00 0.06000 160.1 0.00000 0 -18.000 -0.278 -18.000 -0.000 0 NA
165.00 0.06000 165.0 0.00000 0 -18.000 -0.278 -18.000 -0.000 0 NA
170.00 0.06000 170.1 0.00000 0 -18.000 -0.278 -18.000 -0.000 0 NA
175.00 0.06000 175.0 0.00000 0 -18.000 -0.278 -18.000 -0.000 0 NA
180.00 0.06000 180.0 0.00000 0 -18.000 -0.278 -18.000 -0.000 0 NA
185.00 0.06000 185.0 0.00000 0 -18.000 -0.278 -18.000 -0.000 0 NA
190.00 0.06000 190.0 0.00000 0 -18.000 -0.278 -18.000 -0.000 0 NA
195.00 0.06000 195.0 0.00000 0 -18.000 -0.278 -18.000 -0.000 0 NA
200.00 0.06000 200.0 0.00000 0 -18.000 -0.278 -18.000 -0.000 0 NA
205.00 0.06000 205.0 0.00000 0 -18.000 -0.278 -18.000 -0.000 0 NA
210.00 0.06000 210.0 0.00000 0 -18.000 -0.278 -18.000 -0.000 0 NA
215.00 0.06000 215.0 0.00000 0 -18.000 -0.278 -18.000 -0.000 0 NA
220.00 0.06000 220.1 0.00000 0 -18.000 -0.278 -18.000 -0.000 0 NA
225.00 0.06000 225.1 0.00000 0 -18.000 -0.278 -18.000 -0.000 0 NA
230.00 0.06000 230.1 0.00000 0 -18.000 -0.278 -18.000 -0.000 0 NA
235.00 0.06000 235.1 0.00000 0 -18.000 -0.278 -18.000 -0.000 0 NA
240.00 0.06000 240.1 0.00000 0 -18.000 -0.278 -18.000 -0.000 0 NA
245.00 0.06000 245.1 0.00000 0 -18.000 -0.278 -18.000 -0.000 0 NA
250.00 0.06000 250.1 0.00000 0 -18.000 -0.278 -18.000 -0.000 0 NA
255.00 0.06000 255.1 0.00000 0 -18.000 -0.278 -18.000 -0.000 0 NA
260.00 0.06000 260.1 0.00000 0 -18.000 -0.278 -18.000 -0.000 0 NA
265.00 0.06000 265.1 0.00000 0 -18.000 -0.278 -18.000 -0.000 0 NA
270.00 0.06000 270.1 0.00000 0 -18.000 -0.278 -18.000 -0.000 0 NA
275.00 0.06000 275.1 0.00000 0 -18.000 -0.278 -18.000 -0.000 0 NA
280.00 0.06000 280.1 0.00000 0 -18.000 -0.278 -18.000 -0.000 0 NA
285.00 0.06000 285.1 0.00000 0 -18.000 -0.278 -18.000 -0.000 0 NA
290.00 0.06000 290.1 0.00000 0 -18.000 -0.278 -18.000 -0.000 0 NA
295.00 0.06000 295.0 0.00000 0 -18.000 -0.278 -18.000 -0.000 0 NA
300.00 0.06000 300.1 0.00000 0 -18.000 -0.278 -18.000 -0.000 0 NA
305.00 0.06000 305.1 0.00000 0 -18.000 -0.278 -18.000 -0.000 0 NA
310.00 0.06000 310.1 0.00000 0 -18.000 -0.278 -18.000 -0.000 0 NA
315.00 0.06000 315.1 0.00000 0 -18.000 -0.278 -18.000 -0.000 0 NA
320.00 0.06000 320.1 0.00000 0 -18.000 -0.278 -18.000 -0.000 0 NA
325.00 0.06000 325.1 0.00000 0 -18.000 -0.278 -18.000 -0.000 0 NA
330.00 0.06000 330.1 0.00000 0 -18.000 -0.278 -18.000 -0.000 0 NA
335.00 0.06000 335.1 0.00000 0 -18.000 -0.278 -18.000 -0.000 0 NA
340.00 0.06000 340.1 0.00000 0 -18.000 -0.278 -18.000 -0.000 0 NA
345.00 0.06000 345.1 0.00000 0 -18.000 -0.278 -18.000 -0.000 0 NA
350.00 0.06000 350.1 0.00006 0 -18.000 -0.278 -18.000 -0.000 0 NA
355.00 0.06000 355.0 0.00007 0 -18.000 -0.278 -18.000 -0.000 0 NA
360.00 0.06000 360.0 0.00009 0 -18.000 -0.278 -18.000 -0.000 0 NA
365.00 0.06000 365.0 0.00013 0 -18.000 -0.278 -18.000 -0.000 0 NA
370.00 0.06000 370.0 0.00017 0 -18.000 -0.278 -18.000 -0.000 0 NA
375.00 0.06000 375.0 0.00021 0 -18.000 -0.278 -18.000 -0.000 0 NA
380.00 0.06000 380.0 0.00028 0 -18.000 -0.278 -18.000 -0.000 0 NA
385.00 0.06000 385.0 0.00036 0 -18.000 -0.278 -18.000 -0.000 0 NA
390.00 0.06000 390.0 0.00045 0 -18.000 -0.278 -18.000 -0.000 0 NA
395.00 0.06000 395.0 0.00056 0 -18.000 -0.278 -18.000 -0.000 0 NA
400.00 0.06000 400.0 0.00069 0 -18.000 -0.278 -18.000 -0.000 0 NA
405.00 0.06000 405.0 0.00083 0 -18.000 -0.278 -18.000 -0.000 0 NA
410.00 0.06000 410.0 0.00099 0 -18.000 -0.278 -18.000 -0.000 0 NA
415.00 0.06000 415.0 0.00118 0 -18.000 -0.278 -18.000 -0.000 0 NA
420.00 0.05952 420.0 0.00139 0 -18.000 -0.278 -18.000 -0.000 0 NA
425.00 0.05882 425.0 0.00163 0 -18.000 -0.278 -18.000 -0.000 0 NA
430.00 0.05814 430.0 0.00190 0 -18.000 -0.278 -18.000 -0.000 0 NA
435.00 0.05747 435.0 0.00220 0 -18.000 -0.278 -18.000 -0.000 0 NA
440.00 0.05682 440.0 0.00253 0 -18.000 -0.278 -18.000 -0.000 0 NA
445.00 0.05618 445.0 0.00291 0 -18.000 -0.278 -18.000 -0.000 0 NA
450.00 0.05556 450.0 0.00333 0 -18.000 -0.278 -18.000 -0.000 0 NA
455.00 0.05495 455.0 0.00378 0 -18.000 -0.278 -18.000 -0.000 0 NA
460.00 0.05435 460.0 0.00429 0 -18.000 -0.278 -18.000 -0.000 0 NA
465.00 0.05376 465.0 0.00484 0 -18.000 -0.278 -18.000 -0.000 0 NA
470.00 0.05319 470.0 0.00544 0 -18.000 -0.278 -18.000 -0.000 0 NA
475.00 0.05263 475.0 0.00609 0 -18.000 -0.278 -18.000 -0.000 0 NA
480.00 0.05208 480.0 0.00678 0 -18.000 -0.278 -18.000 -0.000 0 NA
485.00 0.05155 485.0 0.00752 0 -18.000 -0.278 -18.000 -0.000 0 NA
490.00 0.05102 490.0 0.00830 0 -18.000 -0.278 -18.000 -0.000 0 NA
495.00 0.05051 495.0 0.00912 0 -18.000 -0.278 -18.000 -0.000 0 NA
500.00 0.05000 500.0 0.00998 0 -18.000 -0.278 -18.000 -0.000 0 NA
505.00 0.04950 505.0 0.01088 0 -18.000 -0.278 -18.000 -0.000 0 NA
510.00 0.04902 510.0 0.01182 0 -18.000 -0.278 -18.000 -0.000 0 NA
515.00 0.04854 515.0 0.01278 0 -18.000 -0.278 -18.000 -0.000 0 NA
520.00 0.04808 520.0 0.01380 0 -18.000 -0.278 -18.000 -0.000 0 NA
525.00 0.04762 525.0 0.01484 0 -18.000 -0.278 -18.000 -0.000 0 NA
530.00 0.04717 530.0 0.01591 0 -18.000 -0.278 -18.000 -0.000 0 NA
535.00 0.04673 535.0 0.01703 0 -18.000 -0.278 -18.000 -0.000 0 NA
540.00 0.04630 540.0 0.01817 0 -18.000 -0.278 -18.000 -0.000 0 NA
545.00 0.04587 545.0 0.01933 0 -18.000 -0.278 -18.000 -0.000 0 NA
550.00 0.04545 550.0 0.02053 0 -18.000 -0.278 -18.000 -0.000 0 NA
555.00 0.04505 555.0 0.02175 0 -18.000 -0.278 -18.000 -0.000 0 NA
560.00 0.04464 560.0 0.02300 0 -18.000 -0.278 -18.000 -0.000 0 NA
565.00 0.04425 565.0 0.02429 0 -18.000 -0.278 -18.000 -0.000 0 NA
570.00 0.04386 570.0 0.02560 0 -18.000 -0.278 -18.000 -0.000 0 NA
575.00 0.04348 575.0 0.02693 0 -18.000 -0.278 -18.000 -0.000 0 NA
580.00 0.04310 580.0 0.02828 0 -18.000 -0.278 -18.000 -0.000 0 NA
0.00 0.06000 0.1 0.00000 0 -21.000 -0.238 -21.000 -0.000 0 NA
5.00 0.06000 5.1 0.00000 0 -21.000 -0.238 -21.000 -0.000 0 NA
10.00 0.06000 10.0 0.00000 0 -21.000 -0.238 -21.000 -0.000 0 NA
15.00 0.06000 15.0 0.00000 0 -21.000 -0.238 -21.000 -0.000 0 NA
20.00 0.06000 20.0 0.00000 0 -21.000 -0.238 -21.000 -0.000 0 NA
25.00 0.06000 25.0 0.00000 0 -21.000 -0.238 -21.000 -0.000 0 NA
30.00 0.06000 30.0 0.00000 0 -21.000 -0.238 -21.000 -0.000 0 NA
35.00 0.06000 35.0 0.00000 0 -21.000 -0.238 -21.000 -0.000 0 NA
40.00 0.06000 40.0 0.00000 0 -21.000 -0.238 -21.000 -0.000 0 NA
45.00 0.06000 45.0 0.00000 0 -21.000 -0.238 -21.000 -0.000 0 NA
50.00 0.06000 50.0 0.00000 0 -21.000 -0.238 -21.000 -0.000 0 NA
55.00 0.06000 55.0 0.00000 0 -21.000 -0.238 -21.000 -0.000 0 NA
60.00 0.06000 60.0 0.00000 0 -21.000 -0.238 -21.000 -0.000 0 NA
65.00 0.06000 65.0 0.00000 0 -21.000 -0.238 -21.000 -0.000 0 NA
70.00 0.06000 70.0 0.00000 0 -21.000 -0.238 -21.000 -0.000 0 NA
75.00 0.06000 75.0 0.00000 0 -21.000 -0.238 -21.000 -0.000 0 NA
80.00 0.06000 80.0 0.00000 0 -21.000 -0.238 -21.000 -0.000 0 NA
85.00 0.06000 85.0 0.00000 0 -21.000 -0.238 -21.000 -0.000 0 NA
90.00 0.06000 90.0 0.00000 0 -21.000 -0.238 -21.000 -0.000 0 NA
95.00 0.06000 95.0 0.00000 0 -21.000 -0.238 -21.000 -0.000 0 NA
100.00 0.06000 100.0 0.00000 0 -21.000 -0.238 -21.000 -0.000 0 NA
105.00 0.06000 105.0 0.00000 0 -21.000 -0.238 -21.000 -0.000 0 NA
110.00 0.06000 110.0 0.00000 0 -21.000 -0.238 -21.000 -0.000 0 NA
115.00 0.06000 115.0 0.00000 0 -21.000 -0.238 -21.000 -0.000 0 NA
120.00 0.06000 120.0 0.00000 0 -21.000 -0.238 -21.000 -0.000 0 NA
125.00 0.06000 125.0 0.00000 0 -21.000 -0.238 -21.000 -0.000 0 NA
130.00 0.06000 130.0 0.00000 0 -21.000 -0.238 -21.000 -0.000 0 NA
135.00 0.06000 135.0 0.00000 0 -21.000 -0.238 -21.000 -0.000 0 NA
140.00 0.06000 140.1 0.00000 0 -21.000 -0.238 -21.000 -0.000 0 NA
145.00 0.06000 145.0 0.00000 0 -21.000 -0.238 -21.000 -0.000 0 NA
150.00 0.06000 150.0 0.00000 0 -21.000 -0.238 -21.000 -0.000 0 NA
155.00 0.06000 155.0 0.00000 0 -21.000 -0.238 -21.000 -0.000 0 NA
160.00 0.06000 160.1 0.00000 0 -21.000 -0.238 -21.000 -0.000 0 NA
165.00 0.06000 165.0 0.00000 0 -21.000 -0.238 -21.000 -0.000 0 NA
170.00 0.06000 170.1 0.00000 0 -21.000 -0.238 -21.000 -0.000 0 NA
175.00 0.06000 175.0 0.00000 0 -21.000 -0.238 -21.000 -0.000 0 NA
180.00 0.06000 180.0 0.00000 0 -21.000 -0.238 -21.000 -0.000 0 NA
185.00 0.06000 185.0 0.00000 0 -21.000 -0.238 -21.000 -0.000 0 NA
190.00 0.06000 190.0 0.00000 0 -21.000 -0.238 -21.000 -0.000 0 NA
195.00 0.06000 195.0 0.00000 0 -21.000 -0.238 -21.000 -0.000 0 NA
200.00 0.06000 200.0 0.00000 0 -21.000 -0.238 -21.000 -0.000 0 NA
205.00 0.06000 205.0 0.00000 0 -21.000 -0.238 -21.000 -0.000 0 NA
210.00 0.06000 210.0 0.00000 0 -21.000 -0.238 -21.000 -0.000 0 NA
215.00 0.06000 215.0 0.00000 0 -21.000 -0.238 -21.000 -0.000 0 NA
220.00 0.06000 220.1 0.00000 0 -21.000 -0.238 -21.000 -0.000 0 NA
225.00 0.06000 225.1 0.00000 0 -21.000 -0.238 -21.000 -0.000 0 NA
230.00 0.06000 230.1 0.00000 0 -21.000 -0.238 -21.000 -0.000 0 NA
235.00 0.06000 235.1 0.00000 0 -21.000 -0.238 -21.000 -0.000 0 NA
240.00 0.06000 240.1 0.00000 0 -21.000 -0.238 -21.000 -0.000 0 NA
245.00 0.06000 245.1 0.00000 0 -21.000 -0.238 -21.000 -0.000 0 NA
250.00 0.06000 250.1 0.00000 0 -21.000 -0.238 -21.000 -0.000 0 NA
255.00 0.06000 255.1 0.00000 0 -21.000 -0.238 -21.000 -0.000 0 NA
260.00 0.06000 260.1 0.00000 0 -21.000 -0.238 -21.000 -0.000 0 NA
265.00 0.06000 265.1 0.00000 0 -21.000 -0.238 -21.000 -0.000 0 NA
270.00 0.06000 270.1 0.00000 0 -21.000 -0.238 -21.000 -0.000 0 NA
275.00 0.06000 275.1 0.00000 0 -21.000 -0.238 -21.000 -0.000 0 NA
280.00 0.06000 280.1 0.00000 0 -21.000 -0.238 -21.000 -0.000 0 NA
285.00 0.06000 285.1 0.00000 0 -21.000 -0.238 -21.000 -0.000 0 NA
290.00 0.06000 290.1 0.00000 0 -21.000 -0.238 -21.000 -0.000 0 NA
295.00 0.06000 295.1 0.00000 0 -21.000 -0.238 -21.000 -0.000 0 NA
300.00 0.06000 300.1 0.00000 0 -21.000 -0.238 -21.000 -0.000 0 NA
305.00 0.06000 305.1 0.00000 0 -21.000 -0.238 -21.000 -0.000 0 NA
310.00 0.06000 310.1 0.00000 0 -21.000 -0.238 -21.000 -0.000 0 NA
315.00 0.06000 315.1 0.00000 0 -21.000 -0.238 -21.000 -0.000 0 NA
320.00 0.06000 320.1 0.00000 0 -21.000 -0.238 -21.000 -0.000 0 NA
325.00 0.06000 325.1 0.00000 0 -21.000 -0.238 -21.000 -0.000 0 NA
330.00 0.06000 330.1 0.00000 0 -21.000 -0.238 -21.000 -0.000 0 NA
335.00 0.06000 335.1 0.00000 0 -21.000 -0.238 -21.000 -0.000 0 NA
340.00 0.06000 340.1 0.00000 0 -21.000 -0.238 -21.000 -0.000 0 NA
345.00 0.06000 345.1 0.00000 0 -21.000 -0.238 -21.000 -0.000 0 NA
350.00 0.06000 350.1 0.00000 0 -21.000 -0.238 -21.000 -0.000 0 NA
355.00 0.06000 355.0 0.00000 0 -21.000 -0.238 -21.000 -0.000 0 NA
360.00 0.06000 360.0 0.00000 0 -21.000 -0.238 -21.000 -0.000 0 NA
365.00 0.06000 365.0 0.00000 0 -21.000 -0.238 -21.000 -0.000 0 NA
370.00 0.06000 370.0 0.00000 0 -21.000 -0.238 -21.000 -0.000 0 NA
375.00 0.06000 375.0 0.00000 0 -21.000 -0.238 -21.000 -0.000 0 NA
380.00 0.06000 380.0 0.00000 0 -21.000 -0.238 -21.000 -0.000 0 NA
385.00 0.06000 385.0 0.00000 0 -21.000 -0.238 -21.000 -0.000 0 NA
390.00 0.06000 390.0 0.00000 0 -21.000 -0.238 -21.000 -0.000 0 NA
395.00 0.06000 395.0 0.00000 0 -21.000 -0.238 -21.000 -0.000 0 NA
400.00 0.06000 400.0 0.00000 0 -21.000 -0.238 -21.000 -0.000 0 NA
405.00 0.06000 405.0 0.00008 0 -21.000 -0.238 -21.000 -0.000 0 NA
410.00 0.06000 410.0 0.00007 0 -21.000 -0.238 -21.000 -0.000 0 NA
415.00 0.06000 415.0 0.00008 0 -21.000 -0.238 -21.000 -0.000 0 NA
420.00 0.05952 420.0 0.00012 0 -21.000 -0.238 -21.000 -0.000 0 NA
425.00 0.05882 425.0 0.00015 0 -21.000 -0.238 -21.000 -0.000 0 NA
430.00 0.05814 430.0 0.00020 0 -21.000 -0.238 -21.000 -0.000 0 NA
435.00 0.05747 435.0 0.00025 0 -21.000 -0.238 -21.000 -0.000 0 NA
440.00 0.05682 440.0 0.00032 0 -21.000 -0.238 -21.000 -0.000 0 NA
445.00 0.05618 445.0 0.00040 0 -21.000 -0.238 -21.000 -0.000 0 NA
450.00 0.05556 450.0 0.00049 0 -21.000 -0.238 -21.000 -0.000 0 NA
455.00 0.05495 455.0 0.00061 0 -21.000 -0.238 -21.000 -0.000 0 NA
460.00 0.05435 460.0 0.00073 0 -21.000 -0.238 -21.000 -0.000 0 NA
465.00 0.05376 465.0 0.00087 0 -21.000 -0.238 -21.000 -0.000 0 NA
470.00 0.05319 470.0 0.00104 0 -21.000 -0.238 -21.000 -0.000 0 NA
475.00 0.05263 475.0 0.00122 0 -21.000 -0.238 -21.000 -0.000 0 NA
480.00 0.05208 480.0 0.00143 0 -21.000 -0.238 -21.000 -0.000 0 NA
485.00 0.05155 485.0 0.00167 0 -21.000 -0.238 -21.000 -0.000 0 NA
490.00 0.05102 490.0 0.00192 0 -21.000 -0.238 -21.000 -0.000 0 NA
495.00 0.05051 495.0 0.00222 0 -21.000 -0.238 -21.000 -0.000 0 NA
500.00 0.05000 500.0 0.00255 0 -21.000 -0.238 -21.000 -0.000 0 NA
505.00 0.04950 505.0 0.00291 0 -21.000 -0.238 -21.000 -0.000 0 NA
510.00 0.04902 510.0 0.00332 0 -21.000 -0.238 -21.000 -0.000 0 NA
515.00 0.04854 515.0 0.00376 0 -21.000 -0.238 -21.000 -0.000 0 NA
520.00 0.04808 520.0 0.00425 0 -21.000 -0.238 -21.000 -0.000 0 NA
525.00 0.04762 525.0 0.00478 0 -21.000 -0.238 -21.000 -0.000 0 NA
530.00 0.04717 530.0 0.00536 0 -21.000 -0.238 -21.000 -0.000 0 NA
535.00 0.04673 535.0 0.00599 0 -21.000 -0.238 -21.000 -0.000 0 NA
540.00 0.04630 540.0 0.00666 0 -21.000 -0.238 -21.000 -0.000 0 NA
545.00 0.04587 545.0 0.00738 0 -21.000 -0.238 -21.000 -0.000 0 NA
550.00 0.04545 550.0 0.00813 0 -21.000 -0.238 -21.000 -0.000 0 NA
555.00 0.04505 555.0 0.00893 0 -21.000 -0.238 -21.000 -0.000 0 NA
560.00 0.04464 560.0 0.00977 0 -21.000 -0.238 -21.000 -0.000 0 NA
565.00 0.04425 565.0 0.01064 0 -21.000 -0.238 -21.000 -0.000 0 NA
570.00 0.04386 570.0 0.01156 0 -21.000 -0.238 -21.000 -0.000 0 NA
575.00 0.04348 575.0 0.01250 0 -21.000 -0.238 -21.000 -0.000 0 NA
580.00 0.04310 580.0 0.01348 0 -21.000 -0.238 -21.000 -0.000 0 NA
0.00 0.06000 0.1 0.00000 0 -24.000 -0.208 -24.000 -0.000 0 NA
5.00 0.06000 5.1 0.00000 0 -24.000 -0.208 -24.000 -0.000 0 NA
10.00 0.06000 10.0 0.00000 0 -24.000 -0.208 -24.000 -0.000 0 NA
15.00 0.06000 15.0 0.00000 0 -24.000 -0.208 -24.000 -0.000 0 NA
20.00 0.06000 20.0 0.00000 0 -24.000 -0.208 -24.000 -0.000 0 NA
25.00 0.06000 25.0 0.00000 0 -24.000 -0.208 -24.000 -0.000 0 NA
30.00 0.06000 30.0 0.00000 0 -24.000 -0.208 -24.000 -0.000 0 NA
35.00 0.06000 35.0 0.00000 0 -24.000 -0.208 -24.000 -0.000 0 NA
40.00 0.06000 40.0 0.00000 0 -24.000 -0.208 -24.000 -0.000 0 NA
45.00 0.06000 45.0 0.00000 0 -24.000 -0.208 -24.000 -0.000 0 NA
50.00 0.06000 50.0 0.00000 0 -24.000 -0.208 -24.000 -0.000 0 NA
55.00 0.06000 55.0 0.00000 0 -24.000 -0.208 -24.000 -0.000 0 NA
60.00 0.06000 60.0 0.00000 0 -24.000 -0.208 -24.000 -0.000 0 NA
65.00 0.06000 65.0 0.00000 0 -24.000 -0.208 -24.000 -0.000 0 NA
70.00 0.06000 70.0 0.00000 0 -24.000 -0.208 -24.000 -0.000 0 NA
75.00 0.06000 75.0 0.00000 0 -24.000 -0.208 -24.000 -0.000 0 NA
80.00 0.06000 80.0 0.00000 0 -24.000 -0.208 -24.000 -0.000 0 NA
85.00 0.06000 85.0 0.00000 0 -24.000 -0.208 -24.000 -0.000 0 NA
90.00 0.06000 90.0 0.00000 0 -24.000 -0.208 -24.000 -0.000 0 NA
95.00 0.06000 95.0 0.00000 0 -24.000 -0.208 -24.000 -0.000 0 NA
100.00 0.06000 100.0 0.00000 0 -24.000 -0.208 -24.000 -0.000 0 NA
105.00 0.06000 105.0 0.00000 0 -24.000 -0.208 -24.000 -0.000 0 NA
110.00 0.06000 110.0 0.00000 0 -24.000 -0.208 -24.000 -0.000 0 NA
115.00 0.06000 115.0 0.00000 0 -24.000 -0.208 -24.000 -0.000 0 NA
120.00 0.06000 120.0 0.00000 0 -24.000 -0.208 -24.000 -0.000 0 NA
125.00 0.06000 125.0 0.00000 0 -24.000 -0.208 -24.000 -0.000 0 NA
130.00 0.06000 130.0 0.00000 0 -24.000 -0.208 -24.000 -0.000 0 NA
135.00 0.06000 135.1 0.00000 0 -24.000 -0.208 -24.000 -0.000 0 NA
140.00 0.06000 140.1 0.00000 0 -24.000 -0.208 -24.000 -0.000 0 NA
145.00 0.06000 145.0 0.00000 0 -24.000 -0.208 -24.000 -0.000 0 NA
150.00 0.06000 150.0 0.00000 0 -24.000 -0.208 -24.000 -0.000 0 NA
155.00 0.06000 155.0 0.00000 0 -24.000 -0.208 -24.000 -0.000 0 NA
160.00 0.06000 160.1 0.00000 0 -24.000 -0.208 -24.000 -0.000 0 NA
165.00 0.06000 165.0 0.00000 0 -24.000 -0.208 -24.000 -0.000 0 NA
170.00 0.06000 170.1 0.00000 0 -24.000 -0.208 -24.000 -0.000 0 NA
175.00 0.06000 175.0 0.00000 0 -24.000 -0.208 -24.000 -0.000 0 NA
180.00 0.06000 180.0 0.00000 0 -24.000 -0.208 -24.000 -0.000 0 NA
185.00 0.06000 185.0 0.00000 0 -24.000 -0.208 -24.000 -0.000 0 NA
190.00 0.06000 190.0 0.00000 0 -24.000 -0.208 -24.000 -0.000 0 NA
195.00 0.06000 195.0 0.00000 0 -24.000 -0.208 -24.000 -0.000 0 NA
200.00 0.06000 200.0 0.00000 0 -24.000 -0.208 -24.000 -0.000 0 NA
205.00 0.06000 205.0 0.00000 0 -24.000 -0.208 -24.000 -0.000 0 NA
210.00 0.06000 210.0 0.00000 0 -24.000 -0.208 -24.000 -0.000 0 NA
215.00 0.06000 215.0 0.00000 0 -24.000 -0.208 -24.000 -0.000 0 NA
220.00 0.06000 220.1 0.00000 0 -24.000 -0.208 -24.000 -0.000 0 NA
225.00 0.06000 225.1 0.00000 0 -24.000 -0.208 -24.000 -0.000 0 NA
230.00 0.06000 230.1 0.00000 0 -24.000 -0.208 -24.000 -0.000 0 NA
235.00 0.06000 235.1 0.00000 0 -24.000 -0.208 -24.000 -0.000 0 NA
240.00 0.06000 240.1 0.00000 0 -24.000 -0.208 -24.000 -0.000 0 NA
245.00 0.06000 245.1 0.00000 0 -24.000 -0.208 -24.000 -0.000 0 NA
250.00 0.06000 250.1 0.00000 0 -24.000 -0.208 -24.000 -0.000 0 NA
255.00 0.06000 255.1 0.00000 0 -24.000 -0.208 -24.000 -0.000 0 NA
260.00 0.06000 260.1 0.00000 0 -24.000 -0.208 -24.000 -0.000 0 NA
265.00 0.06000 265.1 0.00000 0 -24.000 -0.208 -24.000 -0.000 0 NA
270.00 0.06000 270.1 0.00000 0 -24.000 -0.208 -24.000 -0.000 0 NA
275.00 0.06000 275.1 0.00000 0 -24.000 -0.208 -24.000 -0.000 0 NA
280.00 0.06000 280.1 0.00000 0 -24.000 -0.208 -24.000 -0.000 0 NA
285.00 0.06000 285.1 0.00000 0 -24.000 -0.208 -24.000 -0.000 0 NA
290.00 0.06000 290.1 0.00000 0 -24.000 -0.208 -24.000 -0.000 0 NA
295.00 0.06000 295.0 0.00000 0 -24.000 -0.208 -24.000 -0.000 0 NA
300.00 0.06000 300.1 0.00000 0 -24.000 -0.208 -24.000 -0.000 0 NA
305.00 0.06000 305.1 0.00000 0 -24.000 -0.208 -24.000 -0.000 0 NA
310.00 0.06000 310.1 0.00000 0 -24.000 -0.208 -24.000 -0.000 0 NA
315.00 0.06000 315.1 0.00000 0 -24.000 -0.208 -24.000 -0.000 0 NA
320.00 0.06000 320.1 0.00000 0 -24.000 -0.208 -24.000 -0.000 0 NA
325.00 0.06000 325.1 0.00000 0 -24.000 -0.208 -24.000 -0.000 0 NA
330.00 0.06000 330.1 0.00000 0 -24.000 -0.208 -24.000 -0.000 0 NA
335.00 0.06000 335.1 0.00000 0 -24.000 -0.208 -24.000 -0.000 0 NA
340.00 0.06000 340.1 0.00000 0 -24.000 -0.208 -24.000 -0.000 0 NA
345.00 0.06000 345.1 0.00000 0 -24.000 -0.208 -24.000 -0.000 0 NA
350.00 0.06000 350.1 0.00000 0 -24.000 -0.208 -24.000 -0.000 0 NA
355.00 0.06000 355.0 0.00000 0 -24.000 -0.208 -24.000 -0.000 0 NA
360.00 0.06000 360.0 0.00000 0 -24.000 -0.208 -24.000 -0.000 0 NA
365.00 0.06000 365.0 0.00000 0 -24.000 -0.208 -24.000 -0.000 0 NA
370.00 0.06000 370.0 0.00000 0 -24.000 -0.208 -24.000 -0.000 0 NA
375.00 0.06000 375.0 0.00000 0 -24.000 -0.208 -24.000 -0.000 0 NA
380.00 0.06000 380.0 0.00000 0 -24.000 -0.208 -24.000 -0.000 0 NA
385.00 0.06000 385.0 0.00000 0 -24.000 -0.208 -24.000 -0.000 0 NA
390.00 0.06000 390.0 0.00000 0 -24.000 -0.208 -24.000 -0.000 0 NA
395.00 0.06000 395.0 0.00000 0 -24.000 -0.208 -24.000 -0.000 0 NA
400.00 0.06000 400.0 0.00000 0 -24.000 -0.208 -24.000 -0.000 0 NA
405.00 0.06000 405.0 0.00000 0 -24.000 -0.208 -24.000 -0.000 0 NA
410.00 0.06000 410.0 0.00000 0 -24.000 -0.208 -24.000 -0.000 0 NA
415.00 0.06000 415.0 0.00000 0 -24.000 -0.208 -24.000 -0.000 0 NA
420.00 0.05952 420.0 0.00000 0 -24.000 -0.208 -24.000 -0.000 0 NA
425.00 0.05882 425.0 0.00000 0 -24.000 -0.208 -24.000 -0.000 0 NA
430.00 0.05814 430.0 0.00000 0 -24.000 -0.208 -24.000 -0.000 0 NA
435.00 0.05747 435.0 0.00000 0 -24.000 -0.208 -24.000 -0.000 0 NA
440.00 0.05682 440.0 0.00000 0 -24.000 -0.208 -24.000 -0.000 0 NA
445.00 0.05618 445.0 0.00000 0 -24.000 -0.208 -24.000 -0.000 0 NA
450.00 0.05556 450.0 0.00000 0 -24.000 -0.208 -24.000 -0.000 0 NA
455.00 0.05495 455.0 0.00000 0 -24.000 -0.208 -24.000 -0.000 0 NA
460.00 0.05435 460.0 0.00005 0 -24.000 -0.208 -24.000 -0.000 0 NA
465.00 0.05376 465.0 0.00007 0 -24.000 -0.208 -24.000 -0.000 0 NA
470.00 0.05319 470.0 0.00008 0 -24.000 -0.208 -24.000 -0.000 0 NA
475.00 0.05263 475.0 0.00011 0 -24.000 -0.208 -24.000 -0.000 0 NA
480.00 0.05208 480.0 0.00014 0 -24.000 -0.208 -24.000 -0.000 0 NA
485.00 0.05155 485.0 0.00018 0 -24.000 -0.208 -24.000 -0.000 0 NA
490.00 0.05102 490.0 0.00022 0 -24.000 -0.208 -24.000 -0.000 0 NA
495.00 0.05051 495.0 0.00028 0 -24.000 -0.208 -24.000 -0.000 0 NA
500.00 0.05000 500.0 0.00036 0 -24.000 -0.208 -24.000 -0.000 0 NA
505.00 0.04950 505.0 0.00044 0 -24.000 -0.208 -24.000 -0.000 0 NA
510.00 0.04902 510.0 0.00054 0 -24.000 -0.208 -24.000 -0.000 0 NA
515.00 0.04854 515.0 0.00065 0 -24.000 -0.208 -24.000 -0.000 0 NA
520.00 0.04808 520.0 0.00078 0 -24.000 -0.208 -24.000 -0.000 0 NA
525.00 0.04762 525.0 0.00092 0 -24.000 -0.208 -24.000 -0.000 0 NA
530.00 0.04717 530.0 0.00109 0 -24.000 -0.208 -24.000 -0.000 0 NA
535.00 0.04673 535.0 0.00127 0 -24.000 -0.208 -24.000 -0.000 0 NA
540.00 0.04630 540.0 0.00148 0 -24.000 -0.208 -24.000 -0.000 0 NA
545.00 0.04587 545.0 0.00170 0 -24.000 -0.208 -24.000 -0.000 0 NA
550.00 0.04545 550.0 0.00197 0 -24.000 -0.208 -24.000 -0.000 0 NA
555.00 0.04505 555.0 0.00226 0 -24.000 -0.208 -24.000 -0.000 0 NA
560.00 0.04464 560.0 0.00257 0 -24.000 -0.208 -24.000 -0.000 0 NA
565.00 0.04425 565.0 0.00293 0 -24.000 -0.208 -24.000 -0.000 0 NA
570.00 0.04386 570.0 0.00333 0 -24.000 -0.208 -24.000 -0.000 0 NA
575.00 0.04348 575.0 0.00376 0 -24.000 -0.208 -24.000 -0.000 0 NA
580.00 0.04310 580.0 0.00423 0 -24.000 -0.208 -24.000 -0.000 0 NA
