% * Sample: 6H23pi_4_UNIT1
% * Date / time: 2025-01-25 14:25:29.495985
% * R2CONTROL =  NOT SPECIFIED
% Column 1:  PSU1 nominal voltage setting (V)
% Column 2:  PSU1 nominal current setting (A)
% Column 3:  PSU1 voltage measurement (V)
% Column 4:  PSU1 current measurement (I)
% Column 5:  PSU1 limiter flag
% Column 6:  PSU2 nominal voltage setting (V)
% Column 7:  PSU2 nominal current setting (A)
% Column 8:  PSU2 voltage measurement (V)
% Column 9:  PSU2 current measurement (I)
% Column 10: PSU2 limiter flag
% Column 11: Heaterblock temperature (°C)
% * OPERATING POINT AT END OF PREHEAT / IDLE: U1 = 90.1 V  I1 = 0.01500 A  U2 = -1.030 V  I2 = -0.000 A  T = NA °C
0.00 0.03000 0.1 0.00005 0 -0.000 -1.000 -0.122 -0.000 0 NA
5.00 0.03000 5.1 0.00032 0 -0.000 -1.000 -0.102 -0.000 0 NA
10.00 0.03000 10.1 0.00090 0 -0.000 -1.000 -0.075 -0.000 0 NA
15.00 0.03000 15.1 0.00181 0 -0.000 -1.000 -0.058 -0.000 0 NA
20.00 0.03000 20.1 0.00301 0 -0.000 -1.000 -0.050 -0.000 0 NA
25.00 0.03000 25.0 0.00439 0 -0.000 -1.000 -0.000 -0.000 0 NA
30.00 0.03000 30.1 0.00594 0 -0.000 -1.000 -0.000 -0.000 0 NA
35.00 0.03000 35.0 0.00761 0 -0.000 -1.000 -0.000 -0.000 0 NA
40.00 0.03000 40.0 0.00937 0 -0.000 -1.000 -0.000 -0.000 0 NA
45.00 0.03000 45.0 0.01121 0 -0.000 -1.000 -0.000 -0.000 0 NA
50.00 0.03000 50.0 0.01313 0 -0.000 -1.000 -0.000 -0.000 0 NA
55.00 0.03000 55.0 0.01511 0 -0.000 -1.000 -0.000 -0.000 0 NA
60.00 0.03000 60.0 0.01715 0 -0.000 -1.000 -0.000 -0.000 0 NA
65.00 0.02769 65.0 0.01924 0 -0.000 -1.000 -0.000 -0.000 0 NA
70.00 0.02571 70.0 0.02139 0 -0.000 -1.000 -0.000 -0.000 0 NA
75.00 0.02400 66.9 0.02001 1 -0.000 -1.000 -0.000 -0.000 0 NA
0.00 0.03000 0.1 0.00000 0 -1.000 -1.000 -1.000 -0.000 0 NA
5.00 0.03000 5.1 0.00000 0 -1.000 -1.000 -1.000 -0.000 0 NA
10.00 0.03000 10.1 0.00000 0 -1.000 -1.000 -1.000 -0.000 0 NA
15.00 0.03000 15.1 0.00000 0 -1.000 -1.000 -1.000 -0.000 0 NA
20.00 0.03000 20.1 0.00007 0 -1.000 -1.000 -1.000 -0.000 0 NA
25.00 0.03000 25.0 0.00017 0 -1.000 -1.000 -1.000 -0.000 0 NA
30.00 0.03000 30.1 0.00038 0 -1.000 -1.000 -1.000 -0.000 0 NA
35.00 0.03000 35.0 0.00076 0 -1.000 -1.000 -1.000 -0.000 0 NA
40.00 0.03000 40.0 0.00131 0 -1.000 -1.000 -1.000 -0.000 0 NA
45.00 0.03000 45.0 0.00206 0 -1.000 -1.000 -1.000 -0.000 0 NA
50.00 0.03000 50.0 0.00304 0 -1.000 -1.000 -1.000 -0.000 0 NA
55.00 0.03000 55.0 0.00418 0 -1.000 -1.000 -1.000 -0.000 0 NA
60.00 0.03000 60.0 0.00549 0 -1.000 -1.000 -1.000 -0.000 0 NA
65.00 0.02769 65.0 0.00693 0 -1.000 -1.000 -1.000 -0.000 0 NA
70.00 0.02571 70.0 0.00849 0 -1.000 -1.000 -1.000 -0.000 0 NA
75.00 0.02400 75.0 0.01016 0 -1.000 -1.000 -1.000 -0.000 0 NA
80.00 0.02250 80.0 0.01193 0 -1.000 -1.000 -1.000 -0.000 0 NA
85.00 0.02118 85.1 0.01378 0 -1.000 -1.000 -1.000 -0.000 0 NA
90.00 0.02000 90.1 0.01572 0 -1.000 -1.000 -1.000 -0.000 0 NA
95.00 0.01895 95.1 0.01773 0 -1.000 -1.000 -1.000 -0.000 0 NA
100.00 0.01800 100.0 0.01980 1 -1.000 -1.000 -1.000 -0.000 0 NA
0.00 0.03000 0.1 0.00000 0 -2.000 -1.000 -2.000 -0.000 0 NA
5.00 0.03000 5.1 0.00000 0 -2.000 -1.000 -2.000 -0.000 0 NA
10.00 0.03000 10.1 0.00000 0 -2.000 -1.000 -2.000 -0.000 0 NA
15.00 0.03000 15.1 0.00000 0 -2.000 -1.000 -2.000 -0.000 0 NA
20.00 0.03000 20.1 0.00000 0 -2.000 -1.000 -2.000 -0.000 0 NA
25.00 0.03000 25.1 0.00000 0 -2.000 -1.000 -2.000 -0.000 0 NA
30.00 0.03000 30.1 0.00000 0 -2.000 -1.000 -2.000 -0.000 0 NA
35.00 0.03000 35.0 0.00000 0 -2.000 -1.000 -2.000 -0.000 0 NA
40.00 0.03000 40.0 0.00006 0 -2.000 -1.000 -2.000 -0.000 0 NA
45.00 0.03000 45.0 0.00010 0 -2.000 -1.000 -2.000 -0.000 0 NA
50.00 0.03000 50.0 0.00019 0 -2.000 -1.000 -2.000 -0.000 0 NA
55.00 0.03000 55.0 0.00035 0 -2.000 -1.000 -2.000 -0.000 0 NA
60.00 0.03000 60.0 0.00063 0 -2.000 -1.000 -2.000 -0.000 0 NA
65.00 0.02769 65.0 0.00101 0 -2.000 -1.000 -2.000 -0.000 0 NA
70.00 0.02571 70.0 0.00153 0 -2.000 -1.000 -2.000 -0.000 0 NA
75.00 0.02400 75.0 0.00220 0 -2.000 -1.000 -2.000 -0.000 0 NA
80.00 0.02250 80.0 0.00304 0 -2.000 -1.000 -2.000 -0.000 0 NA
85.00 0.02118 85.1 0.00402 0 -2.000 -1.000 -2.000 -0.000 0 NA
90.00 0.02000 90.1 0.00515 0 -2.000 -1.000 -2.000 -0.000 0 NA
95.00 0.01895 95.1 0.00642 0 -2.000 -1.000 -2.000 -0.000 0 NA
100.00 0.01800 100.0 0.00781 0 -2.000 -1.000 -2.000 -0.000 0 NA
105.00 0.01714 105.0 0.00933 0 -2.000 -1.000 -2.000 -0.000 0 NA
110.00 0.01636 110.1 0.01096 0 -2.000 -1.000 -2.000 -0.000 0 NA
115.00 0.01565 115.0 0.01268 0 -2.000 -1.000 -2.000 -0.000 0 NA
120.00 0.01500 120.1 0.01450 0 -2.000 -1.000 -2.000 -0.000 0 NA
125.00 0.01440 125.0 0.01640 1 -2.000 -1.000 -2.000 -0.000 0 NA
0.00 0.03000 0.1 0.00000 0 -3.000 -1.000 -3.000 -0.000 0 NA
5.00 0.03000 5.1 0.00000 0 -3.000 -1.000 -3.000 -0.000 0 NA
10.00 0.03000 10.1 0.00000 0 -3.000 -1.000 -3.000 -0.000 0 NA
15.00 0.03000 15.1 0.00000 0 -3.000 -1.000 -3.000 -0.000 0 NA
20.00 0.03000 20.1 0.00000 0 -3.000 -1.000 -3.000 -0.000 0 NA
25.00 0.03000 25.0 0.00000 0 -3.000 -1.000 -3.000 -0.000 0 NA
30.00 0.03000 30.1 0.00000 0 -3.000 -1.000 -3.000 -0.000 0 NA
35.00 0.03000 35.0 0.00000 0 -3.000 -1.000 -3.000 -0.000 0 NA
40.00 0.03000 40.0 0.00000 0 -3.000 -1.000 -3.000 -0.000 0 NA
45.00 0.03000 45.0 0.00000 0 -3.000 -1.000 -3.000 -0.000 0 NA
50.00 0.03000 50.0 0.00000 0 -3.000 -1.000 -3.000 -0.000 0 NA
55.00 0.03000 55.0 0.00000 0 -3.000 -1.000 -3.000 -0.000 0 NA
60.00 0.03000 60.0 0.00005 0 -3.000 -1.000 -3.000 -0.000 0 NA
65.00 0.02769 65.0 0.00007 0 -3.000 -1.000 -3.000 -0.000 0 NA
70.00 0.02571 70.0 0.00012 0 -3.000 -1.000 -3.000 -0.000 0 NA
75.00 0.02400 75.0 0.00021 0 -3.000 -1.000 -3.000 -0.000 0 NA
80.00 0.02250 80.0 0.00035 0 -3.000 -1.000 -3.000 -0.000 0 NA
85.00 0.02118 85.1 0.00056 0 -3.000 -1.000 -3.000 -0.000 0 NA
90.00 0.02000 90.1 0.00087 0 -3.000 -1.000 -3.000 -0.000 0 NA
95.00 0.01895 95.1 0.00127 0 -3.000 -1.000 -3.000 -0.000 0 NA
100.00 0.01800 100.0 0.00178 0 -3.000 -1.000 -3.000 -0.000 0 NA
105.00 0.01714 105.0 0.00241 0 -3.000 -1.000 -3.000 -0.000 0 NA
110.00 0.01636 110.1 0.00318 0 -3.000 -1.000 -3.000 -0.000 0 NA
115.00 0.01565 115.1 0.00405 0 -3.000 -1.000 -3.000 -0.000 0 NA
120.00 0.01500 120.1 0.00507 0 -3.000 -1.000 -3.000 -0.000 0 NA
125.00 0.01440 125.0 0.00621 0 -3.000 -1.000 -3.000 -0.000 0 NA
130.00 0.01385 130.1 0.00747 0 -3.000 -1.000 -3.000 -0.000 0 NA
135.00 0.01333 135.1 0.00886 0 -3.000 -1.000 -3.000 -0.000 0 NA
140.00 0.01286 140.1 0.01035 0 -3.000 -1.000 -3.000 -0.000 0 NA
145.00 0.01241 145.1 0.01194 0 -3.000 -1.000 -3.000 -0.000 0 NA
150.00 0.01200 150.1 0.01364 1 -3.000 -1.000 -3.000 -0.000 0 NA
0.00 0.03000 0.1 0.00000 0 -4.000 -1.000 -4.000 -0.000 0 NA
5.00 0.03000 5.1 0.00000 0 -4.000 -1.000 -4.000 -0.000 0 NA
10.00 0.03000 10.1 0.00000 0 -4.000 -1.000 -4.000 -0.000 0 NA
15.00 0.03000 15.1 0.00000 0 -4.000 -1.000 -4.000 -0.000 0 NA
20.00 0.03000 20.1 0.00000 0 -4.000 -1.000 -4.000 -0.000 0 NA
25.00 0.03000 25.1 0.00000 0 -4.000 -1.000 -4.000 -0.000 0 NA
30.00 0.03000 30.1 0.00000 0 -4.000 -1.000 -4.000 -0.000 0 NA
35.00 0.03000 35.0 0.00000 0 -4.000 -1.000 -4.000 -0.000 0 NA
40.00 0.03000 40.0 0.00000 0 -4.000 -1.000 -4.000 -0.000 0 NA
45.00 0.03000 45.0 0.00000 0 -4.000 -1.000 -4.000 -0.000 0 NA
50.00 0.03000 50.0 0.00000 0 -4.000 -1.000 -4.000 -0.000 0 NA
55.00 0.03000 55.0 0.00000 0 -4.000 -1.000 -4.000 -0.000 0 NA
60.00 0.03000 60.0 0.00000 0 -4.000 -1.000 -4.000 -0.000 0 NA
65.00 0.02769 65.0 0.00000 0 -4.000 -1.000 -4.000 -0.000 0 NA
70.00 0.02571 70.0 0.00000 0 -4.000 -1.000 -4.000 -0.000 0 NA
75.00 0.02400 75.0 0.00000 0 -4.000 -1.000 -4.000 -0.000 0 NA
80.00 0.02250 80.0 0.00000 0 -4.000 -1.000 -4.000 -0.000 0 NA
85.00 0.02118 85.1 0.00006 0 -4.000 -1.000 -4.000 -0.000 0 NA
90.00 0.02000 90.1 0.00009 0 -4.000 -1.000 -4.000 -0.000 0 NA
95.00 0.01895 95.1 0.00014 0 -4.000 -1.000 -4.000 -0.000 0 NA
100.00 0.01800 100.0 0.00022 0 -4.000 -1.000 -4.000 -0.000 0 NA
105.00 0.01714 105.0 0.00035 0 -4.000 -1.000 -4.000 -0.000 0 NA
110.00 0.01636 110.1 0.00054 0 -4.000 -1.000 -4.000 -0.000 0 NA
115.00 0.01565 115.0 0.00079 0 -4.000 -1.000 -4.000 -0.000 0 NA
120.00 0.01500 120.1 0.00113 0 -4.000 -1.000 -4.000 -0.000 0 NA
125.00 0.01440 125.1 0.00154 0 -4.000 -1.000 -4.000 -0.000 0 NA
130.00 0.01385 130.1 0.00205 0 -4.000 -1.000 -4.000 -0.000 0 NA
135.00 0.01333 135.1 0.00267 0 -4.000 -1.000 -4.000 -0.000 0 NA
140.00 0.01286 140.1 0.00339 0 -4.000 -1.000 -4.000 -0.000 0 NA
145.00 0.01241 145.1 0.00421 0 -4.000 -1.000 -4.000 -0.000 0 NA
150.00 0.01200 150.1 0.00516 0 -4.000 -1.000 -4.000 -0.000 0 NA
155.00 0.01161 155.1 0.00621 0 -4.000 -1.000 -4.000 -0.000 0 NA
160.00 0.01125 160.1 0.00738 0 -4.000 -1.000 -4.000 -0.000 0 NA
165.00 0.01091 165.1 0.00866 0 -4.000 -1.000 -4.000 -0.000 0 NA
170.00 0.01059 170.1 0.01005 0 -4.000 -1.000 -4.000 -0.000 0 NA
175.00 0.01029 175.1 0.01153 1 -4.000 -1.000 -4.000 -0.000 0 NA
0.00 0.03000 0.1 0.00000 0 -5.000 -1.000 -5.000 -0.000 0 NA
5.00 0.03000 5.1 0.00000 0 -5.000 -1.000 -5.000 -0.000 0 NA
10.00 0.03000 10.1 0.00000 0 -5.000 -1.000 -5.000 -0.000 0 NA
15.00 0.03000 15.1 0.00000 0 -5.000 -1.000 -5.000 -0.000 0 NA
20.00 0.03000 20.1 0.00000 0 -5.000 -1.000 -5.000 -0.000 0 NA
25.00 0.03000 25.1 0.00000 0 -5.000 -1.000 -5.000 -0.000 0 NA
30.00 0.03000 30.1 0.00000 0 -5.000 -1.000 -5.000 -0.000 0 NA
35.00 0.03000 35.0 0.00000 0 -5.000 -1.000 -5.000 -0.000 0 NA
40.00 0.03000 40.0 0.00000 0 -5.000 -1.000 -5.000 -0.000 0 NA
45.00 0.03000 45.0 0.00000 0 -5.000 -1.000 -5.000 -0.000 0 NA
50.00 0.03000 50.0 0.00000 0 -5.000 -1.000 -5.000 -0.000 0 NA
55.00 0.03000 55.0 0.00000 0 -5.000 -1.000 -5.000 -0.000 0 NA
60.00 0.03000 60.0 0.00000 0 -5.000 -1.000 -5.000 -0.000 0 NA
65.00 0.02769 65.0 0.00000 0 -5.000 -1.000 -5.000 -0.000 0 NA
70.00 0.02571 70.0 0.00000 0 -5.000 -1.000 -5.000 -0.000 0 NA
75.00 0.02400 75.0 0.00000 0 -5.000 -1.000 -5.000 -0.000 0 NA
80.00 0.02250 80.1 0.00000 0 -5.000 -1.000 -5.000 -0.000 0 NA
85.00 0.02118 85.1 0.00000 0 -5.000 -1.000 -5.000 -0.000 0 NA
90.00 0.02000 90.1 0.00000 0 -5.000 -1.000 -5.000 -0.000 0 NA
95.00 0.01895 95.1 0.00000 0 -5.000 -1.000 -5.000 -0.000 0 NA
100.00 0.01800 100.0 0.00000 0 -5.000 -1.000 -5.000 -0.000 0 NA
105.00 0.01714 105.0 0.00005 0 -5.000 -1.000 -5.000 -0.000 0 NA
110.00 0.01636 110.1 0.00007 0 -5.000 -1.000 -5.000 -0.000 0 NA
115.00 0.01565 115.0 0.00010 0 -5.000 -1.000 -5.000 -0.000 0 NA
120.00 0.01500 120.1 0.00016 0 -5.000 -1.000 -5.000 -0.000 0 NA
125.00 0.01440 125.1 0.00024 0 -5.000 -1.000 -5.000 -0.000 0 NA
130.00 0.01385 130.1 0.00035 0 -5.000 -1.000 -5.000 -0.000 0 NA
135.00 0.01333 135.1 0.00052 0 -5.000 -1.000 -5.000 -0.000 0 NA
140.00 0.01286 140.1 0.00074 0 -5.000 -1.000 -5.000 -0.000 0 NA
145.00 0.01241 145.1 0.00102 0 -5.000 -1.000 -5.000 -0.000 0 NA
150.00 0.01200 150.1 0.00138 0 -5.000 -1.000 -5.000 -0.000 0 NA
155.00 0.01161 155.1 0.00181 0 -5.000 -1.000 -5.000 -0.000 0 NA
160.00 0.01125 160.1 0.00233 0 -5.000 -1.000 -5.000 -0.000 0 NA
165.00 0.01091 165.1 0.00292 0 -5.000 -1.000 -5.000 -0.000 0 NA
170.00 0.01059 170.1 0.00362 0 -5.000 -1.000 -5.000 -0.000 0 NA
175.00 0.01029 175.1 0.00441 0 -5.000 -1.000 -5.000 -0.000 0 NA
180.00 0.01000 180.1 0.00531 0 -5.000 -1.000 -5.000 -0.000 0 NA
185.00 0.00973 185.1 0.00630 0 -5.000 -1.000 -5.000 -0.000 0 NA
190.00 0.00947 190.1 0.00739 0 -5.000 -1.000 -5.000 -0.000 0 NA
195.00 0.00923 195.1 0.00859 0 -5.000 -1.000 -5.000 -0.000 0 NA
200.00 0.00900 200.1 0.00990 1 -5.000 -1.000 -5.000 -0.000 0 NA
0.00 0.03000 0.2 0.00000 0 -6.000 -0.833 -6.000 -0.000 0 NA
5.00 0.03000 5.1 0.00000 0 -6.000 -0.833 -6.000 -0.000 0 NA
10.00 0.03000 10.1 0.00000 0 -6.000 -0.833 -6.000 -0.000 0 NA
15.00 0.03000 15.1 0.00000 0 -6.000 -0.833 -6.000 -0.000 0 NA
20.00 0.03000 20.1 0.00000 0 -6.000 -0.833 -6.000 -0.000 0 NA
25.00 0.03000 25.0 0.00000 0 -6.000 -0.833 -6.000 -0.000 0 NA
30.00 0.03000 30.1 0.00000 0 -6.000 -0.833 -6.000 -0.000 0 NA
35.00 0.03000 35.0 0.00000 0 -6.000 -0.833 -6.000 -0.000 0 NA
40.00 0.03000 40.0 0.00000 0 -6.000 -0.833 -6.000 -0.000 0 NA
45.00 0.03000 45.0 0.00000 0 -6.000 -0.833 -6.000 -0.000 0 NA
50.00 0.03000 50.0 0.00000 0 -6.000 -0.833 -6.000 -0.000 0 NA
55.00 0.03000 55.0 0.00000 0 -6.000 -0.833 -6.000 -0.000 0 NA
60.00 0.03000 60.0 0.00000 0 -6.000 -0.833 -6.000 -0.000 0 NA
65.00 0.02769 65.0 0.00000 0 -6.000 -0.833 -6.000 -0.000 0 NA
70.00 0.02571 70.0 0.00000 0 -6.000 -0.833 -6.000 -0.000 0 NA
75.00 0.02400 75.0 0.00000 0 -6.000 -0.833 -6.000 -0.000 0 NA
80.00 0.02250 80.1 0.00000 0 -6.000 -0.833 -6.000 -0.000 0 NA
85.00 0.02118 85.1 0.00000 0 -6.000 -0.833 -6.000 -0.000 0 NA
90.00 0.02000 90.1 0.00000 0 -6.000 -0.833 -6.000 -0.000 0 NA
95.00 0.01895 95.1 0.00000 0 -6.000 -0.833 -6.000 -0.000 0 NA
100.00 0.01800 100.0 0.00000 0 -6.000 -0.833 -6.000 -0.000 0 NA
105.00 0.01714 105.0 0.00000 0 -6.000 -0.833 -6.000 -0.000 0 NA
110.00 0.01636 110.1 0.00000 0 -6.000 -0.833 -6.000 -0.000 0 NA
115.00 0.01565 115.1 0.00000 0 -6.000 -0.833 -6.000 -0.000 0 NA
120.00 0.01500 120.1 0.00000 0 -6.000 -0.833 -6.000 -0.000 0 NA
125.00 0.01440 125.0 0.00000 0 -6.000 -0.833 -6.000 -0.000 0 NA
130.00 0.01385 130.1 0.00006 0 -6.000 -0.833 -6.000 -0.000 0 NA
135.00 0.01333 135.1 0.00008 0 -6.000 -0.833 -6.000 -0.000 0 NA
140.00 0.01286 140.1 0.00012 0 -6.000 -0.833 -6.000 -0.000 0 NA
145.00 0.01241 145.1 0.00018 0 -6.000 -0.833 -6.000 -0.000 0 NA
150.00 0.01200 150.1 0.00026 0 -6.000 -0.833 -6.000 -0.000 0 NA
155.00 0.01161 155.1 0.00036 0 -6.000 -0.833 -6.000 -0.000 0 NA
160.00 0.01125 160.1 0.00052 0 -6.000 -0.833 -6.000 -0.000 0 NA
165.00 0.01091 165.1 0.00071 0 -6.000 -0.833 -6.000 -0.000 0 NA
170.00 0.01059 170.1 0.00097 0 -6.000 -0.833 -6.000 -0.000 0 NA
175.00 0.01029 175.1 0.00127 0 -6.000 -0.833 -6.000 -0.000 0 NA
180.00 0.01000 180.1 0.00164 0 -6.000 -0.833 -6.000 -0.000 0 NA
185.00 0.00973 185.1 0.00209 0 -6.000 -0.833 -6.000 -0.000 0 NA
190.00 0.00947 190.1 0.00261 0 -6.000 -0.833 -6.000 -0.000 0 NA
195.00 0.00923 195.1 0.00320 0 -6.000 -0.833 -6.000 -0.000 0 NA
200.00 0.00900 200.1 0.00389 0 -6.000 -0.833 -6.000 -0.000 0 NA
205.00 0.00878 205.1 0.00466 0 -6.000 -0.833 -6.000 -0.000 0 NA
210.00 0.00857 210.1 0.00552 0 -6.000 -0.833 -6.000 -0.000 0 NA
215.00 0.00837 215.1 0.00647 0 -6.000 -0.833 -6.000 -0.000 0 NA
220.00 0.00818 220.1 0.00752 0 -6.000 -0.833 -6.000 -0.000 0 NA
225.00 0.00800 225.1 0.00866 1 -6.000 -0.833 -6.000 -0.000 0 NA
0.00 0.03000 0.1 0.00000 0 -7.000 -0.714 -7.000 -0.000 0 NA
5.00 0.03000 5.1 0.00000 0 -7.000 -0.714 -7.000 -0.000 0 NA
10.00 0.03000 10.1 0.00000 0 -7.000 -0.714 -7.000 -0.000 0 NA
15.00 0.03000 15.1 0.00000 0 -7.000 -0.714 -7.000 -0.000 0 NA
20.00 0.03000 20.1 0.00000 0 -7.000 -0.714 -7.000 -0.000 0 NA
25.00 0.03000 25.0 0.00000 0 -7.000 -0.714 -7.000 -0.000 0 NA
30.00 0.03000 30.1 0.00000 0 -7.000 -0.714 -7.000 -0.000 0 NA
35.00 0.03000 35.0 0.00000 0 -7.000 -0.714 -7.000 -0.000 0 NA
40.00 0.03000 40.0 0.00000 0 -7.000 -0.714 -7.000 -0.000 0 NA
45.00 0.03000 45.0 0.00000 0 -7.000 -0.714 -7.000 -0.000 0 NA
50.00 0.03000 50.0 0.00000 0 -7.000 -0.714 -7.000 -0.000 0 NA
55.00 0.03000 55.0 0.00000 0 -7.000 -0.714 -7.000 -0.000 0 NA
60.00 0.03000 60.0 0.00000 0 -7.000 -0.714 -7.000 -0.000 0 NA
65.00 0.02769 65.0 0.00000 0 -7.000 -0.714 -7.000 -0.000 0 NA
70.00 0.02571 70.0 0.00000 0 -7.000 -0.714 -7.000 -0.000 0 NA
75.00 0.02400 75.0 0.00000 0 -7.000 -0.714 -7.000 -0.000 0 NA
80.00 0.02250 80.1 0.00000 0 -7.000 -0.714 -7.000 -0.000 0 NA
85.00 0.02118 85.1 0.00000 0 -7.000 -0.714 -7.000 -0.000 0 NA
90.00 0.02000 90.1 0.00000 0 -7.000 -0.714 -7.000 -0.000 0 NA
95.00 0.01895 95.1 0.00000 0 -7.000 -0.714 -7.000 -0.000 0 NA
100.00 0.01800 100.0 0.00000 0 -7.000 -0.714 -7.000 -0.000 0 NA
105.00 0.01714 105.0 0.00000 0 -7.000 -0.714 -7.000 -0.000 0 NA
110.00 0.01636 110.1 0.00000 0 -7.000 -0.714 -7.000 -0.000 0 NA
115.00 0.01565 115.1 0.00000 0 -7.000 -0.714 -7.000 -0.000 0 NA
120.00 0.01500 120.1 0.00000 0 -7.000 -0.714 -7.000 -0.000 0 NA
125.00 0.01440 125.1 0.00000 0 -7.000 -0.714 -7.000 -0.000 0 NA
130.00 0.01385 130.1 0.00000 0 -7.000 -0.714 -7.000 -0.000 0 NA
135.00 0.01333 135.1 0.00000 0 -7.000 -0.714 -7.000 -0.000 0 NA
140.00 0.01286 140.1 0.00000 0 -7.000 -0.714 -7.000 -0.000 0 NA
145.00 0.01241 145.1 0.00000 0 -7.000 -0.714 -7.000 -0.000 0 NA
150.00 0.01200 150.1 0.00005 0 -7.000 -0.714 -7.000 -0.000 0 NA
155.00 0.01161 155.1 0.00007 0 -7.000 -0.714 -7.000 -0.000 0 NA
160.00 0.01125 160.1 0.00010 0 -7.000 -0.714 -7.000 -0.000 0 NA
165.00 0.01091 165.1 0.00014 0 -7.000 -0.714 -7.000 -0.000 0 NA
170.00 0.01059 170.1 0.00019 0 -7.000 -0.714 -7.000 -0.000 0 NA
175.00 0.01029 175.1 0.00027 0 -7.000 -0.714 -7.000 -0.000 0 NA
180.00 0.01000 180.1 0.00037 0 -7.000 -0.714 -7.000 -0.000 0 NA
185.00 0.00973 185.1 0.00051 0 -7.000 -0.714 -7.000 -0.000 0 NA
190.00 0.00947 190.1 0.00070 0 -7.000 -0.714 -7.000 -0.000 0 NA
195.00 0.00923 195.1 0.00092 0 -7.000 -0.714 -7.000 -0.000 0 NA
200.00 0.00900 200.1 0.00120 0 -7.000 -0.714 -7.000 -0.000 0 NA
205.00 0.00878 205.1 0.00152 0 -7.000 -0.714 -7.000 -0.000 0 NA
210.00 0.00857 210.1 0.00191 0 -7.000 -0.714 -7.000 -0.000 0 NA
215.00 0.00837 215.1 0.00237 0 -7.000 -0.714 -7.000 -0.000 0 NA
220.00 0.00818 220.1 0.00289 0 -7.000 -0.714 -7.000 -0.000 0 NA
225.00 0.00800 225.1 0.00349 0 -7.000 -0.714 -7.000 -0.000 0 NA
230.00 0.00783 230.1 0.00416 0 -7.000 -0.714 -7.000 -0.000 0 NA
235.00 0.00766 235.1 0.00491 0 -7.000 -0.714 -7.000 -0.000 0 NA
240.00 0.00750 240.1 0.00575 0 -7.000 -0.714 -7.000 -0.000 0 NA
245.00 0.00735 245.1 0.00667 0 -7.000 -0.714 -7.000 -0.000 0 NA
250.00 0.00720 250.1 0.00769 1 -7.000 -0.714 -7.000 -0.000 0 NA
0.00 0.03000 0.1 0.00000 0 -8.000 -0.625 -8.000 -0.000 0 NA
5.00 0.03000 5.1 0.00000 0 -8.000 -0.625 -8.000 -0.000 0 NA
10.00 0.03000 10.1 0.00000 0 -8.000 -0.625 -8.000 -0.000 0 NA
15.00 0.03000 15.1 0.00000 0 -8.000 -0.625 -8.000 -0.000 0 NA
20.00 0.03000 20.1 0.00000 0 -8.000 -0.625 -8.000 -0.000 0 NA
25.00 0.03000 25.1 0.00000 0 -8.000 -0.625 -8.000 -0.000 0 NA
30.00 0.03000 30.1 0.00000 0 -8.000 -0.625 -8.000 -0.000 0 NA
35.00 0.03000 35.0 0.00000 0 -8.000 -0.625 -8.000 -0.000 0 NA
40.00 0.03000 40.0 0.00000 0 -8.000 -0.625 -8.000 -0.000 0 NA
45.00 0.03000 45.0 0.00000 0 -8.000 -0.625 -8.000 -0.000 0 NA
50.00 0.03000 50.0 0.00000 0 -8.000 -0.625 -8.000 -0.000 0 NA
55.00 0.03000 55.0 0.00000 0 -8.000 -0.625 -8.000 -0.000 0 NA
60.00 0.03000 60.0 0.00000 0 -8.000 -0.625 -8.000 -0.000 0 NA
65.00 0.02769 65.0 0.00000 0 -8.000 -0.625 -8.000 -0.000 0 NA
70.00 0.02571 70.0 0.00000 0 -8.000 -0.625 -8.000 -0.000 0 NA
75.00 0.02400 75.0 0.00000 0 -8.000 -0.625 -8.000 -0.000 0 NA
80.00 0.02250 80.0 0.00000 0 -8.000 -0.625 -8.000 -0.000 0 NA
85.00 0.02118 85.1 0.00000 0 -8.000 -0.625 -8.000 -0.000 0 NA
90.00 0.02000 90.1 0.00000 0 -8.000 -0.625 -8.000 -0.000 0 NA
95.00 0.01895 95.1 0.00000 0 -8.000 -0.625 -8.000 -0.000 0 NA
100.00 0.01800 100.0 0.00000 0 -8.000 -0.625 -8.000 -0.000 0 NA
105.00 0.01714 105.0 0.00000 0 -8.000 -0.625 -8.000 -0.000 0 NA
110.00 0.01636 110.1 0.00000 0 -8.000 -0.625 -8.000 -0.000 0 NA
115.00 0.01565 115.1 0.00000 0 -8.000 -0.625 -8.000 -0.000 0 NA
120.00 0.01500 120.1 0.00000 0 -8.000 -0.625 -8.000 -0.000 0 NA
125.00 0.01440 125.0 0.00000 0 -8.000 -0.625 -8.000 -0.000 0 NA
130.00 0.01385 130.1 0.00000 0 -8.000 -0.625 -8.000 -0.000 0 NA
135.00 0.01333 135.1 0.00000 0 -8.000 -0.625 -8.000 -0.000 0 NA
140.00 0.01286 140.1 0.00000 0 -8.000 -0.625 -8.000 -0.000 0 NA
145.00 0.01241 145.1 0.00000 0 -8.000 -0.625 -8.000 -0.000 0 NA
150.00 0.01200 150.1 0.00000 0 -8.000 -0.625 -8.000 -0.000 0 NA
155.00 0.01161 155.1 0.00000 0 -8.000 -0.625 -8.000 -0.000 0 NA
160.00 0.01125 160.1 0.00000 0 -8.000 -0.625 -8.000 -0.000 0 NA
165.00 0.01091 165.1 0.00000 0 -8.000 -0.625 -8.000 -0.000 0 NA
170.00 0.01059 170.1 0.00005 0 -8.000 -0.625 -8.000 -0.000 0 NA
175.00 0.01029 175.1 0.00007 0 -8.000 -0.625 -8.000 -0.000 0 NA
180.00 0.01000 180.1 0.00008 0 -8.000 -0.625 -8.000 -0.000 0 NA
185.00 0.00973 185.1 0.00011 0 -8.000 -0.625 -8.000 -0.000 0 NA
190.00 0.00947 190.1 0.00015 0 -8.000 -0.625 -8.000 -0.000 0 NA
195.00 0.00923 195.1 0.00021 0 -8.000 -0.625 -8.000 -0.000 0 NA
200.00 0.00900 200.1 0.00028 0 -8.000 -0.625 -8.000 -0.000 0 NA
205.00 0.00878 205.1 0.00039 0 -8.000 -0.625 -8.000 -0.000 0 NA
210.00 0.00857 210.1 0.00052 0 -8.000 -0.625 -8.000 -0.000 0 NA
215.00 0.00837 215.1 0.00069 0 -8.000 -0.625 -8.000 -0.000 0 NA
220.00 0.00818 220.1 0.00090 0 -8.000 -0.625 -8.000 -0.000 0 NA
225.00 0.00800 225.1 0.00114 0 -8.000 -0.625 -8.000 -0.000 0 NA
230.00 0.00783 230.1 0.00144 0 -8.000 -0.625 -8.000 -0.000 0 NA
235.00 0.00766 235.1 0.00179 0 -8.000 -0.625 -8.000 -0.000 0 NA
240.00 0.00750 240.1 0.00220 0 -8.000 -0.625 -8.000 -0.000 0 NA
245.00 0.00735 245.1 0.00267 0 -8.000 -0.625 -8.000 -0.000 0 NA
250.00 0.00720 250.1 0.00320 0 -8.000 -0.625 -8.000 -0.000 0 NA
255.00 0.00706 255.1 0.00380 0 -8.000 -0.625 -8.000 -0.000 0 NA
260.00 0.00692 260.1 0.00447 0 -8.000 -0.625 -8.000 -0.000 0 NA
265.00 0.00679 265.1 0.00522 0 -8.000 -0.625 -8.000 -0.000 0 NA
270.00 0.00667 270.1 0.00604 0 -8.000 -0.625 -8.000 -0.000 0 NA
275.00 0.00655 275.1 0.00695 1 -8.000 -0.625 -8.000 -0.000 0 NA
