% * Sample: 6H23pi_8_UNIT2
% * Date / time: 2025-01-25 13:50:21.375731
% * R2CONTROL =  NOT SPECIFIED
% Column 1:  PSU1 nominal voltage setting (V)
% Column 2:  PSU1 nominal current setting (A)
% Column 3:  PSU1 voltage measurement (V)
% Column 4:  PSU1 current measurement (I)
% Column 5:  PSU1 limiter flag
% Column 6:  PSU2 nominal voltage setting (V)
% Column 7:  PSU2 nominal current setting (A)
% Column 8:  PSU2 voltage measurement (V)
% Column 9:  PSU2 current measurement (I)
% Column 10: PSU2 limiter flag
% Column 11: Heaterblock temperature (°C)
% * OPERATING POINT AT END OF PREHEAT / IDLE: U1 = 90.1 V  I1 = 0.01501 A  U2 = -0.846 V  I2 = -0.000 A  T = NA °C
0.00 0.03000 0.1 0.00000 0 -0.000 -1.000 -0.122 -0.000 0 NA
5.00 0.03000 5.1 0.00064 0 -0.000 -1.000 -0.124 -0.000 0 NA
10.00 0.03000 10.1 0.00137 0 -0.000 -1.000 -0.111 -0.000 0 NA
15.00 0.03000 15.1 0.00231 0 -0.000 -1.000 -0.094 -0.000 0 NA
20.00 0.03000 20.1 0.00342 0 -0.000 -1.000 -0.085 -0.000 0 NA
25.00 0.03000 25.1 0.00464 0 -0.000 -1.000 -0.073 -0.000 0 NA
30.00 0.03000 30.1 0.00596 0 -0.000 -1.000 -0.064 -0.000 0 NA
35.00 0.03000 35.0 0.00733 0 -0.000 -1.000 -0.059 -0.000 0 NA
40.00 0.03000 40.0 0.00874 0 -0.000 -1.000 -0.052 -0.000 0 NA
45.00 0.03000 45.0 0.01022 0 -0.000 -1.000 -0.000 -0.000 0 NA
50.00 0.03000 50.0 0.01172 0 -0.000 -1.000 -0.000 -0.000 0 NA
55.00 0.03000 55.0 0.01327 0 -0.000 -1.000 -0.000 -0.000 0 NA
60.00 0.03000 60.0 0.01484 0 -0.000 -1.000 -0.000 -0.000 0 NA
65.00 0.02769 65.0 0.01643 0 -0.000 -1.000 -0.000 -0.000 0 NA
70.00 0.02571 70.0 0.01804 0 -0.000 -1.000 -0.000 -0.000 0 NA
75.00 0.02400 75.0 0.01966 0 -0.000 -1.000 -0.000 -0.000 0 NA
80.00 0.02250 80.1 0.02130 0 -0.000 -1.000 -0.000 -0.000 0 NA
85.00 0.02118 76.2 0.02001 1 -0.000 -1.000 -0.000 -0.000 0 NA
0.00 0.03000 0.1 0.00000 0 -1.000 -1.000 -1.000 -0.000 0 NA
5.00 0.03000 5.1 0.00000 0 -1.000 -1.000 -1.000 -0.000 0 NA
10.00 0.03000 10.1 0.00000 0 -1.000 -1.000 -1.000 -0.000 0 NA
15.00 0.03000 15.1 0.00007 0 -1.000 -1.000 -1.000 -0.000 0 NA
20.00 0.03000 20.1 0.00016 0 -1.000 -1.000 -1.000 -0.000 0 NA
25.00 0.03000 25.1 0.00035 0 -1.000 -1.000 -1.000 -0.000 0 NA
30.00 0.03000 30.1 0.00070 0 -1.000 -1.000 -1.000 -0.000 0 NA
35.00 0.03000 35.0 0.00120 0 -1.000 -1.000 -1.000 -0.000 0 NA
40.00 0.03000 40.0 0.00187 0 -1.000 -1.000 -1.000 -0.000 0 NA
45.00 0.03000 45.0 0.00269 0 -1.000 -1.000 -1.000 -0.000 0 NA
50.00 0.03000 50.0 0.00360 0 -1.000 -1.000 -1.000 -0.000 0 NA
55.00 0.03000 55.0 0.00461 0 -1.000 -1.000 -1.000 -0.000 0 NA
60.00 0.03000 60.0 0.00571 0 -1.000 -1.000 -1.000 -0.000 0 NA
65.00 0.02769 65.0 0.00689 0 -1.000 -1.000 -1.000 -0.000 0 NA
70.00 0.02571 70.0 0.00815 0 -1.000 -1.000 -1.000 -0.000 0 NA
75.00 0.02400 75.0 0.00947 0 -1.000 -1.000 -1.000 -0.000 0 NA
80.00 0.02250 80.0 0.01085 0 -1.000 -1.000 -1.000 -0.000 0 NA
85.00 0.02118 85.1 0.01228 0 -1.000 -1.000 -1.000 -0.000 0 NA
90.00 0.02000 90.1 0.01375 0 -1.000 -1.000 -1.000 -0.000 0 NA
95.00 0.01895 95.1 0.01526 0 -1.000 -1.000 -1.000 -0.000 0 NA
100.00 0.01800 100.0 0.01681 0 -1.000 -1.000 -1.000 -0.000 0 NA
105.00 0.01714 105.0 0.01838 1 -1.000 -1.000 -1.000 -0.000 0 NA
0.00 0.03000 0.1 0.00000 0 -2.000 -1.000 -2.000 -0.000 0 NA
5.00 0.03000 5.1 0.00000 0 -2.000 -1.000 -2.000 -0.000 0 NA
10.00 0.03000 10.1 0.00000 0 -2.000 -1.000 -2.000 -0.000 0 NA
15.00 0.03000 15.1 0.00000 0 -2.000 -1.000 -2.000 -0.000 0 NA
20.00 0.03000 20.1 0.00000 0 -2.000 -1.000 -2.000 -0.000 0 NA
25.00 0.03000 25.1 0.00000 0 -2.000 -1.000 -2.000 -0.000 0 NA
30.00 0.03000 30.1 0.00000 0 -2.000 -1.000 -2.000 -0.000 0 NA
35.00 0.03000 35.0 0.00000 0 -2.000 -1.000 -2.000 -0.000 0 NA
40.00 0.03000 40.0 0.00007 0 -2.000 -1.000 -2.000 -0.000 0 NA
45.00 0.03000 45.0 0.00012 0 -2.000 -1.000 -2.000 -0.000 0 NA
50.00 0.03000 50.0 0.00022 0 -2.000 -1.000 -2.000 -0.000 0 NA
55.00 0.03000 55.0 0.00041 0 -2.000 -1.000 -2.000 -0.000 0 NA
60.00 0.03000 60.0 0.00070 0 -2.000 -1.000 -2.000 -0.000 0 NA
65.00 0.02769 65.0 0.00111 0 -2.000 -1.000 -2.000 -0.000 0 NA
70.00 0.02571 70.0 0.00166 0 -2.000 -1.000 -2.000 -0.000 0 NA
75.00 0.02400 75.0 0.00234 0 -2.000 -1.000 -2.000 -0.000 0 NA
80.00 0.02250 80.1 0.00314 0 -2.000 -1.000 -2.000 -0.000 0 NA
85.00 0.02118 85.1 0.00403 0 -2.000 -1.000 -2.000 -0.000 0 NA
90.00 0.02000 90.1 0.00500 0 -2.000 -1.000 -2.000 -0.000 0 NA
95.00 0.01895 95.1 0.00605 0 -2.000 -1.000 -2.000 -0.000 0 NA
100.00 0.01800 100.0 0.00718 0 -2.000 -1.000 -2.000 -0.000 0 NA
105.00 0.01714 105.0 0.00838 0 -2.000 -1.000 -2.000 -0.000 0 NA
110.00 0.01636 110.1 0.00965 0 -2.000 -1.000 -2.000 -0.000 0 NA
115.00 0.01565 115.1 0.01099 0 -2.000 -1.000 -2.000 -0.000 0 NA
120.00 0.01500 120.1 0.01238 0 -2.000 -1.000 -2.000 -0.000 0 NA
125.00 0.01440 125.1 0.01382 0 -2.000 -1.000 -2.000 -0.000 0 NA
130.00 0.01385 130.1 0.01531 1 -2.000 -1.000 -2.000 -0.000 0 NA
0.00 0.03000 0.1 0.00000 0 -3.000 -1.000 -3.000 -0.000 0 NA
5.00 0.03000 5.1 0.00000 0 -3.000 -1.000 -3.000 -0.000 0 NA
10.00 0.03000 10.1 0.00000 0 -3.000 -1.000 -3.000 -0.000 0 NA
15.00 0.03000 15.1 0.00000 0 -3.000 -1.000 -3.000 -0.000 0 NA
20.00 0.03000 20.1 0.00000 0 -3.000 -1.000 -3.000 -0.000 0 NA
25.00 0.03000 25.1 0.00000 0 -3.000 -1.000 -3.000 -0.000 0 NA
30.00 0.03000 30.1 0.00000 0 -3.000 -1.000 -3.000 -0.000 0 NA
35.00 0.03000 35.0 0.00000 0 -3.000 -1.000 -3.000 -0.000 0 NA
40.00 0.03000 40.0 0.00000 0 -3.000 -1.000 -3.000 -0.000 0 NA
45.00 0.03000 45.0 0.00000 0 -3.000 -1.000 -3.000 -0.000 0 NA
50.00 0.03000 50.0 0.00000 0 -3.000 -1.000 -3.000 -0.000 0 NA
55.00 0.03000 55.0 0.00000 0 -3.000 -1.000 -3.000 -0.000 0 NA
60.00 0.03000 60.0 0.00000 0 -3.000 -1.000 -3.000 -0.000 0 NA
65.00 0.02769 65.0 0.00006 0 -3.000 -1.000 -3.000 -0.000 0 NA
70.00 0.02571 70.0 0.00010 0 -3.000 -1.000 -3.000 -0.000 0 NA
75.00 0.02400 75.0 0.00016 0 -3.000 -1.000 -3.000 -0.000 0 NA
80.00 0.02250 80.1 0.00028 0 -3.000 -1.000 -3.000 -0.000 0 NA
85.00 0.02118 85.1 0.00046 0 -3.000 -1.000 -3.000 -0.000 0 NA
90.00 0.02000 90.1 0.00072 0 -3.000 -1.000 -3.000 -0.000 0 NA
95.00 0.01895 95.1 0.00107 0 -3.000 -1.000 -3.000 -0.000 0 NA
100.00 0.01800 100.0 0.00154 0 -3.000 -1.000 -3.000 -0.000 0 NA
105.00 0.01714 105.0 0.00212 0 -3.000 -1.000 -3.000 -0.000 0 NA
110.00 0.01636 110.1 0.00281 0 -3.000 -1.000 -3.000 -0.000 0 NA
115.00 0.01565 115.1 0.00360 0 -3.000 -1.000 -3.000 -0.000 0 NA
120.00 0.01500 120.1 0.00447 0 -3.000 -1.000 -3.000 -0.000 0 NA
125.00 0.01440 125.1 0.00543 0 -3.000 -1.000 -3.000 -0.000 0 NA
130.00 0.01385 130.1 0.00645 0 -3.000 -1.000 -3.000 -0.000 0 NA
135.00 0.01333 135.1 0.00755 0 -3.000 -1.000 -3.000 -0.000 0 NA
140.00 0.01286 140.1 0.00872 0 -3.000 -1.000 -3.000 -0.000 0 NA
145.00 0.01241 145.1 0.00994 0 -3.000 -1.000 -3.000 -0.000 0 NA
150.00 0.01200 150.1 0.01124 0 -3.000 -1.000 -3.000 -0.000 0 NA
155.00 0.01161 155.1 0.01259 1 -3.000 -1.000 -3.000 -0.000 0 NA
0.00 0.03000 0.2 0.00000 0 -4.000 -1.000 -4.000 -0.000 0 NA
5.00 0.03000 5.1 0.00000 0 -4.000 -1.000 -4.000 -0.000 0 NA
10.00 0.03000 10.1 0.00000 0 -4.000 -1.000 -4.000 -0.000 0 NA
15.00 0.03000 15.1 0.00000 0 -4.000 -1.000 -4.000 -0.000 0 NA
20.00 0.03000 20.1 0.00000 0 -4.000 -1.000 -4.000 -0.000 0 NA
25.00 0.03000 25.1 0.00000 0 -4.000 -1.000 -4.000 -0.000 0 NA
30.00 0.03000 30.1 0.00000 0 -4.000 -1.000 -4.000 -0.000 0 NA
35.00 0.03000 35.0 0.00000 0 -4.000 -1.000 -4.000 -0.000 0 NA
40.00 0.03000 40.0 0.00000 0 -4.000 -1.000 -4.000 -0.000 0 NA
45.00 0.03000 45.0 0.00000 0 -4.000 -1.000 -4.000 -0.000 0 NA
50.00 0.03000 50.0 0.00000 0 -4.000 -1.000 -4.000 -0.000 0 NA
55.00 0.03000 55.0 0.00000 0 -4.000 -1.000 -4.000 -0.000 0 NA
60.00 0.03000 60.0 0.00000 0 -4.000 -1.000 -4.000 -0.000 0 NA
65.00 0.02769 65.0 0.00000 0 -4.000 -1.000 -4.000 -0.000 0 NA
70.00 0.02571 70.0 0.00000 0 -4.000 -1.000 -4.000 -0.000 0 NA
75.00 0.02400 75.0 0.00000 0 -4.000 -1.000 -4.000 -0.000 0 NA
80.00 0.02250 80.1 0.00000 0 -4.000 -1.000 -4.000 -0.000 0 NA
85.00 0.02118 85.1 0.00000 0 -4.000 -1.000 -4.000 -0.000 0 NA
90.00 0.02000 90.1 0.00006 0 -4.000 -1.000 -4.000 -0.000 0 NA
95.00 0.01895 95.1 0.00008 0 -4.000 -1.000 -4.000 -0.000 0 NA
100.00 0.01800 100.0 0.00014 0 -4.000 -1.000 -4.000 -0.000 0 NA
105.00 0.01714 105.0 0.00021 0 -4.000 -1.000 -4.000 -0.000 0 NA
110.00 0.01636 110.1 0.00033 0 -4.000 -1.000 -4.000 -0.000 0 NA
115.00 0.01565 115.1 0.00050 0 -4.000 -1.000 -4.000 -0.000 0 NA
120.00 0.01500 120.1 0.00075 0 -4.000 -1.000 -4.000 -0.000 0 NA
125.00 0.01440 125.1 0.00106 0 -4.000 -1.000 -4.000 -0.000 0 NA
130.00 0.01385 130.1 0.00148 0 -4.000 -1.000 -4.000 -0.000 0 NA
135.00 0.01333 135.1 0.00198 0 -4.000 -1.000 -4.000 -0.000 0 NA
140.00 0.01286 140.1 0.00259 0 -4.000 -1.000 -4.000 -0.000 0 NA
145.00 0.01241 145.1 0.00330 0 -4.000 -1.000 -4.000 -0.000 0 NA
150.00 0.01200 150.1 0.00409 0 -4.000 -1.000 -4.000 -0.000 0 NA
155.00 0.01161 155.1 0.00496 0 -4.000 -1.000 -4.000 -0.000 0 NA
160.00 0.01125 160.1 0.00591 0 -4.000 -1.000 -4.000 -0.000 0 NA
165.00 0.01091 165.1 0.00693 0 -4.000 -1.000 -4.000 -0.000 0 NA
170.00 0.01059 170.1 0.00802 0 -4.000 -1.000 -4.000 -0.000 0 NA
175.00 0.01029 175.1 0.00915 0 -4.000 -1.000 -4.000 -0.000 0 NA
180.00 0.01000 180.1 0.01036 1 -4.000 -1.000 -4.000 -0.000 0 NA
0.00 0.03000 0.1 0.00000 0 -5.000 -1.000 -5.000 -0.000 0 NA
5.00 0.03000 5.1 0.00000 0 -5.000 -1.000 -5.000 -0.000 0 NA
10.00 0.03000 10.1 0.00000 0 -5.000 -1.000 -5.000 -0.000 0 NA
15.00 0.03000 15.1 0.00000 0 -5.000 -1.000 -5.000 -0.000 0 NA
20.00 0.03000 20.1 0.00000 0 -5.000 -1.000 -5.000 -0.000 0 NA
25.00 0.03000 25.1 0.00000 0 -5.000 -1.000 -5.000 -0.000 0 NA
30.00 0.03000 30.1 0.00000 0 -5.000 -1.000 -5.000 -0.000 0 NA
35.00 0.03000 35.0 0.00000 0 -5.000 -1.000 -5.000 -0.000 0 NA
40.00 0.03000 40.0 0.00000 0 -5.000 -1.000 -5.000 -0.000 0 NA
45.00 0.03000 45.0 0.00000 0 -5.000 -1.000 -5.000 -0.000 0 NA
50.00 0.03000 50.0 0.00000 0 -5.000 -1.000 -5.000 -0.000 0 NA
55.00 0.03000 55.0 0.00000 0 -5.000 -1.000 -5.000 -0.000 0 NA
60.00 0.03000 60.0 0.00000 0 -5.000 -1.000 -5.000 -0.000 0 NA
65.00 0.02769 65.0 0.00000 0 -5.000 -1.000 -5.000 -0.000 0 NA
70.00 0.02571 70.0 0.00000 0 -5.000 -1.000 -5.000 -0.000 0 NA
75.00 0.02400 75.0 0.00000 0 -5.000 -1.000 -5.000 -0.000 0 NA
80.00 0.02250 80.1 0.00000 0 -5.000 -1.000 -5.000 -0.000 0 NA
85.00 0.02118 85.1 0.00000 0 -5.000 -1.000 -5.000 -0.000 0 NA
90.00 0.02000 90.1 0.00000 0 -5.000 -1.000 -5.000 -0.000 0 NA
95.00 0.01895 95.1 0.00000 0 -5.000 -1.000 -5.000 -0.000 0 NA
100.00 0.01800 100.0 0.00000 0 -5.000 -1.000 -5.000 -0.000 0 NA
105.00 0.01714 105.0 0.00000 0 -5.000 -1.000 -5.000 -0.000 0 NA
110.00 0.01636 110.1 0.00000 0 -5.000 -1.000 -5.000 -0.000 0 NA
115.00 0.01565 115.1 0.00006 0 -5.000 -1.000 -5.000 -0.000 0 NA
120.00 0.01500 120.1 0.00007 0 -5.000 -1.000 -5.000 -0.000 0 NA
125.00 0.01440 125.1 0.00011 0 -5.000 -1.000 -5.000 -0.000 0 NA
130.00 0.01385 130.1 0.00017 0 -5.000 -1.000 -5.000 -0.000 0 NA
135.00 0.01333 135.1 0.00025 0 -5.000 -1.000 -5.000 -0.000 0 NA
140.00 0.01286 140.1 0.00037 0 -5.000 -1.000 -5.000 -0.000 0 NA
145.00 0.01241 145.1 0.00055 0 -5.000 -1.000 -5.000 -0.000 0 NA
150.00 0.01200 150.1 0.00078 0 -5.000 -1.000 -5.000 -0.000 0 NA
155.00 0.01161 155.1 0.00106 0 -5.000 -1.000 -5.000 -0.000 0 NA
160.00 0.01125 160.1 0.00143 0 -5.000 -1.000 -5.000 -0.000 0 NA
165.00 0.01091 165.1 0.00189 0 -5.000 -1.000 -5.000 -0.000 0 NA
170.00 0.01059 170.1 0.00243 0 -5.000 -1.000 -5.000 -0.000 0 NA
175.00 0.01029 175.1 0.00306 0 -5.000 -1.000 -5.000 -0.000 0 NA
180.00 0.01000 180.1 0.00379 0 -5.000 -1.000 -5.000 -0.000 0 NA
185.00 0.00973 185.1 0.00459 0 -5.000 -1.000 -5.000 -0.000 0 NA
190.00 0.00947 190.1 0.00546 0 -5.000 -1.000 -5.000 -0.000 0 NA
195.00 0.00923 195.1 0.00640 0 -5.000 -1.000 -5.000 -0.000 0 NA
200.00 0.00900 200.1 0.00741 0 -5.000 -1.000 -5.000 -0.000 0 NA
205.00 0.00878 205.1 0.00849 0 -5.000 -1.000 -5.000 -0.000 0 NA
210.00 0.00857 210.1 0.00961 1 -5.000 -1.000 -5.000 -0.000 0 NA
0.00 0.03000 0.1 0.00000 0 -6.000 -0.833 -6.000 -0.000 0 NA
5.00 0.03000 5.1 0.00000 0 -6.000 -0.833 -6.000 -0.000 0 NA
10.00 0.03000 10.1 0.00000 0 -6.000 -0.833 -6.000 -0.000 0 NA
15.00 0.03000 15.1 0.00000 0 -6.000 -0.833 -6.000 -0.000 0 NA
20.00 0.03000 20.1 0.00000 0 -6.000 -0.833 -6.000 -0.000 0 NA
25.00 0.03000 25.1 0.00000 0 -6.000 -0.833 -6.000 -0.000 0 NA
30.00 0.03000 30.1 0.00000 0 -6.000 -0.833 -6.000 -0.000 0 NA
35.00 0.03000 35.0 0.00000 0 -6.000 -0.833 -6.000 -0.000 0 NA
40.00 0.03000 40.0 0.00000 0 -6.000 -0.833 -6.000 -0.000 0 NA
45.00 0.03000 45.0 0.00000 0 -6.000 -0.833 -6.000 -0.000 0 NA
50.00 0.03000 50.0 0.00000 0 -6.000 -0.833 -6.000 -0.000 0 NA
55.00 0.03000 55.0 0.00000 0 -6.000 -0.833 -6.000 -0.000 0 NA
60.00 0.03000 60.0 0.00000 0 -6.000 -0.833 -6.000 -0.000 0 NA
65.00 0.02769 65.0 0.00000 0 -6.000 -0.833 -6.000 -0.000 0 NA
70.00 0.02571 70.0 0.00000 0 -6.000 -0.833 -6.000 -0.000 0 NA
75.00 0.02400 75.0 0.00000 0 -6.000 -0.833 -6.000 -0.000 0 NA
80.00 0.02250 80.1 0.00000 0 -6.000 -0.833 -6.000 -0.000 0 NA
85.00 0.02118 85.1 0.00000 0 -6.000 -0.833 -6.000 -0.000 0 NA
90.00 0.02000 90.1 0.00000 0 -6.000 -0.833 -6.000 -0.000 0 NA
95.00 0.01895 95.1 0.00000 0 -6.000 -0.833 -6.000 -0.000 0 NA
100.00 0.01800 100.0 0.00000 0 -6.000 -0.833 -6.000 -0.000 0 NA
105.00 0.01714 105.0 0.00000 0 -6.000 -0.833 -6.000 -0.000 0 NA
110.00 0.01636 110.1 0.00000 0 -6.000 -0.833 -6.000 -0.000 0 NA
115.00 0.01565 115.1 0.00000 0 -6.000 -0.833 -6.000 -0.000 0 NA
120.00 0.01500 120.1 0.00000 0 -6.000 -0.833 -6.000 -0.000 0 NA
125.00 0.01440 125.1 0.00000 0 -6.000 -0.833 -6.000 -0.000 0 NA
130.00 0.01385 130.1 0.00000 0 -6.000 -0.833 -6.000 -0.000 0 NA
135.00 0.01333 135.1 0.00000 0 -6.000 -0.833 -6.000 -0.000 0 NA
140.00 0.01286 140.1 0.00005 0 -6.000 -0.833 -6.000 -0.000 0 NA
145.00 0.01241 145.1 0.00007 0 -6.000 -0.833 -6.000 -0.000 0 NA
150.00 0.01200 150.1 0.00010 0 -6.000 -0.833 -6.000 -0.000 0 NA
155.00 0.01161 155.1 0.00014 0 -6.000 -0.833 -6.000 -0.000 0 NA
160.00 0.01125 160.1 0.00021 0 -6.000 -0.833 -6.000 -0.000 0 NA
165.00 0.01091 165.1 0.00029 0 -6.000 -0.833 -6.000 -0.000 0 NA
170.00 0.01059 170.1 0.00042 0 -6.000 -0.833 -6.000 -0.000 0 NA
175.00 0.01029 175.1 0.00059 0 -6.000 -0.833 -6.000 -0.000 0 NA
180.00 0.01000 180.1 0.00081 0 -6.000 -0.833 -6.000 -0.000 0 NA
185.00 0.00973 185.1 0.00108 0 -6.000 -0.833 -6.000 -0.000 0 NA
190.00 0.00947 190.1 0.00142 0 -6.000 -0.833 -6.000 -0.000 0 NA
195.00 0.00923 195.1 0.00184 0 -6.000 -0.833 -6.000 -0.000 0 NA
200.00 0.00900 200.1 0.00233 0 -6.000 -0.833 -6.000 -0.000 0 NA
205.00 0.00878 205.1 0.00291 0 -6.000 -0.833 -6.000 -0.000 0 NA
210.00 0.00857 210.1 0.00356 0 -6.000 -0.833 -6.000 -0.000 0 NA
215.00 0.00837 215.1 0.00431 0 -6.000 -0.833 -6.000 -0.000 0 NA
220.00 0.00818 220.1 0.00512 0 -6.000 -0.833 -6.000 -0.000 0 NA
225.00 0.00800 225.1 0.00600 0 -6.000 -0.833 -6.000 -0.000 0 NA
230.00 0.00783 230.1 0.00695 0 -6.000 -0.833 -6.000 -0.000 0 NA
235.00 0.00766 235.1 0.00796 1 -6.000 -0.833 -6.000 -0.000 0 NA
0.00 0.03000 0.1 0.00000 0 -7.000 -0.714 -7.000 -0.000 0 NA
5.00 0.03000 5.1 0.00000 0 -7.000 -0.714 -7.000 -0.000 0 NA
10.00 0.03000 10.1 0.00000 0 -7.000 -0.714 -7.000 -0.000 0 NA
15.00 0.03000 15.1 0.00000 0 -7.000 -0.714 -7.000 -0.000 0 NA
20.00 0.03000 20.1 0.00000 0 -7.000 -0.714 -7.000 -0.000 0 NA
25.00 0.03000 25.1 0.00000 0 -7.000 -0.714 -7.000 -0.000 0 NA
30.00 0.03000 30.1 0.00000 0 -7.000 -0.714 -7.000 -0.000 0 NA
35.00 0.03000 35.0 0.00000 0 -7.000 -0.714 -7.000 -0.000 0 NA
40.00 0.03000 40.0 0.00000 0 -7.000 -0.714 -7.000 -0.000 0 NA
45.00 0.03000 45.0 0.00000 0 -7.000 -0.714 -7.000 -0.000 0 NA
50.00 0.03000 50.0 0.00000 0 -7.000 -0.714 -7.000 -0.000 0 NA
55.00 0.03000 55.0 0.00000 0 -7.000 -0.714 -7.000 -0.000 0 NA
60.00 0.03000 60.0 0.00000 0 -7.000 -0.714 -7.000 -0.000 0 NA
65.00 0.02769 65.0 0.00000 0 -7.000 -0.714 -7.000 -0.000 0 NA
70.00 0.02571 70.0 0.00000 0 -7.000 -0.714 -7.000 -0.000 0 NA
75.00 0.02400 75.0 0.00000 0 -7.000 -0.714 -7.000 -0.000 0 NA
80.00 0.02250 80.1 0.00000 0 -7.000 -0.714 -7.000 -0.000 0 NA
85.00 0.02118 85.1 0.00000 0 -7.000 -0.714 -7.000 -0.000 0 NA
90.00 0.02000 90.1 0.00000 0 -7.000 -0.714 -7.000 -0.000 0 NA
95.00 0.01895 95.1 0.00000 0 -7.000 -0.714 -7.000 -0.000 0 NA
100.00 0.01800 100.0 0.00000 0 -7.000 -0.714 -7.000 -0.000 0 NA
105.00 0.01714 105.0 0.00000 0 -7.000 -0.714 -7.000 -0.000 0 NA
110.00 0.01636 110.1 0.00000 0 -7.000 -0.714 -7.000 -0.000 0 NA
115.00 0.01565 115.1 0.00000 0 -7.000 -0.714 -7.000 -0.000 0 NA
120.00 0.01500 120.1 0.00000 0 -7.000 -0.714 -7.000 -0.000 0 NA
125.00 0.01440 125.1 0.00000 0 -7.000 -0.714 -7.000 -0.000 0 NA
130.00 0.01385 130.1 0.00000 0 -7.000 -0.714 -7.000 -0.000 0 NA
135.00 0.01333 135.1 0.00000 0 -7.000 -0.714 -7.000 -0.000 0 NA
140.00 0.01286 140.1 0.00000 0 -7.000 -0.714 -7.000 -0.000 0 NA
145.00 0.01241 145.1 0.00000 0 -7.000 -0.714 -7.000 -0.000 0 NA
150.00 0.01200 150.1 0.00000 0 -7.000 -0.714 -7.000 -0.000 0 NA
155.00 0.01161 155.1 0.00000 0 -7.000 -0.714 -7.000 -0.000 0 NA
160.00 0.01125 160.1 0.00000 0 -7.000 -0.714 -7.000 -0.000 0 NA
165.00 0.01091 165.1 0.00005 0 -7.000 -0.714 -7.000 -0.000 0 NA
170.00 0.01059 170.1 0.00007 0 -7.000 -0.714 -7.000 -0.000 0 NA
175.00 0.01029 175.1 0.00009 0 -7.000 -0.714 -7.000 -0.000 0 NA
180.00 0.01000 180.1 0.00013 0 -7.000 -0.714 -7.000 -0.000 0 NA
185.00 0.00973 185.1 0.00017 0 -7.000 -0.714 -7.000 -0.000 0 NA
190.00 0.00947 190.1 0.00024 0 -7.000 -0.714 -7.000 -0.000 0 NA
195.00 0.00923 195.1 0.00034 0 -7.000 -0.714 -7.000 -0.000 0 NA
200.00 0.00900 200.1 0.00046 0 -7.000 -0.714 -7.000 -0.000 0 NA
205.00 0.00878 205.1 0.00063 0 -7.000 -0.714 -7.000 -0.000 0 NA
210.00 0.00857 210.1 0.00084 0 -7.000 -0.714 -7.000 -0.000 0 NA
215.00 0.00837 215.1 0.00109 0 -7.000 -0.714 -7.000 -0.000 0 NA
220.00 0.00818 220.1 0.00141 0 -7.000 -0.714 -7.000 -0.000 0 NA
225.00 0.00800 225.1 0.00179 0 -7.000 -0.714 -7.000 -0.000 0 NA
230.00 0.00783 230.1 0.00225 0 -7.000 -0.714 -7.000 -0.000 0 NA
235.00 0.00766 235.1 0.00277 0 -7.000 -0.714 -7.000 -0.000 0 NA
240.00 0.00750 240.1 0.00337 0 -7.000 -0.714 -7.000 -0.000 0 NA
245.00 0.00735 245.1 0.00405 0 -7.000 -0.714 -7.000 -0.000 0 NA
250.00 0.00720 250.1 0.00482 0 -7.000 -0.714 -7.000 -0.000 0 NA
255.00 0.00706 255.1 0.00564 0 -7.000 -0.714 -7.000 -0.000 0 NA
260.00 0.00692 260.1 0.00653 0 -7.000 -0.714 -7.000 -0.000 0 NA
265.00 0.00679 265.1 0.00749 1 -7.000 -0.714 -7.000 -0.000 0 NA
0.00 0.03000 0.1 0.00000 0 -8.000 -0.625 -8.000 -0.000 0 NA
5.00 0.03000 5.1 0.00000 0 -8.000 -0.625 -8.000 -0.000 0 NA
10.00 0.03000 10.1 0.00000 0 -8.000 -0.625 -8.000 -0.000 0 NA
15.00 0.03000 15.1 0.00000 0 -8.000 -0.625 -8.000 -0.000 0 NA
20.00 0.03000 20.1 0.00000 0 -8.000 -0.625 -8.000 -0.000 0 NA
25.00 0.03000 25.1 0.00000 0 -8.000 -0.625 -8.000 -0.000 0 NA
30.00 0.03000 30.1 0.00000 0 -8.000 -0.625 -8.000 -0.000 0 NA
35.00 0.03000 35.0 0.00000 0 -8.000 -0.625 -8.000 -0.000 0 NA
40.00 0.03000 40.0 0.00000 0 -8.000 -0.625 -8.000 -0.000 0 NA
45.00 0.03000 45.0 0.00000 0 -8.000 -0.625 -8.000 -0.000 0 NA
50.00 0.03000 50.0 0.00000 0 -8.000 -0.625 -8.000 -0.000 0 NA
55.00 0.03000 55.0 0.00000 0 -8.000 -0.625 -8.000 -0.000 0 NA
60.00 0.03000 60.0 0.00000 0 -8.000 -0.625 -8.000 -0.000 0 NA
65.00 0.02769 65.0 0.00000 0 -8.000 -0.625 -8.000 -0.000 0 NA
70.00 0.02571 70.0 0.00000 0 -8.000 -0.625 -8.000 -0.000 0 NA
75.00 0.02400 75.0 0.00000 0 -8.000 -0.625 -8.000 -0.000 0 NA
80.00 0.02250 80.1 0.00000 0 -8.000 -0.625 -8.000 -0.000 0 NA
85.00 0.02118 85.1 0.00000 0 -8.000 -0.625 -8.000 -0.000 0 NA
90.00 0.02000 90.1 0.00000 0 -8.000 -0.625 -8.000 -0.000 0 NA
95.00 0.01895 95.1 0.00000 0 -8.000 -0.625 -8.000 -0.000 0 NA
100.00 0.01800 100.0 0.00000 0 -8.000 -0.625 -8.000 -0.000 0 NA
105.00 0.01714 105.0 0.00000 0 -8.000 -0.625 -8.000 -0.000 0 NA
110.00 0.01636 110.1 0.00000 0 -8.000 -0.625 -8.000 -0.000 0 NA
115.00 0.01565 115.1 0.00000 0 -8.000 -0.625 -8.000 -0.000 0 NA
120.00 0.01500 120.1 0.00000 0 -8.000 -0.625 -8.000 -0.000 0 NA
125.00 0.01440 125.1 0.00000 0 -8.000 -0.625 -8.000 -0.000 0 NA
130.00 0.01385 130.1 0.00000 0 -8.000 -0.625 -8.000 -0.000 0 NA
135.00 0.01333 135.1 0.00000 0 -8.000 -0.625 -8.000 -0.000 0 NA
140.00 0.01286 140.1 0.00000 0 -8.000 -0.625 -8.000 -0.000 0 NA
145.00 0.01241 145.1 0.00000 0 -8.000 -0.625 -8.000 -0.000 0 NA
150.00 0.01200 150.1 0.00000 0 -8.000 -0.625 -8.000 -0.000 0 NA
155.00 0.01161 155.1 0.00000 0 -8.000 -0.625 -8.000 -0.000 0 NA
160.00 0.01125 160.1 0.00000 0 -8.000 -0.625 -8.000 -0.000 0 NA
165.00 0.01091 165.1 0.00000 0 -8.000 -0.625 -8.000 -0.000 0 NA
170.00 0.01059 170.1 0.00000 0 -8.000 -0.625 -8.000 -0.000 0 NA
175.00 0.01029 175.1 0.00000 0 -8.000 -0.625 -8.000 -0.000 0 NA
180.00 0.01000 180.1 0.00000 0 -8.000 -0.625 -8.000 -0.000 0 NA
185.00 0.00973 185.1 0.00000 0 -8.000 -0.625 -8.000 -0.000 0 NA
190.00 0.00947 190.1 0.00005 0 -8.000 -0.625 -8.000 -0.000 0 NA
195.00 0.00923 195.1 0.00006 0 -8.000 -0.625 -8.000 -0.000 0 NA
200.00 0.00900 200.1 0.00008 0 -8.000 -0.625 -8.000 -0.000 0 NA
205.00 0.00878 205.1 0.00011 0 -8.000 -0.625 -8.000 -0.000 0 NA
210.00 0.00857 210.1 0.00015 0 -8.000 -0.625 -8.000 -0.000 0 NA
215.00 0.00837 215.1 0.00021 0 -8.000 -0.625 -8.000 -0.000 0 NA
220.00 0.00818 220.1 0.00028 0 -8.000 -0.625 -8.000 -0.000 0 NA
225.00 0.00800 225.1 0.00038 0 -8.000 -0.625 -8.000 -0.000 0 NA
230.00 0.00783 230.1 0.00050 0 -8.000 -0.625 -8.000 -0.000 0 NA
235.00 0.00766 235.1 0.00067 0 -8.000 -0.625 -8.000 -0.000 0 NA
240.00 0.00750 240.1 0.00087 0 -8.000 -0.625 -8.000 -0.000 0 NA
245.00 0.00735 245.1 0.00112 0 -8.000 -0.625 -8.000 -0.000 0 NA
250.00 0.00720 250.1 0.00142 0 -8.000 -0.625 -8.000 -0.000 0 NA
255.00 0.00706 255.1 0.00177 0 -8.000 -0.625 -8.000 -0.000 0 NA
260.00 0.00692 260.1 0.00220 0 -8.000 -0.625 -8.000 -0.000 0 NA
265.00 0.00679 265.1 0.00269 0 -8.000 -0.625 -8.000 -0.000 0 NA
270.00 0.00667 270.1 0.00325 0 -8.000 -0.625 -8.000 -0.000 0 NA
275.00 0.00655 275.1 0.00388 0 -8.000 -0.625 -8.000 -0.000 0 NA
280.00 0.00643 280.1 0.00459 0 -8.000 -0.625 -8.000 -0.000 0 NA
285.00 0.00632 285.1 0.00536 0 -8.000 -0.625 -8.000 -0.000 0 NA
290.00 0.00621 290.1 0.00621 1 -8.000 -0.625 -8.000 -0.000 0 NA
