% * Sample: IXTP3N100D2_1
% * Date / time: 2024-06-21 21:53:10.415720
% * R2CONTROL =  NOT SPECIFIED
% Column 1:  PSU1 nominal voltage setting (V)
% Column 2:  PSU1 nominal current setting (A)
% Column 3:  PSU1 voltage measurement (V)
% Column 4:  PSU1 current measurement (I)
% Column 5:  PSU1 limiter flag
% Column 6:  PSU2 nominal voltage setting (V)
% Column 7:  PSU2 nominal current setting (A)
% Column 8:  PSU2 voltage measurement (V)
% Column 9:  PSU2 current measurement (I)
% Column 10: PSU2 limiter flag
% Column 11: Heaterblock temperature (°C)
% * OPERATING POINT AT END OF PREHEAT / IDLE: U1 = 25.1 V  I1 = 0.01996 A  U2 = -2.693 V  I2 = -0.0001 A  T = 29.75 °C
0.00 0.35000 0.1 0.00036 0 -3.000 -1.0000 -3.000 -0.0002 0 29.81
5.00 0.35000 5.1 0.00317 0 -3.000 -1.0000 -3.000 -0.0002 0 29.81
10.00 0.35000 10.1 0.00424 0 -3.000 -1.0000 -3.000 -0.0002 0 29.81
15.00 0.35000 15.1 0.00476 0 -3.000 -1.0000 -3.000 -0.0001 0 29.81
20.00 0.35000 20.1 0.00510 0 -3.000 -1.0000 -3.000 -0.0002 0 29.81
25.00 0.35000 25.1 0.00535 0 -3.000 -1.0000 -3.000 -0.0001 0 29.88
30.00 0.35000 30.1 0.00554 0 -3.000 -1.0000 -3.000 -0.0002 0 29.88
35.00 0.35000 35.1 0.00571 0 -3.000 -1.0000 -3.000 -0.0002 0 29.88
40.00 0.35000 40.0 0.00584 0 -3.000 -1.0000 -3.000 -0.0002 0 29.88
45.00 0.35000 45.0 0.00596 0 -3.000 -1.0000 -3.000 -0.0002 0 29.88
50.00 0.35000 50.0 0.00606 0 -3.000 -1.0000 -3.000 -0.0002 0 29.88
55.00 0.35000 55.0 0.00615 0 -3.000 -1.0000 -3.000 -0.0002 0 29.88
60.00 0.35000 60.0 0.00623 0 -3.000 -1.0000 -3.000 -0.0002 0 29.94
65.00 0.35000 65.0 0.00630 0 -3.000 -1.0000 -3.000 -0.0002 0 29.94
70.00 0.35000 70.0 0.00635 0 -3.000 -1.0000 -3.000 -0.0002 0 29.94
75.00 0.35000 75.0 0.00641 0 -3.000 -1.0000 -3.000 -0.0002 0 29.94
80.00 0.35000 80.0 0.00645 0 -3.000 -1.0000 -3.000 -0.0002 0 29.94
85.00 0.35000 85.1 0.00651 0 -3.000 -1.0000 -3.000 -0.0002 0 29.94
90.00 0.35000 90.1 0.00654 0 -3.000 -1.0000 -3.000 -0.0002 0 29.94
95.00 0.35000 95.0 0.00659 0 -3.000 -1.0000 -3.000 -0.0002 0 29.94
100.00 0.35000 100.0 0.00663 0 -3.000 -1.0000 -3.000 -0.0002 0 29.94
105.00 0.35000 105.0 0.00667 0 -3.000 -1.0000 -3.000 -0.0002 0 29.94
110.00 0.35000 110.1 0.00671 0 -3.000 -1.0000 -3.000 -0.0002 0 29.94
115.00 0.35000 115.0 0.00674 0 -3.000 -1.0000 -3.000 -0.0002 0 29.94
120.00 0.35000 120.0 0.00677 0 -3.000 -1.0000 -3.001 -0.0002 0 30.00
125.00 0.35000 125.0 0.00681 0 -3.000 -1.0000 -3.000 -0.0002 0 30.00
130.00 0.35000 130.1 0.00688 0 -3.000 -1.0000 -3.000 -0.0002 0 30.00
135.00 0.35000 135.1 0.00688 0 -3.000 -1.0000 -3.000 -0.0002 0 30.00
140.00 0.35000 140.1 0.00691 0 -3.000 -1.0000 -3.000 -0.0002 0 30.00
145.00 0.35000 145.1 0.00695 0 -3.000 -1.0000 -3.000 -0.0002 0 30.00
150.00 0.35000 150.1 0.00698 0 -3.000 -1.0000 -3.000 -0.0001 0 30.00
155.00 0.35000 155.1 0.00700 0 -3.000 -1.0000 -3.000 -0.0002 0 29.94
160.00 0.35000 160.1 0.00704 0 -3.000 -1.0000 -3.000 -0.0002 0 30.00
165.00 0.35000 165.1 0.00708 0 -3.000 -1.0000 -3.000 -0.0001 0 30.00
170.00 0.35000 170.1 0.00712 0 -3.000 -1.0000 -3.000 -0.0001 0 30.00
175.00 0.35000 175.0 0.00714 0 -3.000 -1.0000 -3.000 -0.0002 0 30.00
180.00 0.35000 180.1 0.00717 0 -3.000 -1.0000 -3.000 -0.0002 0 30.00
185.00 0.35000 185.0 0.00720 0 -3.000 -1.0000 -3.000 -0.0002 0 30.00
190.00 0.35000 190.0 0.00723 0 -3.000 -1.0000 -3.000 -0.0001 0 30.00
195.00 0.35000 195.0 0.00725 0 -3.000 -1.0000 -3.000 -0.0001 0 30.00
200.00 0.35000 200.1 0.00741 0 -3.000 -1.0000 -3.000 -0.0002 0 30.00
0.00 0.35000 0.1 0.00087 0 -2.800 -1.0000 -2.800 -0.0002 0 30.00
5.00 0.35000 5.1 0.00821 0 -2.800 -1.0000 -2.800 -0.0002 0 30.00
10.00 0.35000 10.1 0.01059 0 -2.800 -1.0000 -2.801 -0.0002 0 30.00
15.00 0.35000 15.1 0.01176 0 -2.800 -1.0000 -2.801 -0.0002 0 30.00
20.00 0.35000 20.1 0.01251 0 -2.800 -1.0000 -2.801 -0.0002 0 30.00
25.00 0.35000 25.1 0.01306 0 -2.800 -1.0000 -2.801 -0.0001 0 30.00
30.00 0.35000 30.1 0.01351 0 -2.800 -1.0000 -2.801 -0.0002 0 30.00
35.00 0.35000 35.1 0.01387 0 -2.800 -1.0000 -2.801 -0.0002 0 30.00
40.00 0.35000 40.0 0.01417 0 -2.800 -1.0000 -2.801 -0.0002 0 30.00
45.00 0.35000 45.0 0.01444 0 -2.800 -1.0000 -2.801 -0.0002 0 30.00
50.00 0.35000 50.0 0.01468 0 -2.800 -1.0000 -2.801 -0.0002 0 30.00
55.00 0.35000 55.0 0.01487 0 -2.800 -1.0000 -2.800 -0.0002 0 30.00
60.00 0.35000 60.0 0.01505 0 -2.800 -1.0000 -2.801 -0.0002 0 30.00
65.00 0.35000 65.0 0.01523 0 -2.800 -1.0000 -2.801 -0.0002 0 30.00
70.00 0.35000 70.0 0.01534 0 -2.800 -1.0000 -2.801 -0.0002 0 30.00
75.00 0.35000 75.0 0.01550 0 -2.800 -1.0000 -2.801 -0.0002 0 30.00
80.00 0.35000 80.1 0.01565 0 -2.800 -1.0000 -2.800 -0.0002 0 30.00
85.00 0.35000 85.1 0.01572 0 -2.800 -1.0000 -2.801 -0.0002 0 30.00
90.00 0.35000 90.1 0.01587 0 -2.800 -1.0000 -2.800 -0.0002 0 30.00
95.00 0.35000 95.0 0.01597 0 -2.800 -1.0000 -2.801 -0.0002 0 30.00
100.00 0.35000 100.0 0.01606 0 -2.800 -1.0000 -2.801 -0.0002 0 30.00
105.00 0.35000 105.0 0.01616 0 -2.800 -1.0000 -2.800 -0.0002 0 30.00
110.00 0.35000 110.1 0.01631 0 -2.800 -1.0000 -2.800 -0.0002 0 30.00
115.00 0.35000 115.0 0.01639 0 -2.800 -1.0000 -2.801 -0.0002 0 30.00
120.00 0.35000 120.0 0.01643 0 -2.800 -1.0000 -2.800 -0.0002 0 30.06
125.00 0.35000 125.0 0.01659 0 -2.800 -1.0000 -2.801 -0.0001 0 30.00
130.00 0.35000 130.1 0.01668 0 -2.800 -1.0000 -2.800 -0.0002 0 30.00
135.00 0.35000 135.1 0.01671 0 -2.800 -1.0000 -2.801 -0.0002 0 30.00
140.00 0.35000 140.1 0.01685 0 -2.800 -1.0000 -2.801 -0.0001 0 30.00
145.00 0.35000 145.1 0.01726 0 -2.800 -1.0000 -2.801 -0.0002 0 30.00
150.00 0.35000 150.0 0.01700 0 -2.800 -1.0000 -2.801 -0.0002 0 30.00
155.00 0.35000 155.1 0.01710 0 -2.800 -1.0000 -2.801 -0.0002 0 30.00
160.00 0.35000 160.1 0.01723 0 -2.800 -1.0000 -2.801 -0.0002 0 30.06
165.00 0.35000 165.1 0.01728 0 -2.800 -1.0000 -2.801 -0.0002 0 30.00
170.00 0.35000 170.1 0.01738 0 -2.800 -1.0000 -2.800 -0.0002 0 30.00
175.00 0.35000 175.1 0.01756 0 -2.800 -1.0000 -2.801 -0.0002 0 30.00
180.00 0.35000 180.0 0.01750 0 -2.800 -1.0000 -2.800 -0.0001 0 30.00
185.00 0.35000 185.0 0.01770 0 -2.800 -1.0000 -2.800 -0.0002 0 30.00
190.00 0.35000 190.1 0.01771 0 -2.800 -1.0000 -2.800 -0.0002 0 30.00
195.00 0.35000 195.0 0.01781 0 -2.800 -1.0000 -2.801 -0.0002 0 30.06
200.00 0.35000 200.1 0.01794 0 -2.800 -1.0000 -2.801 -0.0002 0 30.00
0.00 0.35000 0.1 0.00159 0 -2.600 -1.0000 -2.599 -0.0002 0 30.06
5.00 0.35000 5.1 0.01848 0 -2.600 -1.0000 -2.599 -0.0002 0 30.00
10.00 0.35000 10.1 0.02317 0 -2.600 -1.0000 -2.599 -0.0002 0 30.00
15.00 0.35000 15.1 0.02554 0 -2.600 -1.0000 -2.599 -0.0001 0 30.00
20.00 0.35000 20.1 0.02705 0 -2.600 -1.0000 -2.599 -0.0002 0 30.00
25.00 0.35000 25.1 0.02817 0 -2.600 -1.0000 -2.599 -0.0002 0 30.00
30.00 0.35000 30.1 0.02908 0 -2.600 -1.0000 -2.599 -0.0002 0 30.00
35.00 0.35000 35.1 0.02982 0 -2.600 -1.0000 -2.599 -0.0001 0 30.00
40.00 0.35000 40.0 0.03045 0 -2.600 -1.0000 -2.599 -0.0002 0 30.00
45.00 0.35000 45.0 0.03101 0 -2.600 -1.0000 -2.599 -0.0002 0 30.00
50.00 0.35000 50.0 0.03156 0 -2.600 -1.0000 -2.599 -0.0002 0 30.00
55.00 0.35000 55.0 0.03193 0 -2.600 -1.0000 -2.599 -0.0002 0 30.00
60.00 0.35000 60.0 0.03239 0 -2.600 -1.0000 -2.599 -0.0002 0 30.00
65.00 0.35000 65.0 0.03278 0 -2.600 -1.0000 -2.599 -0.0002 0 30.00
70.00 0.35000 70.0 0.03307 0 -2.600 -1.0000 -2.599 -0.0002 0 30.00
75.00 0.35000 75.0 0.03342 0 -2.600 -1.0000 -2.599 -0.0002 0 30.00
80.00 0.35000 80.1 0.03379 0 -2.600 -1.0000 -2.599 -0.0002 0 30.00
85.00 0.35000 85.1 0.03416 0 -2.600 -1.0000 -2.599 -0.0002 0 30.00
90.00 0.35000 90.1 0.03429 0 -2.600 -1.0000 -2.599 -0.0002 0 30.00
95.00 0.35000 95.0 0.03465 0 -2.600 -1.0000 -2.599 -0.0002 0 30.00
100.00 0.35000 100.0 0.03500 0 -2.600 -1.0000 -2.599 -0.0001 0 30.00
105.00 0.35000 105.0 0.03508 0 -2.600 -1.0000 -2.599 -0.0002 0 30.00
110.00 0.35000 110.1 0.03548 0 -2.600 -1.0000 -2.599 -0.0002 0 30.00
115.00 0.35000 115.0 0.03570 0 -2.600 -1.0000 -2.599 -0.0002 0 30.00
120.00 0.35000 120.1 0.03584 0 -2.600 -1.0000 -2.599 -0.0002 0 30.00
125.00 0.35000 125.0 0.03610 0 -2.600 -1.0000 -2.599 -0.0001 0 30.00
130.00 0.35000 130.1 0.03665 0 -2.600 -1.0000 -2.599 -0.0002 0 30.00
135.00 0.35000 135.1 0.03683 0 -2.600 -1.0000 -2.599 -0.0002 0 30.06
140.00 0.35000 140.1 0.03718 0 -2.600 -1.0000 -2.599 -0.0002 0 30.00
145.00 0.35000 145.1 0.03715 0 -2.600 -1.0000 -2.599 -0.0002 0 30.00
150.00 0.35000 150.0 0.03752 0 -2.600 -1.0000 -2.599 -0.0002 0 30.00
155.00 0.35000 155.1 0.03797 0 -2.600 -1.0000 -2.599 -0.0002 0 30.00
160.00 0.35000 160.1 0.03826 0 -2.600 -1.0000 -2.599 -0.0002 0 30.00
165.00 0.35000 165.1 0.03833 0 -2.600 -1.0000 -2.599 -0.0002 0 30.00
170.00 0.35000 170.1 0.03858 0 -2.600 -1.0000 -2.599 -0.0002 0 30.00
175.00 0.35000 175.0 0.03925 0 -2.600 -1.0000 -2.599 -0.0001 0 30.00
180.00 0.35000 180.0 0.03882 0 -2.600 -1.0000 -2.599 -0.0002 0 30.00
185.00 0.35000 185.0 0.03959 0 -2.600 -1.0000 -2.599 -0.0002 0 30.06
190.00 0.35000 190.1 0.03989 0 -2.600 -1.0000 -2.599 -0.0002 0 30.00
195.00 0.35000 195.0 0.03978 0 -2.600 -1.0000 -2.599 -0.0002 0 30.00
200.00 0.35000 200.1 0.04046 0 -2.600 -1.0000 -2.599 -0.0002 0 30.06
0.00 0.35000 0.1 0.00228 0 -2.400 -1.0000 -2.400 -0.0002 0 30.06
5.00 0.35000 5.1 0.03636 0 -2.400 -1.0000 -2.400 -0.0002 0 30.00
10.00 0.35000 10.1 0.04478 0 -2.400 -1.0000 -2.400 -0.0002 0 30.00
15.00 0.35000 15.1 0.04905 0 -2.400 -1.0000 -2.400 -0.0002 0 30.00
20.00 0.35000 20.1 0.05192 0 -2.400 -1.0000 -2.400 -0.0002 0 30.00
25.00 0.35000 25.1 0.05397 0 -2.400 -1.0000 -2.400 -0.0002 0 30.00
30.00 0.35000 30.1 0.05569 0 -2.400 -1.0000 -2.400 -0.0002 0 30.00
35.00 0.35000 35.1 0.05719 0 -2.400 -1.0000 -2.400 -0.0002 0 29.94
40.00 0.35000 40.0 0.05834 0 -2.400 -1.0000 -2.400 -0.0002 0 30.00
45.00 0.35000 45.0 0.05951 0 -2.400 -1.0000 -2.400 -0.0002 0 30.00
50.00 0.35000 50.0 0.06061 0 -2.400 -1.0000 -2.400 -0.0002 0 30.00
55.00 0.35000 55.0 0.06132 0 -2.400 -1.0000 -2.400 -0.0002 0 30.00
60.00 0.35000 60.0 0.06235 0 -2.400 -1.0000 -2.400 -0.0001 0 30.00
