% * Sample: 32B_1
% * Date / time: 2023-12-29 22:24:20.334201
% * R2CONTROL =  NOT SPECIFIED
% Column 1:  PSU1 nominal voltage setting (V)
% Column 2:  PSU1 nominal current setting (A)
% Column 3:  PSU1 voltage measurement (V)
% Column 4:  PSU1 current measurement (I)
% Column 5:  PSU1 limiter flag
% Column 6:  PSU2 nominal voltage setting (V)
% Column 7:  PSU2 nominal current setting (A)
% Column 8:  PSU2 voltage measurement (V)
% Column 9:  PSU2 current measurement (I)
% Column 10: PSU2 limiter flag
% Column 11: Heaterblock temperature (°C)
% * OPERATING POINT AT END OF PREHEAT / IDLE: U1 = 300.1 V  I1 = 0.09995 A  U2 = -44.574 V  I2 = -0.000 A  T = NA °C
0.00 0.15000 0.1 0.00000 0 -0.000 -1.000 -5.968 -0.000 0 NA
5.00 0.15000 5.1 0.00000 0 -0.000 -1.000 -3.532 -0.000 0 NA
10.00 0.15000 10.0 0.00000 0 -0.000 -1.000 -2.416 -0.000 0 NA
15.00 0.15000 15.0 0.00051 0 -0.000 -1.000 -1.675 -0.000 0 NA
20.00 0.15000 20.0 0.00184 0 -0.000 -1.000 -1.178 -0.000 0 NA
25.00 0.15000 25.0 0.00413 0 -0.000 -1.000 -0.843 -0.000 0 NA
30.00 0.15000 30.0 0.00725 0 -0.000 -1.000 -0.556 -0.000 0 NA
35.00 0.15000 35.0 0.01107 0 -0.000 -1.000 -0.416 -0.000 0 NA
40.00 0.15000 40.0 0.01538 0 -0.000 -1.000 -0.319 -0.000 0 NA
45.00 0.15000 45.0 0.02020 0 -0.000 -1.000 -0.250 -0.000 0 NA
50.00 0.15000 50.0 0.02539 0 -0.000 -1.000 -0.201 -0.000 0 NA
55.00 0.15000 55.0 0.03088 0 -0.000 -1.000 -0.155 -0.000 0 NA
60.00 0.15000 60.0 0.03664 0 -0.000 -1.000 -0.131 -0.000 0 NA
65.00 0.15000 65.0 0.04267 0 -0.000 -1.000 -0.113 -0.000 0 NA
70.00 0.15000 70.0 0.04893 0 -0.000 -1.000 -0.099 -0.000 0 NA
75.00 0.15000 75.0 0.05538 0 -0.000 -1.000 -0.088 -0.000 0 NA
80.00 0.15000 80.0 0.06202 0 -0.000 -1.000 -0.077 -0.000 0 NA
85.00 0.15000 85.0 0.06880 0 -0.000 -1.000 -0.070 -0.000 0 NA
90.00 0.15000 90.0 0.07561 0 -0.000 -1.000 -0.065 -0.000 0 NA
95.00 0.15000 95.0 0.08240 0 -0.000 -1.000 -0.060 -0.000 0 NA
100.00 0.15000 100.0 0.08909 0 -0.000 -1.000 -0.056 -0.000 0 NA
105.00 0.15000 105.0 0.09561 0 -0.000 -1.000 -0.052 -0.000 0 NA
110.00 0.15000 110.0 0.10203 0 -0.000 -1.000 -0.000 -0.000 0 NA
115.00 0.15000 115.0 0.10796 0 -0.000 -1.000 -0.000 -0.000 0 NA
120.00 0.15000 120.0 0.11356 0 -0.000 -1.000 -0.000 -0.000 0 NA
125.00 0.15000 125.0 0.11873 0 -0.000 -1.000 -0.000 -0.000 0 NA
130.00 0.15000 130.0 0.12375 0 -0.000 -1.000 -0.000 -0.000 0 NA
135.00 0.15000 135.0 0.12798 0 -0.000 -1.000 -0.000 -0.000 0 NA
140.00 0.15000 140.1 0.13171 0 -0.000 -1.000 -0.000 -0.000 0 NA
145.00 0.15000 145.0 0.13493 0 -0.000 -1.000 -0.000 -0.000 0 NA
150.00 0.15000 150.0 0.13815 0 -0.000 -1.000 -0.000 -0.000 0 NA
155.00 0.15000 155.0 0.14054 0 -0.000 -1.000 -0.000 -0.000 0 NA
160.00 0.15000 160.0 0.14262 0 -0.000 -1.000 -0.000 -0.000 0 NA
165.00 0.15000 165.0 0.14442 0 -0.000 -1.000 -0.000 -0.000 0 NA
170.00 0.15000 170.1 0.14601 0 -0.000 -1.000 -0.000 -0.000 0 NA
175.00 0.15000 175.0 0.14780 0 -0.000 -1.000 -0.000 -0.000 0 NA
180.00 0.15000 180.0 0.14902 0 -0.000 -1.000 -0.000 -0.000 0 NA
185.00 0.15000 185.0 0.15011 1 -0.000 -1.000 -0.000 -0.000 0 NA
0.00 0.15000 0.1 0.00000 0 -10.000 -0.500 -10.000 -0.000 0 NA
5.00 0.15000 5.1 0.00000 0 -10.000 -0.500 -10.000 -0.000 0 NA
10.00 0.15000 10.0 0.00000 0 -10.000 -0.500 -10.000 -0.000 0 NA
15.00 0.15000 15.0 0.00000 0 -10.000 -0.500 -10.000 -0.000 0 NA
20.00 0.15000 20.0 0.00000 0 -10.000 -0.500 -10.000 -0.000 0 NA
25.00 0.15000 25.0 0.00000 0 -10.000 -0.500 -10.000 -0.000 0 NA
30.00 0.15000 30.0 0.00000 0 -10.000 -0.500 -10.000 -0.000 0 NA
35.00 0.15000 35.0 0.00005 0 -10.000 -0.500 -10.000 -0.000 0 NA
40.00 0.15000 40.0 0.00019 0 -10.000 -0.500 -10.000 -0.000 0 NA
45.00 0.15000 45.0 0.00060 0 -10.000 -0.500 -10.000 -0.000 0 NA
50.00 0.15000 50.0 0.00143 0 -10.000 -0.500 -10.000 -0.000 0 NA
55.00 0.15000 55.0 0.00275 0 -10.000 -0.500 -10.000 -0.000 0 NA
60.00 0.15000 60.0 0.00458 0 -10.000 -0.500 -10.000 -0.000 0 NA
65.00 0.15000 65.0 0.00696 0 -10.000 -0.500 -10.000 -0.000 0 NA
70.00 0.15000 70.0 0.00989 0 -10.000 -0.500 -10.000 -0.000 0 NA
75.00 0.15000 75.0 0.01334 0 -10.000 -0.500 -10.000 -0.000 0 NA
80.00 0.15000 80.0 0.01729 0 -10.000 -0.500 -10.000 -0.000 0 NA
85.00 0.15000 85.0 0.02172 0 -10.000 -0.500 -10.000 -0.000 0 NA
90.00 0.15000 90.0 0.02655 0 -10.000 -0.500 -10.000 -0.000 0 NA
95.00 0.15000 95.0 0.03176 0 -10.000 -0.500 -10.000 -0.000 0 NA
100.00 0.15000 100.0 0.03732 0 -10.000 -0.500 -10.000 -0.000 0 NA
105.00 0.15000 105.0 0.04318 0 -10.000 -0.500 -10.000 -0.000 0 NA
110.00 0.15000 110.0 0.04934 0 -10.000 -0.500 -10.000 -0.000 0 NA
115.00 0.15000 115.0 0.05572 0 -10.000 -0.500 -10.000 -0.000 0 NA
120.00 0.15000 120.0 0.06232 0 -10.000 -0.500 -10.000 -0.000 0 NA
125.00 0.15000 125.0 0.06904 0 -10.000 -0.500 -10.000 -0.000 0 NA
130.00 0.15000 130.0 0.07587 0 -10.000 -0.500 -10.000 -0.000 0 NA
135.00 0.15000 135.0 0.08280 0 -10.000 -0.500 -10.000 -0.000 0 NA
140.00 0.15000 140.1 0.08965 0 -10.000 -0.500 -10.000 -0.000 0 NA
145.00 0.15000 145.0 0.09639 0 -10.000 -0.500 -10.000 -0.000 0 NA
150.00 0.15000 150.0 0.10294 0 -10.000 -0.500 -10.000 -0.000 0 NA
155.00 0.15000 155.0 0.10921 0 -10.000 -0.500 -10.000 -0.000 0 NA
160.00 0.15000 160.1 0.11535 0 -10.000 -0.500 -10.000 -0.000 0 NA
165.00 0.15000 165.0 0.12089 0 -10.000 -0.500 -10.000 -0.000 0 NA
170.00 0.15000 170.1 0.12598 0 -10.000 -0.500 -10.000 -0.000 0 NA
175.00 0.15000 175.0 0.13053 0 -10.000 -0.500 -10.000 -0.000 0 NA
180.00 0.15000 180.0 0.13493 0 -10.000 -0.500 -10.000 -0.000 0 NA
185.00 0.15000 185.0 0.13839 0 -10.000 -0.500 -10.000 -0.000 0 NA
190.00 0.15000 190.0 0.14132 0 -10.000 -0.500 -10.000 -0.000 0 NA
195.00 0.15000 195.0 0.14376 0 -10.000 -0.500 -10.000 -0.000 0 NA
200.00 0.15000 200.0 0.14581 0 -10.000 -0.500 -10.000 -0.000 0 NA
205.00 0.15000 205.0 0.14809 0 -10.000 -0.500 -10.000 -0.000 0 NA
210.00 0.15000 210.1 0.14947 0 -10.000 -0.500 -10.000 -0.000 0 NA
215.00 0.15000 215.0 0.15068 1 -10.000 -0.500 -10.000 -0.000 0 NA
0.00 0.15000 0.1 0.00000 0 -20.000 -0.250 -20.000 -0.000 0 NA
5.00 0.15000 5.1 0.00000 0 -20.000 -0.250 -20.000 -0.000 0 NA
10.00 0.15000 10.0 0.00000 0 -20.000 -0.250 -20.000 -0.000 0 NA
15.00 0.15000 15.0 0.00000 0 -20.000 -0.250 -20.000 -0.000 0 NA
20.00 0.15000 20.0 0.00000 0 -20.000 -0.250 -20.000 -0.000 0 NA
25.00 0.15000 25.0 0.00000 0 -20.000 -0.250 -20.000 -0.000 0 NA
30.00 0.15000 30.0 0.00000 0 -20.000 -0.250 -20.000 -0.000 0 NA
35.00 0.15000 35.0 0.00000 0 -20.000 -0.250 -20.000 -0.000 0 NA
40.00 0.15000 40.0 0.00000 0 -20.000 -0.250 -20.000 -0.000 0 NA
45.00 0.15000 45.0 0.00000 0 -20.000 -0.250 -20.000 -0.000 0 NA
50.00 0.15000 50.0 0.00000 0 -20.000 -0.250 -20.000 -0.000 0 NA
55.00 0.15000 55.0 0.00000 0 -20.000 -0.250 -20.000 -0.000 0 NA
60.00 0.15000 60.0 0.00000 0 -20.000 -0.250 -20.000 -0.000 0 NA
65.00 0.15000 65.0 0.00005 0 -20.000 -0.250 -20.000 -0.000 0 NA
70.00 0.15000 70.0 0.00012 0 -20.000 -0.250 -20.000 -0.000 0 NA
75.00 0.15000 75.0 0.00032 0 -20.000 -0.250 -20.000 -0.000 0 NA
80.00 0.15000 80.0 0.00076 0 -20.000 -0.250 -20.000 -0.000 0 NA
85.00 0.15000 85.0 0.00151 0 -20.000 -0.250 -20.000 -0.000 0 NA
90.00 0.15000 90.0 0.00265 0 -20.000 -0.250 -20.000 -0.000 0 NA
95.00 0.15000 95.0 0.00421 0 -20.000 -0.250 -20.000 -0.000 0 NA
100.00 0.15000 100.0 0.00623 0 -20.000 -0.250 -20.000 -0.000 0 NA
105.00 0.15000 105.0 0.00871 0 -20.000 -0.250 -20.000 -0.000 0 NA
110.00 0.15000 110.0 0.01165 0 -20.000 -0.250 -20.000 -0.000 0 NA
115.00 0.15000 115.0 0.01504 0 -20.000 -0.250 -20.000 -0.000 0 NA
120.00 0.15000 120.0 0.01889 0 -20.000 -0.250 -20.000 -0.000 0 NA
125.00 0.15000 125.0 0.02316 0 -20.000 -0.250 -20.000 -0.000 0 NA
130.00 0.15000 130.0 0.02783 0 -20.000 -0.250 -20.000 -0.000 0 NA
135.00 0.15000 135.0 0.03288 0 -20.000 -0.250 -20.000 -0.000 0 NA
140.00 0.15000 140.1 0.03828 0 -20.000 -0.250 -20.000 -0.000 0 NA
145.00 0.15000 145.0 0.04399 0 -20.000 -0.250 -20.000 -0.000 0 NA
150.00 0.15000 150.0 0.05000 0 -20.000 -0.250 -20.000 -0.000 0 NA
155.00 0.15000 155.0 0.05627 0 -20.000 -0.250 -20.000 -0.000 0 NA
160.00 0.15000 160.0 0.06277 0 -20.000 -0.250 -20.000 -0.000 0 NA
165.00 0.15000 165.0 0.06946 0 -20.000 -0.250 -20.000 -0.000 0 NA
170.00 0.15000 170.1 0.07630 0 -20.000 -0.250 -20.000 -0.000 0 NA
175.00 0.15000 175.0 0.08318 0 -20.000 -0.250 -20.000 -0.000 0 NA
180.00 0.15000 180.0 0.09012 0 -20.000 -0.250 -20.000 -0.000 0 NA
185.00 0.15000 185.0 0.09699 0 -20.000 -0.250 -20.000 -0.000 0 NA
190.00 0.15000 190.0 0.10388 0 -20.000 -0.250 -20.000 -0.000 0 NA
195.00 0.15000 195.0 0.11045 0 -20.000 -0.250 -20.000 -0.000 0 NA
200.00 0.15000 200.0 0.11676 0 -20.000 -0.250 -20.000 -0.000 0 NA
205.00 0.15000 205.0 0.12273 0 -20.000 -0.250 -20.000 -0.000 0 NA
210.00 0.15000 210.1 0.12852 0 -20.000 -0.250 -20.000 -0.000 0 NA
215.00 0.15000 215.0 0.13357 0 -20.000 -0.250 -20.000 -0.000 0 NA
220.00 0.15000 220.1 0.13805 0 -20.000 -0.250 -20.000 -0.000 0 NA
225.00 0.15000 225.1 0.14194 0 -20.000 -0.250 -20.000 -0.000 0 NA
230.00 0.15000 230.1 0.14569 0 -20.000 -0.250 -20.000 -0.000 0 NA
235.00 0.15000 235.1 0.14841 0 -20.000 -0.250 -20.000 -0.000 0 NA
240.00 0.15000 240.1 0.15061 1 -20.000 -0.250 -20.000 -0.000 0 NA
0.00 0.15000 0.1 0.00000 0 -30.000 -0.167 -30.000 -0.000 0 NA
5.00 0.15000 5.1 0.00000 0 -30.000 -0.167 -30.000 -0.000 0 NA
10.00 0.15000 10.0 0.00000 0 -30.000 -0.167 -30.000 -0.000 0 NA
15.00 0.15000 15.0 0.00000 0 -30.000 -0.167 -30.000 -0.000 0 NA
20.00 0.15000 20.0 0.00000 0 -30.000 -0.167 -30.000 -0.000 0 NA
25.00 0.15000 25.0 0.00000 0 -30.000 -0.167 -30.000 -0.000 0 NA
30.00 0.15000 30.0 0.00000 0 -30.000 -0.167 -30.000 -0.000 0 NA
35.00 0.15000 35.0 0.00000 0 -30.000 -0.167 -30.000 -0.000 0 NA
40.00 0.15000 40.0 0.00000 0 -30.000 -0.167 -30.000 -0.000 0 NA
45.00 0.15000 45.0 0.00000 0 -30.000 -0.167 -30.000 -0.000 0 NA
50.00 0.15000 50.0 0.00000 0 -30.000 -0.167 -30.000 -0.000 0 NA
55.00 0.15000 55.0 0.00000 0 -30.000 -0.167 -30.000 -0.000 0 NA
60.00 0.15000 60.0 0.00000 0 -30.000 -0.167 -30.000 -0.000 0 NA
65.00 0.15000 65.0 0.00000 0 -30.000 -0.167 -30.000 -0.000 0 NA
70.00 0.15000 70.0 0.00000 0 -30.000 -0.167 -30.000 -0.000 0 NA
75.00 0.15000 75.0 0.00000 0 -30.000 -0.167 -30.000 -0.000 0 NA
80.00 0.15000 80.0 0.00000 0 -30.000 -0.167 -30.000 -0.000 0 NA
85.00 0.15000 85.0 0.00000 0 -30.000 -0.167 -30.000 -0.000 0 NA
90.00 0.15000 90.0 0.00000 0 -30.000 -0.167 -30.000 -0.000 0 NA
95.00 0.15000 95.0 0.00000 0 -30.000 -0.167 -30.000 -0.000 0 NA
100.00 0.15000 100.0 0.00009 0 -30.000 -0.167 -30.000 -0.000 0 NA
105.00 0.15000 105.0 0.00021 0 -30.000 -0.167 -30.000 -0.000 0 NA
110.00 0.15000 110.0 0.00049 0 -30.000 -0.167 -30.000 -0.000 0 NA
115.00 0.15000 115.0 0.00096 0 -30.000 -0.167 -30.000 -0.000 0 NA
120.00 0.15000 120.0 0.00170 0 -30.000 -0.167 -30.000 -0.000 0 NA
125.00 0.15000 125.0 0.00275 0 -30.000 -0.167 -30.000 -0.000 0 NA
130.00 0.15000 130.0 0.00415 0 -30.000 -0.167 -30.000 -0.000 0 NA
135.00 0.15000 135.0 0.00595 0 -30.000 -0.167 -30.000 -0.000 0 NA
140.00 0.15000 140.1 0.00814 0 -30.000 -0.167 -30.000 -0.000 0 NA
145.00 0.15000 145.0 0.01072 0 -30.000 -0.167 -30.000 -0.000 0 NA
150.00 0.15000 150.0 0.01374 0 -30.000 -0.167 -30.000 -0.000 0 NA
155.00 0.15000 155.0 0.01715 0 -30.000 -0.167 -30.000 -0.000 0 NA
160.00 0.15000 160.0 0.02098 0 -30.000 -0.167 -30.000 -0.000 0 NA
165.00 0.15000 165.0 0.02518 0 -30.000 -0.167 -30.000 -0.000 0 NA
170.00 0.15000 170.1 0.02976 0 -30.000 -0.167 -30.000 -0.000 0 NA
175.00 0.15000 175.0 0.03468 0 -30.000 -0.167 -30.000 -0.000 0 NA
180.00 0.15000 180.0 0.03995 0 -30.000 -0.167 -30.000 -0.000 0 NA
185.00 0.15000 185.0 0.04551 0 -30.000 -0.167 -30.000 -0.000 0 NA
190.00 0.15000 190.0 0.05138 0 -30.000 -0.167 -30.000 -0.000 0 NA
195.00 0.15000 195.0 0.05751 0 -30.000 -0.167 -30.000 -0.000 0 NA
200.00 0.15000 200.0 0.06388 0 -30.000 -0.167 -30.000 -0.000 0 NA
205.00 0.15000 205.0 0.07035 0 -30.000 -0.167 -30.000 -0.000 0 NA
210.00 0.15000 210.1 0.07708 0 -30.000 -0.167 -30.000 -0.000 0 NA
215.00 0.15000 215.0 0.08392 0 -30.000 -0.167 -30.000 -0.000 0 NA
220.00 0.15000 220.1 0.09082 0 -30.000 -0.167 -30.000 -0.000 0 NA
225.00 0.15000 225.1 0.09773 0 -30.000 -0.167 -30.000 -0.000 0 NA
230.00 0.15000 230.1 0.10466 0 -30.000 -0.167 -30.000 -0.000 0 NA
235.00 0.15000 235.1 0.11140 0 -30.000 -0.167 -30.000 -0.000 0 NA
240.00 0.15000 240.1 0.11791 0 -30.000 -0.167 -30.000 -0.000 0 NA
245.00 0.15000 245.1 0.12414 0 -30.000 -0.167 -30.000 -0.000 0 NA
250.00 0.15000 250.1 0.13030 0 -30.000 -0.167 -30.000 -0.000 0 NA
255.00 0.15000 255.1 0.13578 0 -30.000 -0.167 -30.000 -0.000 0 NA
260.00 0.15000 260.1 0.14077 0 -30.000 -0.167 -30.000 -0.000 0 NA
265.00 0.15000 265.1 0.14514 0 -30.000 -0.167 -30.000 -0.000 0 NA
270.00 0.15000 270.1 0.14937 0 -30.000 -0.167 -30.000 -0.000 0 NA
275.00 0.15000 275.1 0.15253 1 -30.000 -0.167 -30.000 -0.000 0 NA
0.00 0.15000 0.1 0.00000 0 -40.000 -0.125 -40.000 -0.000 0 NA
5.00 0.15000 5.1 0.00000 0 -40.000 -0.125 -40.000 -0.000 0 NA
10.00 0.15000 10.0 0.00000 0 -40.000 -0.125 -40.000 -0.000 0 NA
15.00 0.15000 15.0 0.00000 0 -40.000 -0.125 -40.000 -0.000 0 NA
20.00 0.15000 20.0 0.00000 0 -40.000 -0.125 -40.000 -0.000 0 NA
25.00 0.15000 25.0 0.00000 0 -40.000 -0.125 -40.000 -0.000 0 NA
30.00 0.15000 30.0 0.00000 0 -40.000 -0.125 -40.000 -0.000 0 NA
35.00 0.15000 35.0 0.00000 0 -40.000 -0.125 -40.000 -0.000 0 NA
40.00 0.15000 40.0 0.00000 0 -40.000 -0.125 -40.000 -0.000 0 NA
45.00 0.15000 45.0 0.00000 0 -40.000 -0.125 -40.000 -0.000 0 NA
50.00 0.15000 50.0 0.00000 0 -40.000 -0.125 -40.000 -0.000 0 NA
55.00 0.15000 55.0 0.00000 0 -40.000 -0.125 -40.000 -0.000 0 NA
60.00 0.15000 60.0 0.00000 0 -40.000 -0.125 -40.000 -0.000 0 NA
65.00 0.15000 65.0 0.00000 0 -40.000 -0.125 -40.000 -0.000 0 NA
70.00 0.15000 70.0 0.00000 0 -40.000 -0.125 -40.000 -0.000 0 NA
75.00 0.15000 75.0 0.00000 0 -40.000 -0.125 -40.000 -0.000 0 NA
80.00 0.15000 80.0 0.00000 0 -40.000 -0.125 -40.000 -0.000 0 NA
85.00 0.15000 85.0 0.00000 0 -40.000 -0.125 -40.000 -0.000 0 NA
90.00 0.15000 90.0 0.00000 0 -40.000 -0.125 -40.000 -0.000 0 NA
95.00 0.15000 95.0 0.00000 0 -40.000 -0.125 -40.000 -0.000 0 NA
100.00 0.15000 100.0 0.00000 0 -40.000 -0.125 -40.000 -0.000 0 NA
105.00 0.15000 105.0 0.00000 0 -40.000 -0.125 -40.000 -0.000 0 NA
110.00 0.15000 110.0 0.00000 0 -40.000 -0.125 -40.000 -0.000 0 NA
115.00 0.15000 115.0 0.00000 0 -40.000 -0.125 -40.000 -0.000 0 NA
120.00 0.15000 120.0 0.00000 0 -40.000 -0.125 -40.000 -0.000 0 NA
125.00 0.15000 125.0 0.00000 0 -40.000 -0.125 -40.000 -0.000 0 NA
130.00 0.15000 130.0 0.00008 0 -40.000 -0.125 -40.000 -0.000 0 NA
135.00 0.15000 135.0 0.00017 0 -40.000 -0.125 -40.000 -0.000 0 NA
140.00 0.15000 140.1 0.00035 0 -40.000 -0.125 -40.000 -0.000 0 NA
145.00 0.15000 145.0 0.00068 0 -40.000 -0.125 -40.000 -0.000 0 NA
150.00 0.15000 150.0 0.00120 0 -40.000 -0.125 -40.000 -0.000 0 NA
155.00 0.15000 155.0 0.00194 0 -40.000 -0.125 -40.000 -0.000 0 NA
160.00 0.15000 160.0 0.00295 0 -40.000 -0.125 -40.000 -0.000 0 NA
165.00 0.15000 165.0 0.00425 0 -40.000 -0.125 -40.000 -0.000 0 NA
170.00 0.15000 170.1 0.00589 0 -40.000 -0.125 -40.000 -0.000 0 NA
175.00 0.15000 175.0 0.00788 0 -40.000 -0.125 -40.000 -0.000 0 NA
180.00 0.15000 180.0 0.01025 0 -40.000 -0.125 -40.000 -0.000 0 NA
185.00 0.15000 185.0 0.01296 0 -40.000 -0.125 -40.000 -0.000 0 NA
190.00 0.15000 190.0 0.01605 0 -40.000 -0.125 -40.000 -0.000 0 NA
195.00 0.15000 195.0 0.01952 0 -40.000 -0.125 -40.000 -0.000 0 NA
200.00 0.15000 200.0 0.02335 0 -40.000 -0.125 -40.000 -0.000 0 NA
205.00 0.15000 205.0 0.02753 0 -40.000 -0.125 -40.000 -0.000 0 NA
210.00 0.15000 210.0 0.03205 0 -40.000 -0.125 -40.000 -0.000 0 NA
215.00 0.15000 215.0 0.03691 0 -40.000 -0.125 -40.000 -0.000 0 NA
220.00 0.15000 220.1 0.04207 0 -40.000 -0.125 -40.000 -0.000 0 NA
225.00 0.15000 225.1 0.04754 0 -40.000 -0.125 -40.000 -0.000 0 NA
230.00 0.15000 230.1 0.05328 0 -40.000 -0.125 -40.000 -0.000 0 NA
235.00 0.15000 235.1 0.05928 0 -40.000 -0.125 -40.000 -0.000 0 NA
240.00 0.15000 240.1 0.06550 0 -40.000 -0.125 -40.000 -0.000 0 NA
245.00 0.15000 245.1 0.07191 0 -40.000 -0.125 -40.000 -0.000 0 NA
250.00 0.15000 250.1 0.07854 0 -40.000 -0.125 -40.000 -0.000 0 NA
255.00 0.15000 255.1 0.08524 0 -40.000 -0.125 -40.000 -0.000 0 NA
260.00 0.15000 260.1 0.09206 0 -40.000 -0.125 -40.000 -0.000 0 NA
265.00 0.15000 265.1 0.09889 0 -40.000 -0.125 -40.000 -0.000 0 NA
270.00 0.15000 270.1 0.10583 0 -40.000 -0.125 -40.000 -0.000 0 NA
275.00 0.15000 275.1 0.11259 0 -40.000 -0.125 -40.000 -0.000 0 NA
280.00 0.15000 280.1 0.11924 0 -40.000 -0.125 -40.000 -0.000 0 NA
285.00 0.15000 285.1 0.12563 0 -40.000 -0.125 -40.000 -0.000 0 NA
290.00 0.15000 290.1 0.13180 0 -40.000 -0.125 -40.000 -0.000 0 NA
295.00 0.15000 295.1 0.13784 0 -40.000 -0.125 -40.000 -0.000 0 NA
300.00 0.15000 300.1 0.14321 0 -40.000 -0.125 -40.000 -0.000 0 NA
305.00 0.15000 305.1 0.14806 0 -40.000 -0.125 -40.000 -0.000 0 NA
310.00 0.15000 310.1 0.15229 1 -40.000 -0.125 -40.000 -0.000 0 NA
0.00 0.15000 0.1 0.00000 0 -50.000 -0.100 -50.000 -0.000 0 NA
5.00 0.15000 5.1 0.00000 0 -50.000 -0.100 -50.000 -0.000 0 NA
10.00 0.15000 10.0 0.00000 0 -50.000 -0.100 -50.000 -0.000 0 NA
15.00 0.15000 15.0 0.00000 0 -50.000 -0.100 -50.000 -0.000 0 NA
20.00 0.15000 20.0 0.00000 0 -50.000 -0.100 -50.000 -0.000 0 NA
25.00 0.15000 25.0 0.00000 0 -50.000 -0.100 -50.000 -0.000 0 NA
30.00 0.15000 30.0 0.00000 0 -50.000 -0.100 -50.000 -0.000 0 NA
35.00 0.15000 35.0 0.00000 0 -50.000 -0.100 -50.000 -0.000 0 NA
40.00 0.15000 40.0 0.00000 0 -50.000 -0.100 -50.000 -0.000 0 NA
45.00 0.15000 45.0 0.00000 0 -50.000 -0.100 -50.000 -0.000 0 NA
50.00 0.15000 50.0 0.00000 0 -50.000 -0.100 -50.000 -0.000 0 NA
55.00 0.15000 55.0 0.00000 0 -50.000 -0.100 -50.000 -0.000 0 NA
60.00 0.15000 60.0 0.00000 0 -50.000 -0.100 -50.000 -0.000 0 NA
65.00 0.15000 65.0 0.00000 0 -50.000 -0.100 -50.000 -0.000 0 NA
70.00 0.15000 70.0 0.00000 0 -50.000 -0.100 -50.000 -0.000 0 NA
75.00 0.15000 75.0 0.00000 0 -50.000 -0.100 -50.000 -0.000 0 NA
80.00 0.15000 80.0 0.00000 0 -50.000 -0.100 -50.000 -0.000 0 NA
85.00 0.15000 85.0 0.00000 0 -50.000 -0.100 -50.000 -0.000 0 NA
90.00 0.15000 90.0 0.00000 0 -50.000 -0.100 -50.000 -0.000 0 NA
95.00 0.15000 95.0 0.00000 0 -50.000 -0.100 -50.000 -0.000 0 NA
100.00 0.15000 100.0 0.00000 0 -50.000 -0.100 -50.000 -0.000 0 NA
105.00 0.15000 105.0 0.00000 0 -50.000 -0.100 -50.000 -0.000 0 NA
110.00 0.15000 110.0 0.00000 0 -50.000 -0.100 -50.000 -0.000 0 NA
115.00 0.15000 115.0 0.00000 0 -50.000 -0.100 -50.000 -0.000 0 NA
120.00 0.15000 120.0 0.00000 0 -50.000 -0.100 -50.000 -0.000 0 NA
125.00 0.15000 125.0 0.00000 0 -50.000 -0.100 -50.000 -0.000 0 NA
130.00 0.15000 130.0 0.00000 0 -50.000 -0.100 -50.000 -0.000 0 NA
135.00 0.15000 135.0 0.00000 0 -50.000 -0.100 -50.000 -0.000 0 NA
140.00 0.15000 140.1 0.00000 0 -50.000 -0.100 -50.000 -0.000 0 NA
145.00 0.15000 145.0 0.00000 0 -50.000 -0.100 -50.000 -0.000 0 NA
150.00 0.15000 150.0 0.00000 0 -50.000 -0.100 -50.000 -0.000 0 NA
155.00 0.15000 155.0 0.00000 0 -50.000 -0.100 -50.000 -0.000 0 NA
160.00 0.15000 160.0 0.00008 0 -50.000 -0.100 -50.000 -0.000 0 NA
165.00 0.15000 165.0 0.00015 0 -50.000 -0.100 -50.000 -0.000 0 NA
170.00 0.15000 170.1 0.00029 0 -50.000 -0.100 -50.000 -0.000 0 NA
175.00 0.15000 175.0 0.00053 0 -50.000 -0.100 -50.000 -0.000 0 NA
180.00 0.15000 180.0 0.00091 0 -50.000 -0.100 -50.000 -0.000 0 NA
185.00 0.15000 185.0 0.00146 0 -50.000 -0.100 -50.000 -0.000 0 NA
190.00 0.15000 190.0 0.00221 0 -50.000 -0.100 -50.000 -0.000 0 NA
195.00 0.15000 195.0 0.00320 0 -50.000 -0.100 -50.000 -0.000 0 NA
200.00 0.15000 200.0 0.00446 0 -50.000 -0.100 -50.000 -0.000 0 NA
205.00 0.15000 205.0 0.00599 0 -50.000 -0.100 -50.000 -0.000 0 NA
210.00 0.15000 210.0 0.00785 0 -50.000 -0.100 -50.000 -0.000 0 NA
215.00 0.15000 215.0 0.01002 0 -50.000 -0.100 -50.000 -0.000 0 NA
220.00 0.15000 220.1 0.01253 0 -50.000 -0.100 -50.000 -0.000 0 NA
225.00 0.15000 225.1 0.01537 0 -50.000 -0.100 -50.000 -0.000 0 NA
230.00 0.15000 230.1 0.01854 0 -50.000 -0.100 -50.000 -0.000 0 NA
235.00 0.15000 235.1 0.02206 0 -50.000 -0.100 -50.000 -0.000 0 NA
240.00 0.15000 240.1 0.02590 0 -50.000 -0.100 -50.000 -0.000 0 NA
245.00 0.15000 245.1 0.03007 0 -50.000 -0.100 -50.000 -0.000 0 NA
250.00 0.15000 250.1 0.03457 0 -50.000 -0.100 -50.000 -0.000 0 NA
255.00 0.15000 255.1 0.03937 0 -50.000 -0.100 -50.000 -0.000 0 NA
260.00 0.15000 260.1 0.04447 0 -50.000 -0.100 -50.000 -0.000 0 NA
265.00 0.15000 265.1 0.04982 0 -50.000 -0.100 -50.000 -0.000 0 NA
270.00 0.15000 270.1 0.05549 0 -50.000 -0.100 -50.000 -0.000 0 NA
275.00 0.15000 275.1 0.06137 0 -50.000 -0.100 -50.000 -0.000 0 NA
280.00 0.15000 280.1 0.06748 0 -50.000 -0.100 -50.000 -0.000 0 NA
285.00 0.15000 285.1 0.07375 0 -50.000 -0.100 -50.000 -0.000 0 NA
290.00 0.15000 290.1 0.08025 0 -50.000 -0.100 -50.000 -0.000 0 NA
295.00 0.15000 295.1 0.08684 0 -50.000 -0.100 -50.000 -0.000 0 NA
300.00 0.15000 300.1 0.09355 0 -50.000 -0.100 -50.000 -0.000 0 NA
305.00 0.15000 305.1 0.10029 0 -50.000 -0.100 -50.000 -0.000 0 NA
310.00 0.15000 310.1 0.10716 0 -50.000 -0.100 -50.000 -0.000 0 NA
315.00 0.15000 315.1 0.11387 0 -50.000 -0.100 -50.000 -0.000 0 NA
320.00 0.15000 320.1 0.12049 0 -50.000 -0.100 -50.000 -0.000 0 NA
325.00 0.15000 325.1 0.12695 0 -50.000 -0.100 -50.000 -0.000 0 NA
330.00 0.15000 330.1 0.13317 0 -50.000 -0.100 -50.000 -0.000 0 NA
335.00 0.14925 335.1 0.13938 0 -50.000 -0.100 -50.000 -0.000 0 NA
340.00 0.14706 337.1 0.14004 1 -50.000 -0.100 -50.000 -0.000 0 NA
0.00 0.15000 0.1 0.00000 0 -60.000 -0.083 -60.000 -0.000 0 NA
5.00 0.15000 5.1 0.00000 0 -60.000 -0.083 -60.000 -0.000 0 NA
10.00 0.15000 10.0 0.00000 0 -60.000 -0.083 -60.000 -0.000 0 NA
15.00 0.15000 15.0 0.00000 0 -60.000 -0.083 -60.000 -0.000 0 NA
20.00 0.15000 20.0 0.00000 0 -60.000 -0.083 -60.000 -0.000 0 NA
25.00 0.15000 25.0 0.00000 0 -60.000 -0.083 -60.000 -0.000 0 NA
30.00 0.15000 30.0 0.00000 0 -60.000 -0.083 -60.000 -0.000 0 NA
35.00 0.15000 35.0 0.00000 0 -60.000 -0.083 -60.000 -0.000 0 NA
40.00 0.15000 40.0 0.00000 0 -60.000 -0.083 -60.000 -0.000 0 NA
45.00 0.15000 45.0 0.00000 0 -60.000 -0.083 -60.000 -0.000 0 NA
50.00 0.15000 50.0 0.00000 0 -60.000 -0.083 -60.000 -0.000 0 NA
55.00 0.15000 55.0 0.00000 0 -60.000 -0.083 -60.000 -0.000 0 NA
60.00 0.15000 60.0 0.00000 0 -60.000 -0.083 -60.000 -0.000 0 NA
65.00 0.15000 65.0 0.00000 0 -60.000 -0.083 -60.000 -0.000 0 NA
70.00 0.15000 70.0 0.00000 0 -60.000 -0.083 -60.000 -0.000 0 NA
75.00 0.15000 75.0 0.00000 0 -60.000 -0.083 -60.000 -0.000 0 NA
80.00 0.15000 80.0 0.00000 0 -60.000 -0.083 -60.000 -0.000 0 NA
85.00 0.15000 85.0 0.00000 0 -60.000 -0.083 -60.000 -0.000 0 NA
90.00 0.15000 90.0 0.00000 0 -60.000 -0.083 -60.000 -0.000 0 NA
95.00 0.15000 95.0 0.00000 0 -60.000 -0.083 -60.000 -0.000 0 NA
100.00 0.15000 100.0 0.00000 0 -60.000 -0.083 -60.000 -0.000 0 NA
105.00 0.15000 105.0 0.00000 0 -60.000 -0.083 -60.000 -0.000 0 NA
110.00 0.15000 110.0 0.00000 0 -60.000 -0.083 -60.000 -0.000 0 NA
115.00 0.15000 115.0 0.00000 0 -60.000 -0.083 -60.000 -0.000 0 NA
120.00 0.15000 120.0 0.00000 0 -60.000 -0.083 -60.000 -0.000 0 NA
125.00 0.15000 125.0 0.00000 0 -60.000 -0.083 -60.000 -0.000 0 NA
130.00 0.15000 130.0 0.00000 0 -60.000 -0.083 -60.000 -0.000 0 NA
135.00 0.15000 135.0 0.00000 0 -60.000 -0.083 -60.000 -0.000 0 NA
140.00 0.15000 140.1 0.00000 0 -60.000 -0.083 -60.000 -0.000 0 NA
145.00 0.15000 145.0 0.00000 0 -60.000 -0.083 -60.000 -0.000 0 NA
150.00 0.15000 150.0 0.00000 0 -60.000 -0.083 -60.000 -0.000 0 NA
155.00 0.15000 155.0 0.00000 0 -60.000 -0.083 -60.000 -0.000 0 NA
160.00 0.15000 160.0 0.00000 0 -60.000 -0.083 -60.000 -0.000 0 NA
165.00 0.15000 165.0 0.00000 0 -60.000 -0.083 -60.000 -0.000 0 NA
170.00 0.15000 170.1 0.00000 0 -60.000 -0.083 -60.000 -0.000 0 NA
175.00 0.15000 175.0 0.00000 0 -60.000 -0.083 -60.000 -0.000 0 NA
180.00 0.15000 180.0 0.00000 0 -60.000 -0.083 -60.000 -0.000 0 NA
185.00 0.15000 185.0 0.00005 0 -60.000 -0.083 -60.000 -0.000 0 NA
190.00 0.15000 190.0 0.00007 0 -60.000 -0.083 -60.000 -0.000 0 NA
195.00 0.15000 195.0 0.00014 0 -60.000 -0.083 -60.000 -0.000 0 NA
200.00 0.15000 200.0 0.00025 0 -60.000 -0.083 -60.000 -0.000 0 NA
205.00 0.15000 205.0 0.00043 0 -60.000 -0.083 -60.000 -0.000 0 NA
210.00 0.15000 210.0 0.00072 0 -60.000 -0.083 -60.000 -0.000 0 NA
215.00 0.15000 215.0 0.00114 0 -60.000 -0.083 -60.000 -0.000 0 NA
220.00 0.15000 220.1 0.00173 0 -60.000 -0.083 -60.000 -0.000 0 NA
225.00 0.15000 225.1 0.00251 0 -60.000 -0.083 -60.000 -0.000 0 NA
230.00 0.15000 230.1 0.00349 0 -60.000 -0.083 -60.000 -0.000 0 NA
235.00 0.15000 235.1 0.00470 0 -60.000 -0.083 -60.000 -0.000 0 NA
240.00 0.15000 240.1 0.00617 0 -60.000 -0.083 -60.000 -0.000 0 NA
245.00 0.15000 245.1 0.00792 0 -60.000 -0.083 -60.000 -0.000 0 NA
250.00 0.15000 250.1 0.00995 0 -60.000 -0.083 -60.000 -0.000 0 NA
255.00 0.15000 255.1 0.01229 0 -60.000 -0.083 -60.000 -0.000 0 NA
260.00 0.15000 260.1 0.01494 0 -60.000 -0.083 -60.000 -0.000 0 NA
265.00 0.15000 265.1 0.01788 0 -60.000 -0.083 -60.000 -0.000 0 NA
270.00 0.15000 270.1 0.02115 0 -60.000 -0.083 -60.000 -0.000 0 NA
275.00 0.15000 275.1 0.02470 0 -60.000 -0.083 -60.000 -0.000 0 NA
280.00 0.15000 280.1 0.02860 0 -60.000 -0.083 -60.000 -0.000 0 NA
285.00 0.15000 285.1 0.03277 0 -60.000 -0.083 -60.000 -0.000 0 NA
290.00 0.15000 290.1 0.03726 0 -60.000 -0.083 -60.000 -0.000 0 NA
295.00 0.15000 295.1 0.04202 0 -60.000 -0.083 -60.000 -0.000 0 NA
300.00 0.15000 300.1 0.04706 0 -60.000 -0.083 -60.000 -0.000 0 NA
305.00 0.15000 305.1 0.05238 0 -60.000 -0.083 -60.000 -0.000 0 NA
310.00 0.15000 310.1 0.05795 0 -60.000 -0.083 -60.000 -0.000 0 NA
315.00 0.15000 315.1 0.06372 0 -60.000 -0.083 -60.000 -0.000 0 NA
320.00 0.15000 320.1 0.06970 0 -60.000 -0.083 -60.000 -0.000 0 NA
325.00 0.15000 325.1 0.07587 0 -60.000 -0.083 -60.000 -0.000 0 NA
330.00 0.15000 330.1 0.08220 0 -60.000 -0.083 -60.000 -0.000 0 NA
335.00 0.14925 335.1 0.08872 0 -60.000 -0.083 -60.000 -0.000 0 NA
340.00 0.14706 340.1 0.09532 0 -60.000 -0.083 -60.000 -0.000 0 NA
345.00 0.14493 345.1 0.10193 0 -60.000 -0.083 -60.000 -0.000 0 NA
350.00 0.14286 350.1 0.10858 0 -60.000 -0.083 -60.000 -0.000 0 NA
355.00 0.14085 355.0 0.11528 0 -60.000 -0.083 -60.000 -0.000 0 NA
360.00 0.13889 360.0 0.12184 0 -60.000 -0.083 -60.000 -0.000 0 NA
365.00 0.13699 365.0 0.12826 0 -60.000 -0.083 -60.000 -0.000 0 NA
370.00 0.13514 370.0 0.13451 0 -60.000 -0.083 -60.000 -0.000 0 NA
375.00 0.13333 375.0 0.14074 1 -60.000 -0.083 -60.000 -0.000 0 NA
0.00 0.15000 0.1 0.00000 0 -70.000 -0.071 -70.000 -0.000 0 NA
5.00 0.15000 5.1 0.00000 0 -70.000 -0.071 -70.000 -0.000 0 NA
10.00 0.15000 10.0 0.00000 0 -70.000 -0.071 -70.000 -0.000 0 NA
15.00 0.15000 15.0 0.00000 0 -70.000 -0.071 -70.000 -0.000 0 NA
20.00 0.15000 20.0 0.00000 0 -70.000 -0.071 -70.000 -0.000 0 NA
25.00 0.15000 25.0 0.00000 0 -70.000 -0.071 -70.000 -0.000 0 NA
30.00 0.15000 30.0 0.00000 0 -70.000 -0.071 -70.000 -0.000 0 NA
35.00 0.15000 35.0 0.00000 0 -70.000 -0.071 -70.000 -0.000 0 NA
40.00 0.15000 40.0 0.00000 0 -70.000 -0.071 -70.000 -0.000 0 NA
45.00 0.15000 45.0 0.00000 0 -70.000 -0.071 -70.000 -0.000 0 NA
50.00 0.15000 50.0 0.00000 0 -70.000 -0.071 -70.000 -0.000 0 NA
55.00 0.15000 55.0 0.00000 0 -70.000 -0.071 -70.000 -0.000 0 NA
60.00 0.15000 60.0 0.00000 0 -70.000 -0.071 -70.000 -0.000 0 NA
65.00 0.15000 65.0 0.00000 0 -70.000 -0.071 -70.000 -0.000 0 NA
70.00 0.15000 70.0 0.00000 0 -70.000 -0.071 -70.000 -0.000 0 NA
75.00 0.15000 75.0 0.00000 0 -70.000 -0.071 -70.000 -0.000 0 NA
80.00 0.15000 80.0 0.00000 0 -70.000 -0.071 -70.000 -0.000 0 NA
85.00 0.15000 85.0 0.00000 0 -70.000 -0.071 -70.000 -0.000 0 NA
90.00 0.15000 90.0 0.00000 0 -70.000 -0.071 -70.000 -0.000 0 NA
95.00 0.15000 95.0 0.00000 0 -70.000 -0.071 -70.000 -0.000 0 NA
100.00 0.15000 100.0 0.00000 0 -70.000 -0.071 -70.000 -0.000 0 NA
105.00 0.15000 105.0 0.00000 0 -70.000 -0.071 -70.000 -0.000 0 NA
110.00 0.15000 110.0 0.00000 0 -70.000 -0.071 -70.000 -0.000 0 NA
115.00 0.15000 115.0 0.00000 0 -70.000 -0.071 -70.000 -0.000 0 NA
120.00 0.15000 120.0 0.00000 0 -70.000 -0.071 -70.000 -0.000 0 NA
125.00 0.15000 125.0 0.00000 0 -70.000 -0.071 -70.000 -0.000 0 NA
130.00 0.15000 130.0 0.00000 0 -70.000 -0.071 -70.000 -0.000 0 NA
135.00 0.15000 135.0 0.00000 0 -70.000 -0.071 -70.000 -0.000 0 NA
140.00 0.15000 140.1 0.00000 0 -70.000 -0.071 -70.000 -0.000 0 NA
145.00 0.15000 145.0 0.00000 0 -70.000 -0.071 -70.000 -0.000 0 NA
150.00 0.15000 150.0 0.00000 0 -70.000 -0.071 -70.000 -0.000 0 NA
155.00 0.15000 155.0 0.00000 0 -70.000 -0.071 -70.000 -0.000 0 NA
160.00 0.15000 160.0 0.00000 0 -70.000 -0.071 -70.000 -0.000 0 NA
165.00 0.15000 165.0 0.00000 0 -70.000 -0.071 -70.000 -0.000 0 NA
170.00 0.15000 170.1 0.00000 0 -70.000 -0.071 -70.000 -0.000 0 NA
175.00 0.15000 175.0 0.00000 0 -70.000 -0.071 -70.000 -0.000 0 NA
180.00 0.15000 180.0 0.00000 0 -70.000 -0.071 -70.000 -0.000 0 NA
185.00 0.15000 185.0 0.00000 0 -70.000 -0.071 -70.000 -0.000 0 NA
190.00 0.15000 190.0 0.00000 0 -70.000 -0.071 -70.000 -0.000 0 NA
195.00 0.15000 195.0 0.00000 0 -70.000 -0.071 -70.000 -0.000 0 NA
200.00 0.15000 200.0 0.00000 0 -70.000 -0.071 -70.000 -0.000 0 NA
205.00 0.15000 205.0 0.00000 0 -70.000 -0.071 -70.000 -0.000 0 NA
210.00 0.15000 210.0 0.00000 0 -70.000 -0.071 -70.000 -0.000 0 NA
215.00 0.15000 215.0 0.00005 0 -70.000 -0.071 -70.000 -0.000 0 NA
220.00 0.15000 220.1 0.00007 0 -70.000 -0.071 -70.000 -0.000 0 NA
225.00 0.15000 225.1 0.00013 0 -70.000 -0.071 -70.000 -0.000 0 NA
230.00 0.15000 230.1 0.00022 0 -70.000 -0.071 -70.000 -0.000 0 NA
235.00 0.15000 235.1 0.00038 0 -70.000 -0.071 -70.000 -0.000 0 NA
240.00 0.15000 240.1 0.00061 0 -70.000 -0.071 -70.000 -0.000 0 NA
245.00 0.15000 245.1 0.00094 0 -70.000 -0.071 -70.000 -0.000 0 NA
250.00 0.15000 250.1 0.00141 0 -70.000 -0.071 -70.000 -0.000 0 NA
255.00 0.15000 255.1 0.00202 0 -70.000 -0.071 -70.000 -0.000 0 NA
260.00 0.15000 260.1 0.00282 0 -70.000 -0.071 -70.000 -0.000 0 NA
265.00 0.15000 265.1 0.00379 0 -70.000 -0.071 -70.000 -0.000 0 NA
270.00 0.15000 270.1 0.00498 0 -70.000 -0.071 -70.000 -0.000 0 NA
275.00 0.15000 275.1 0.00640 0 -70.000 -0.071 -70.000 -0.000 0 NA
280.00 0.15000 280.1 0.00808 0 -70.000 -0.071 -70.000 -0.000 0 NA
285.00 0.15000 285.1 0.01000 0 -70.000 -0.071 -70.000 -0.000 0 NA
290.00 0.15000 290.1 0.01220 0 -70.000 -0.071 -70.000 -0.000 0 NA
295.00 0.15000 295.1 0.01469 0 -70.000 -0.071 -70.000 -0.000 0 NA
300.00 0.15000 300.1 0.01746 0 -70.000 -0.071 -70.000 -0.000 0 NA
305.00 0.15000 305.1 0.02052 0 -70.000 -0.071 -70.000 -0.000 0 NA
310.00 0.15000 310.1 0.02387 0 -70.000 -0.071 -70.000 -0.000 0 NA
315.00 0.15000 315.1 0.02750 0 -70.000 -0.071 -70.000 -0.000 0 NA
320.00 0.15000 320.1 0.03142 0 -70.000 -0.071 -70.000 -0.000 0 NA
325.00 0.15000 325.1 0.03563 0 -70.000 -0.071 -70.000 -0.000 0 NA
330.00 0.15000 330.1 0.04010 0 -70.000 -0.071 -70.000 -0.000 0 NA
335.00 0.14925 335.1 0.04486 0 -70.000 -0.071 -70.000 -0.000 0 NA
340.00 0.14706 340.1 0.04988 0 -70.000 -0.071 -70.000 -0.000 0 NA
345.00 0.14493 345.1 0.05514 0 -70.000 -0.071 -70.000 -0.000 0 NA
350.00 0.14286 350.1 0.06062 0 -70.000 -0.071 -70.000 -0.000 0 NA
355.00 0.14085 355.0 0.06631 0 -70.000 -0.071 -70.000 -0.000 0 NA
360.00 0.13889 360.1 0.07220 0 -70.000 -0.071 -70.000 -0.000 0 NA
365.00 0.13699 365.0 0.07826 0 -70.000 -0.071 -70.000 -0.000 0 NA
370.00 0.13514 370.0 0.08454 0 -70.000 -0.071 -70.000 -0.000 0 NA
375.00 0.13333 375.0 0.09090 0 -70.000 -0.071 -70.000 -0.000 0 NA
380.00 0.13158 380.0 0.09731 0 -70.000 -0.071 -70.000 -0.000 0 NA
385.00 0.12987 385.0 0.10382 0 -70.000 -0.071 -70.000 -0.000 0 NA
390.00 0.12821 390.0 0.11044 0 -70.000 -0.071 -70.000 -0.000 0 NA
395.00 0.12658 395.0 0.11696 0 -70.000 -0.071 -70.000 -0.000 0 NA
400.00 0.12500 397.9 0.12002 1 -70.000 -0.071 -70.000 -0.000 0 NA
0.00 0.15000 0.1 0.00000 0 -80.000 -0.062 -80.000 -0.000 0 NA
5.00 0.15000 5.1 0.00000 0 -80.000 -0.062 -80.000 -0.000 0 NA
10.00 0.15000 10.0 0.00000 0 -80.000 -0.062 -80.000 -0.000 0 NA
15.00 0.15000 15.0 0.00000 0 -80.000 -0.062 -80.000 -0.000 0 NA
20.00 0.15000 20.0 0.00000 0 -80.000 -0.062 -80.000 -0.000 0 NA
25.00 0.15000 25.0 0.00000 0 -80.000 -0.062 -80.000 -0.000 0 NA
30.00 0.15000 30.0 0.00000 0 -80.000 -0.062 -80.000 -0.000 0 NA
35.00 0.15000 35.0 0.00000 0 -80.000 -0.062 -80.000 -0.000 0 NA
40.00 0.15000 40.0 0.00000 0 -80.000 -0.062 -80.000 -0.000 0 NA
45.00 0.15000 45.0 0.00000 0 -80.000 -0.062 -80.000 -0.000 0 NA
50.00 0.15000 50.0 0.00000 0 -80.000 -0.062 -80.000 -0.000 0 NA
55.00 0.15000 55.0 0.00000 0 -80.000 -0.062 -80.000 -0.000 0 NA
60.00 0.15000 60.0 0.00000 0 -80.000 -0.062 -80.000 -0.000 0 NA
65.00 0.15000 65.0 0.00000 0 -80.000 -0.062 -80.000 -0.000 0 NA
70.00 0.15000 70.0 0.00000 0 -80.000 -0.062 -80.000 -0.000 0 NA
75.00 0.15000 75.0 0.00000 0 -80.000 -0.062 -80.000 -0.000 0 NA
80.00 0.15000 80.0 0.00000 0 -80.000 -0.062 -80.000 -0.000 0 NA
85.00 0.15000 85.0 0.00000 0 -80.000 -0.062 -80.000 -0.000 0 NA
90.00 0.15000 90.0 0.00000 0 -80.000 -0.062 -80.000 -0.000 0 NA
95.00 0.15000 95.0 0.00000 0 -80.000 -0.062 -80.000 -0.000 0 NA
100.00 0.15000 100.0 0.00000 0 -80.000 -0.062 -80.000 -0.000 0 NA
105.00 0.15000 105.0 0.00000 0 -80.000 -0.062 -80.000 -0.000 0 NA
110.00 0.15000 110.0 0.00000 0 -80.000 -0.062 -80.000 -0.000 0 NA
115.00 0.15000 115.0 0.00000 0 -80.000 -0.062 -80.000 -0.000 0 NA
120.00 0.15000 120.0 0.00000 0 -80.000 -0.062 -80.000 -0.000 0 NA
125.00 0.15000 125.0 0.00000 0 -80.000 -0.062 -80.000 -0.000 0 NA
130.00 0.15000 130.0 0.00000 0 -80.000 -0.062 -80.000 -0.000 0 NA
135.00 0.15000 135.0 0.00000 0 -80.000 -0.062 -80.000 -0.000 0 NA
140.00 0.15000 140.1 0.00000 0 -80.000 -0.062 -80.000 -0.000 0 NA
145.00 0.15000 145.0 0.00000 0 -80.000 -0.062 -80.000 -0.000 0 NA
150.00 0.15000 150.0 0.00000 0 -80.000 -0.062 -80.000 -0.000 0 NA
155.00 0.15000 155.0 0.00000 0 -80.000 -0.062 -80.000 -0.000 0 NA
160.00 0.15000 160.0 0.00000 0 -80.000 -0.062 -80.000 -0.000 0 NA
165.00 0.15000 165.0 0.00000 0 -80.000 -0.062 -80.000 -0.000 0 NA
170.00 0.15000 170.1 0.00000 0 -80.000 -0.062 -80.000 -0.000 0 NA
175.00 0.15000 175.0 0.00000 0 -80.000 -0.062 -80.000 -0.000 0 NA
180.00 0.15000 180.0 0.00000 0 -80.000 -0.062 -80.000 -0.000 0 NA
185.00 0.15000 185.0 0.00000 0 -80.000 -0.062 -80.000 -0.000 0 NA
190.00 0.15000 190.0 0.00000 0 -80.000 -0.062 -80.000 -0.000 0 NA
195.00 0.15000 195.0 0.00000 0 -80.000 -0.062 -80.000 -0.000 0 NA
200.00 0.15000 200.0 0.00000 0 -80.000 -0.062 -80.000 -0.000 0 NA
205.00 0.15000 205.0 0.00000 0 -80.000 -0.062 -80.000 -0.000 0 NA
210.00 0.15000 210.1 0.00000 0 -80.000 -0.062 -80.000 -0.000 0 NA
215.00 0.15000 215.0 0.00000 0 -80.000 -0.062 -80.000 -0.000 0 NA
220.00 0.15000 220.1 0.00000 0 -80.000 -0.062 -80.000 -0.000 0 NA
225.00 0.15000 225.1 0.00000 0 -80.000 -0.062 -80.000 -0.000 0 NA
230.00 0.15000 230.1 0.00000 0 -80.000 -0.062 -80.000 -0.000 0 NA
235.00 0.15000 235.1 0.00000 0 -80.000 -0.062 -80.000 -0.000 0 NA
240.00 0.15000 240.1 0.00000 0 -80.000 -0.062 -80.000 -0.000 0 NA
245.00 0.15000 245.1 0.00005 0 -80.000 -0.062 -80.000 -0.000 0 NA
250.00 0.15000 250.1 0.00007 0 -80.000 -0.062 -80.000 -0.000 0 NA
255.00 0.15000 255.1 0.00013 0 -80.000 -0.062 -80.000 -0.000 0 NA
260.00 0.15000 260.1 0.00021 0 -80.000 -0.062 -80.000 -0.000 0 NA
265.00 0.15000 265.1 0.00034 0 -80.000 -0.062 -80.000 -0.000 0 NA
270.00 0.15000 270.1 0.00054 0 -80.000 -0.062 -80.000 -0.000 0 NA
275.00 0.15000 275.1 0.00081 0 -80.000 -0.062 -80.000 -0.000 0 NA
280.00 0.15000 280.1 0.00120 0 -80.000 -0.062 -80.000 -0.000 0 NA
285.00 0.15000 285.1 0.00170 0 -80.000 -0.062 -80.000 -0.000 0 NA
290.00 0.15000 290.1 0.00234 0 -80.000 -0.062 -80.000 -0.000 0 NA
295.00 0.15000 295.1 0.00315 0 -80.000 -0.062 -80.000 -0.000 0 NA
300.00 0.15000 300.1 0.00414 0 -80.000 -0.062 -80.000 -0.000 0 NA
305.00 0.15000 305.1 0.00532 0 -80.000 -0.062 -80.000 -0.000 0 NA
310.00 0.15000 310.1 0.00671 0 -80.000 -0.062 -80.000 -0.000 0 NA
315.00 0.15000 315.1 0.00832 0 -80.000 -0.062 -80.000 -0.000 0 NA
320.00 0.15000 320.1 0.01018 0 -80.000 -0.062 -80.000 -0.000 0 NA
325.00 0.15000 325.1 0.01229 0 -80.000 -0.062 -80.000 -0.000 0 NA
330.00 0.15000 330.1 0.01465 0 -80.000 -0.062 -80.000 -0.000 0 NA
335.00 0.14925 335.1 0.01728 0 -80.000 -0.062 -80.000 -0.000 0 NA
340.00 0.14706 340.1 0.02018 0 -80.000 -0.062 -80.000 -0.000 0 NA
345.00 0.14493 345.1 0.02335 0 -80.000 -0.062 -80.000 -0.000 0 NA
350.00 0.14286 350.1 0.02678 0 -80.000 -0.062 -80.000 -0.000 0 NA
355.00 0.14085 355.0 0.03049 0 -80.000 -0.062 -80.000 -0.000 0 NA
360.00 0.13889 360.1 0.03445 0 -80.000 -0.062 -80.000 -0.000 0 NA
365.00 0.13699 365.0 0.03868 0 -80.000 -0.062 -80.000 -0.000 0 NA
370.00 0.13514 370.0 0.04319 0 -80.000 -0.062 -80.000 -0.000 0 NA
375.00 0.13333 375.0 0.04793 0 -80.000 -0.062 -80.000 -0.000 0 NA
380.00 0.13158 380.0 0.05292 0 -80.000 -0.062 -80.000 -0.000 0 NA
385.00 0.12987 385.0 0.05813 0 -80.000 -0.062 -80.000 -0.000 0 NA
390.00 0.12821 390.0 0.06358 0 -80.000 -0.062 -80.000 -0.000 0 NA
395.00 0.12658 395.0 0.06921 0 -80.000 -0.062 -80.000 -0.000 0 NA
400.00 0.12500 400.0 0.07503 0 -80.000 -0.062 -80.000 -0.000 0 NA
405.00 0.12346 405.0 0.08091 0 -80.000 -0.062 -80.000 -0.000 0 NA
410.00 0.12195 410.0 0.08705 0 -80.000 -0.062 -80.000 -0.000 0 NA
415.00 0.12048 415.0 0.09328 0 -80.000 -0.062 -80.000 -0.000 0 NA
420.00 0.11905 420.0 0.09959 0 -80.000 -0.062 -80.000 -0.000 0 NA
425.00 0.11765 425.0 0.10597 0 -80.000 -0.062 -80.000 -0.000 0 NA
430.00 0.11628 430.0 0.11245 0 -80.000 -0.062 -80.000 -0.000 0 NA
435.00 0.11494 435.0 0.11888 1 -80.000 -0.062 -80.000 -0.000 0 NA
0.00 0.15000 0.1 0.00000 0 -90.000 -0.056 -90.000 -0.000 0 NA
5.00 0.15000 5.1 0.00000 0 -90.000 -0.056 -90.000 -0.000 0 NA
10.00 0.15000 10.0 0.00000 0 -90.000 -0.056 -90.000 -0.000 0 NA
15.00 0.15000 15.0 0.00000 0 -90.000 -0.056 -90.000 -0.000 0 NA
20.00 0.15000 20.0 0.00000 0 -90.000 -0.056 -90.000 -0.000 0 NA
25.00 0.15000 25.0 0.00000 0 -90.000 -0.056 -90.000 -0.000 0 NA
30.00 0.15000 30.0 0.00000 0 -90.000 -0.056 -90.000 -0.000 0 NA
35.00 0.15000 35.0 0.00000 0 -90.000 -0.056 -90.000 -0.000 0 NA
40.00 0.15000 40.0 0.00000 0 -90.000 -0.056 -90.000 -0.000 0 NA
45.00 0.15000 45.0 0.00000 0 -90.000 -0.056 -90.000 -0.000 0 NA
50.00 0.15000 50.0 0.00000 0 -90.000 -0.056 -90.000 -0.000 0 NA
55.00 0.15000 55.0 0.00000 0 -90.000 -0.056 -90.000 -0.000 0 NA
60.00 0.15000 60.0 0.00000 0 -90.000 -0.056 -90.000 -0.000 0 NA
65.00 0.15000 65.0 0.00000 0 -90.000 -0.056 -90.000 -0.000 0 NA
70.00 0.15000 70.0 0.00000 0 -90.000 -0.056 -90.000 -0.000 0 NA
75.00 0.15000 75.0 0.00000 0 -90.000 -0.056 -90.000 -0.000 0 NA
80.00 0.15000 80.0 0.00000 0 -90.000 -0.056 -90.000 -0.000 0 NA
85.00 0.15000 85.0 0.00000 0 -90.000 -0.056 -90.000 -0.000 0 NA
90.00 0.15000 90.0 0.00000 0 -90.000 -0.056 -90.000 -0.000 0 NA
95.00 0.15000 95.0 0.00000 0 -90.000 -0.056 -90.000 -0.000 0 NA
100.00 0.15000 100.0 0.00000 0 -90.000 -0.056 -90.000 -0.000 0 NA
105.00 0.15000 105.0 0.00000 0 -90.000 -0.056 -90.000 -0.000 0 NA
110.00 0.15000 110.0 0.00000 0 -90.000 -0.056 -90.000 -0.000 0 NA
115.00 0.15000 115.0 0.00000 0 -90.000 -0.056 -90.000 -0.000 0 NA
120.00 0.15000 120.0 0.00000 0 -90.000 -0.056 -90.000 -0.000 0 NA
125.00 0.15000 125.0 0.00000 0 -90.000 -0.056 -90.000 -0.000 0 NA
130.00 0.15000 130.0 0.00000 0 -90.000 -0.056 -90.000 -0.000 0 NA
135.00 0.15000 135.0 0.00000 0 -90.000 -0.056 -90.000 -0.000 0 NA
140.00 0.15000 140.1 0.00000 0 -90.000 -0.056 -90.000 -0.000 0 NA
145.00 0.15000 145.0 0.00000 0 -90.000 -0.056 -90.000 -0.000 0 NA
150.00 0.15000 150.0 0.00000 0 -90.000 -0.056 -90.000 -0.000 0 NA
155.00 0.15000 155.0 0.00000 0 -90.000 -0.056 -90.000 -0.000 0 NA
160.00 0.15000 160.1 0.00000 0 -90.000 -0.056 -90.000 -0.000 0 NA
165.00 0.15000 165.0 0.00000 0 -90.000 -0.056 -90.000 -0.000 0 NA
170.00 0.15000 170.1 0.00000 0 -90.000 -0.056 -90.000 -0.000 0 NA
175.00 0.15000 175.0 0.00000 0 -90.000 -0.056 -90.000 -0.000 0 NA
180.00 0.15000 180.0 0.00000 0 -90.000 -0.056 -90.000 -0.000 0 NA
185.00 0.15000 185.0 0.00000 0 -90.000 -0.056 -90.000 -0.000 0 NA
190.00 0.15000 190.0 0.00000 0 -90.000 -0.056 -90.000 -0.000 0 NA
195.00 0.15000 195.0 0.00000 0 -90.000 -0.056 -90.000 -0.000 0 NA
200.00 0.15000 200.0 0.00000 0 -90.000 -0.056 -90.000 -0.000 0 NA
205.00 0.15000 205.0 0.00000 0 -90.000 -0.056 -90.000 -0.000 0 NA
210.00 0.15000 210.1 0.00000 0 -90.000 -0.056 -90.000 -0.000 0 NA
215.00 0.15000 215.0 0.00000 0 -90.000 -0.056 -90.000 -0.000 0 NA
220.00 0.15000 220.1 0.00000 0 -90.000 -0.056 -90.000 -0.000 0 NA
225.00 0.15000 225.1 0.00000 0 -90.000 -0.056 -90.000 -0.000 0 NA
230.00 0.15000 230.1 0.00000 0 -90.000 -0.056 -90.000 -0.000 0 NA
235.00 0.15000 235.1 0.00000 0 -90.000 -0.056 -90.000 -0.000 0 NA
240.00 0.15000 240.1 0.00000 0 -90.000 -0.056 -90.000 -0.000 0 NA
245.00 0.15000 245.1 0.00000 0 -90.000 -0.056 -90.000 -0.000 0 NA
250.00 0.15000 250.1 0.00000 0 -90.000 -0.056 -90.000 -0.000 0 NA
255.00 0.15000 255.1 0.00000 0 -90.000 -0.056 -90.000 -0.000 0 NA
260.00 0.15000 260.1 0.00000 0 -90.000 -0.056 -90.000 -0.000 0 NA
265.00 0.15000 265.1 0.00000 0 -90.000 -0.056 -90.000 -0.000 0 NA
270.00 0.15000 270.1 0.00000 0 -90.000 -0.056 -90.000 -0.000 0 NA
275.00 0.15000 275.1 0.00005 0 -90.000 -0.056 -90.000 -0.000 0 NA
280.00 0.15000 280.1 0.00007 0 -90.000 -0.056 -90.000 -0.000 0 NA
285.00 0.15000 285.1 0.00012 0 -90.000 -0.056 -90.000 -0.000 0 NA
290.00 0.15000 290.1 0.00020 0 -90.000 -0.056 -90.000 -0.000 0 NA
295.00 0.15000 295.1 0.00031 0 -90.000 -0.056 -90.000 -0.000 0 NA
300.00 0.15000 300.1 0.00049 0 -90.000 -0.056 -90.000 -0.000 0 NA
305.00 0.15000 305.1 0.00072 0 -90.000 -0.056 -90.000 -0.000 0 NA
310.00 0.15000 310.1 0.00105 0 -90.000 -0.056 -90.000 -0.000 0 NA
315.00 0.15000 315.1 0.00147 0 -90.000 -0.056 -90.000 -0.000 0 NA
320.00 0.15000 320.1 0.00200 0 -90.000 -0.056 -90.000 -0.000 0 NA
325.00 0.15000 325.1 0.00268 0 -90.000 -0.056 -90.000 -0.000 0 NA
330.00 0.15000 330.1 0.00351 0 -90.000 -0.056 -90.000 -0.000 0 NA
335.00 0.14925 335.1 0.00450 0 -90.000 -0.056 -90.000 -0.000 0 NA
340.00 0.14706 340.1 0.00567 0 -90.000 -0.056 -90.000 -0.000 0 NA
345.00 0.14493 345.1 0.00704 0 -90.000 -0.056 -90.000 -0.000 0 NA
350.00 0.14286 350.1 0.00862 0 -90.000 -0.056 -90.000 -0.000 0 NA
355.00 0.14085 355.0 0.01042 0 -90.000 -0.056 -90.000 -0.000 0 NA
360.00 0.13889 360.1 0.01244 0 -90.000 -0.056 -90.000 -0.000 0 NA
365.00 0.13699 365.0 0.01471 0 -90.000 -0.056 -90.000 -0.000 0 NA
370.00 0.13514 370.0 0.01722 0 -90.000 -0.056 -90.000 -0.000 0 NA
375.00 0.13333 375.0 0.01998 0 -90.000 -0.056 -90.000 -0.000 0 NA
380.00 0.13158 380.0 0.02299 0 -90.000 -0.056 -90.000 -0.000 0 NA
385.00 0.12987 385.0 0.02626 0 -90.000 -0.056 -90.000 -0.000 0 NA
390.00 0.12821 390.0 0.02978 0 -90.000 -0.056 -90.000 -0.000 0 NA
395.00 0.12658 395.0 0.03355 0 -90.000 -0.056 -90.000 -0.000 0 NA
400.00 0.12500 400.0 0.03756 0 -90.000 -0.056 -90.000 -0.000 0 NA
405.00 0.12346 405.0 0.04182 0 -90.000 -0.056 -90.000 -0.000 0 NA
410.00 0.12195 410.0 0.04633 0 -90.000 -0.056 -90.000 -0.000 0 NA
415.00 0.12048 415.0 0.05106 0 -90.000 -0.056 -90.000 -0.000 0 NA
420.00 0.11905 420.0 0.05602 0 -90.000 -0.056 -90.000 -0.000 0 NA
425.00 0.11765 425.0 0.06119 0 -90.000 -0.056 -90.000 -0.000 0 NA
430.00 0.11628 430.0 0.06656 0 -90.000 -0.056 -90.000 -0.000 0 NA
435.00 0.11494 435.0 0.07215 0 -90.000 -0.056 -90.000 -0.000 0 NA
440.00 0.11364 440.0 0.07788 0 -90.000 -0.056 -90.000 -0.000 0 NA
445.00 0.11236 445.0 0.08377 0 -90.000 -0.056 -90.000 -0.000 0 NA
450.00 0.11111 450.0 0.08978 0 -90.000 -0.056 -90.000 -0.000 0 NA
455.00 0.10989 455.0 0.09598 0 -90.000 -0.056 -90.000 -0.000 0 NA
460.00 0.10870 460.0 0.10212 0 -90.000 -0.056 -90.000 -0.000 0 NA
465.00 0.10753 458.7 0.10004 1 -90.000 -0.056 -90.000 -0.000 0 NA
0.00 0.15000 0.1 0.00000 0 -100.000 -0.050 -100.000 -0.000 0 NA
5.00 0.15000 5.1 0.00000 0 -100.000 -0.050 -100.000 -0.000 0 NA
10.00 0.15000 10.0 0.00000 0 -100.000 -0.050 -100.000 -0.000 0 NA
15.00 0.15000 15.0 0.00000 0 -100.000 -0.050 -100.000 -0.000 0 NA
20.00 0.15000 20.0 0.00000 0 -100.000 -0.050 -100.000 -0.000 0 NA
25.00 0.15000 25.0 0.00000 0 -100.000 -0.050 -100.000 -0.000 0 NA
30.00 0.15000 30.0 0.00000 0 -100.000 -0.050 -100.000 -0.000 0 NA
35.00 0.15000 35.0 0.00000 0 -100.000 -0.050 -100.000 -0.000 0 NA
40.00 0.15000 40.0 0.00000 0 -100.000 -0.050 -100.000 -0.000 0 NA
45.00 0.15000 45.0 0.00000 0 -100.000 -0.050 -100.000 -0.000 0 NA
50.00 0.15000 50.0 0.00000 0 -100.000 -0.050 -100.000 -0.000 0 NA
55.00 0.15000 55.0 0.00000 0 -100.000 -0.050 -100.000 -0.000 0 NA
60.00 0.15000 60.0 0.00000 0 -100.000 -0.050 -100.000 -0.000 0 NA
65.00 0.15000 65.0 0.00000 0 -100.000 -0.050 -100.000 -0.000 0 NA
70.00 0.15000 70.0 0.00000 0 -100.000 -0.050 -100.000 -0.000 0 NA
75.00 0.15000 75.0 0.00000 0 -100.000 -0.050 -100.000 -0.000 0 NA
80.00 0.15000 80.0 0.00000 0 -100.000 -0.050 -100.000 -0.000 0 NA
85.00 0.15000 85.0 0.00000 0 -100.000 -0.050 -100.000 -0.000 0 NA
90.00 0.15000 90.0 0.00000 0 -100.000 -0.050 -100.000 -0.000 0 NA
95.00 0.15000 95.0 0.00000 0 -100.000 -0.050 -100.000 -0.000 0 NA
100.00 0.15000 100.0 0.00000 0 -100.000 -0.050 -100.000 -0.000 0 NA
105.00 0.15000 105.0 0.00000 0 -100.000 -0.050 -100.000 -0.000 0 NA
110.00 0.15000 110.0 0.00000 0 -100.000 -0.050 -100.000 -0.000 0 NA
115.00 0.15000 115.0 0.00000 0 -100.000 -0.050 -100.000 -0.000 0 NA
120.00 0.15000 120.0 0.00000 0 -100.000 -0.050 -100.000 -0.000 0 NA
125.00 0.15000 125.0 0.00000 0 -100.000 -0.050 -100.000 -0.000 0 NA
130.00 0.15000 130.0 0.00000 0 -100.000 -0.050 -100.000 -0.000 0 NA
135.00 0.15000 135.1 0.00000 0 -100.000 -0.050 -100.000 -0.000 0 NA
140.00 0.15000 140.1 0.00000 0 -100.000 -0.050 -100.000 -0.000 0 NA
145.00 0.15000 145.0 0.00000 0 -100.000 -0.050 -100.000 -0.000 0 NA
150.00 0.15000 150.0 0.00000 0 -100.000 -0.050 -100.000 -0.000 0 NA
155.00 0.15000 155.0 0.00000 0 -100.000 -0.050 -100.000 -0.000 0 NA
160.00 0.15000 160.1 0.00000 0 -100.000 -0.050 -100.000 -0.000 0 NA
165.00 0.15000 165.0 0.00000 0 -100.000 -0.050 -100.000 -0.000 0 NA
170.00 0.15000 170.1 0.00000 0 -100.000 -0.050 -100.000 -0.000 0 NA
175.00 0.15000 175.0 0.00000 0 -100.000 -0.050 -100.000 -0.000 0 NA
180.00 0.15000 180.0 0.00000 0 -100.000 -0.050 -100.000 -0.000 0 NA
185.00 0.15000 185.0 0.00000 0 -100.000 -0.050 -100.000 -0.000 0 NA
190.00 0.15000 190.0 0.00000 0 -100.000 -0.050 -100.000 -0.000 0 NA
195.00 0.15000 195.0 0.00000 0 -100.000 -0.050 -100.000 -0.000 0 NA
200.00 0.15000 200.0 0.00000 0 -100.000 -0.050 -100.000 -0.000 0 NA
205.00 0.15000 205.0 0.00000 0 -100.000 -0.050 -100.000 -0.000 0 NA
210.00 0.15000 210.1 0.00000 0 -100.000 -0.050 -100.000 -0.000 0 NA
215.00 0.15000 215.0 0.00000 0 -100.000 -0.050 -100.000 -0.000 0 NA
220.00 0.15000 220.1 0.00000 0 -100.000 -0.050 -100.000 -0.000 0 NA
225.00 0.15000 225.1 0.00000 0 -100.000 -0.050 -100.000 -0.000 0 NA
230.00 0.15000 230.1 0.00000 0 -100.000 -0.050 -100.000 -0.000 0 NA
235.00 0.15000 235.1 0.00000 0 -100.000 -0.050 -100.000 -0.000 0 NA
240.00 0.15000 240.1 0.00000 0 -100.000 -0.050 -100.000 -0.000 0 NA
245.00 0.15000 245.1 0.00000 0 -100.000 -0.050 -100.000 -0.000 0 NA
250.00 0.15000 250.1 0.00000 0 -100.000 -0.050 -100.000 -0.000 0 NA
255.00 0.15000 255.1 0.00000 0 -100.000 -0.050 -100.000 -0.000 0 NA
260.00 0.15000 260.1 0.00000 0 -100.000 -0.050 -100.000 -0.000 0 NA
265.00 0.15000 265.1 0.00000 0 -100.000 -0.050 -100.000 -0.000 0 NA
270.00 0.15000 270.1 0.00000 0 -100.000 -0.050 -100.000 -0.000 0 NA
275.00 0.15000 275.1 0.00000 0 -100.000 -0.050 -100.000 -0.000 0 NA
280.00 0.15000 280.1 0.00000 0 -100.000 -0.050 -100.000 -0.000 0 NA
285.00 0.15000 285.1 0.00000 0 -100.000 -0.050 -100.000 -0.000 0 NA
290.00 0.15000 290.1 0.00000 0 -100.000 -0.050 -100.000 -0.000 0 NA
295.00 0.15000 295.1 0.00000 0 -100.000 -0.050 -100.000 -0.000 0 NA
300.00 0.15000 300.1 0.00000 0 -100.000 -0.050 -100.000 -0.000 0 NA
305.00 0.15000 305.1 0.00006 0 -100.000 -0.050 -100.000 -0.000 0 NA
310.00 0.15000 310.1 0.00007 0 -100.000 -0.050 -100.000 -0.000 0 NA
315.00 0.15000 315.1 0.00012 0 -100.000 -0.050 -100.000 -0.000 0 NA
320.00 0.15000 320.1 0.00019 0 -100.000 -0.050 -100.000 -0.000 0 NA
325.00 0.15000 325.1 0.00029 0 -100.000 -0.050 -100.000 -0.000 0 NA
330.00 0.15000 330.1 0.00045 0 -100.000 -0.050 -100.000 -0.000 0 NA
335.00 0.14925 335.1 0.00065 0 -100.000 -0.050 -100.000 -0.000 0 NA
340.00 0.14706 340.1 0.00093 0 -100.000 -0.050 -100.000 -0.000 0 NA
345.00 0.14493 345.1 0.00129 0 -100.000 -0.050 -100.000 -0.000 0 NA
350.00 0.14286 350.1 0.00175 0 -100.000 -0.050 -100.000 -0.000 0 NA
355.00 0.14085 355.1 0.00233 0 -100.000 -0.050 -100.000 -0.000 0 NA
360.00 0.13889 360.1 0.00303 0 -100.000 -0.050 -100.000 -0.000 0 NA
365.00 0.13699 365.0 0.00387 0 -100.000 -0.050 -100.000 -0.000 0 NA
370.00 0.13514 370.0 0.00488 0 -100.000 -0.050 -100.000 -0.000 0 NA
375.00 0.13333 375.0 0.00604 0 -100.000 -0.050 -100.000 -0.000 0 NA
380.00 0.13158 380.0 0.00739 0 -100.000 -0.050 -100.000 -0.000 0 NA
385.00 0.12987 385.0 0.00894 0 -100.000 -0.050 -100.000 -0.000 0 NA
390.00 0.12821 390.0 0.01069 0 -100.000 -0.050 -100.000 -0.000 0 NA
395.00 0.12658 395.0 0.01265 0 -100.000 -0.050 -100.000 -0.000 0 NA
400.00 0.12500 400.0 0.01484 0 -100.000 -0.050 -100.000 -0.000 0 NA
405.00 0.12346 405.0 0.01726 0 -100.000 -0.050 -100.000 -0.000 0 NA
410.00 0.12195 410.0 0.01992 0 -100.000 -0.050 -100.000 -0.000 0 NA
415.00 0.12048 415.0 0.02280 0 -100.000 -0.050 -100.000 -0.000 0 NA
420.00 0.11905 420.0 0.02592 0 -100.000 -0.050 -100.000 -0.000 0 NA
425.00 0.11765 425.0 0.02928 0 -100.000 -0.050 -100.000 -0.000 0 NA
430.00 0.11628 430.0 0.03287 0 -100.000 -0.050 -100.000 -0.000 0 NA
435.00 0.11494 435.0 0.03671 0 -100.000 -0.050 -100.000 -0.000 0 NA
440.00 0.11364 440.0 0.04078 0 -100.000 -0.050 -100.000 -0.000 0 NA
445.00 0.11236 445.0 0.04507 0 -100.000 -0.050 -100.000 -0.000 0 NA
450.00 0.11111 450.0 0.04961 0 -100.000 -0.050 -100.000 -0.000 0 NA
455.00 0.10989 455.0 0.05437 0 -100.000 -0.050 -100.000 -0.000 0 NA
460.00 0.10870 460.0 0.05933 0 -100.000 -0.050 -100.000 -0.000 0 NA
465.00 0.10753 465.0 0.06449 0 -100.000 -0.050 -100.000 -0.000 0 NA
470.00 0.10638 470.0 0.06983 0 -100.000 -0.050 -100.000 -0.000 0 NA
475.00 0.10526 475.0 0.07535 0 -100.000 -0.050 -100.000 -0.000 0 NA
480.00 0.10417 480.0 0.08106 0 -100.000 -0.050 -100.000 -0.000 0 NA
485.00 0.10309 485.0 0.08688 0 -100.000 -0.050 -100.000 -0.000 0 NA
490.00 0.10204 490.0 0.09284 0 -100.000 -0.050 -100.000 -0.000 0 NA
495.00 0.10101 495.0 0.09887 0 -100.000 -0.050 -100.000 -0.000 0 NA
500.00 0.10000 496.3 0.10004 1 -100.000 -0.050 -100.000 -0.000 0 NA
0.00 0.15000 0.1 0.00000 0 -110.000 -0.045 -110.000 -0.000 0 NA
5.00 0.15000 5.1 0.00000 0 -110.000 -0.045 -110.000 -0.000 0 NA
10.00 0.15000 10.0 0.00000 0 -110.000 -0.045 -110.000 -0.000 0 NA
15.00 0.15000 15.0 0.00000 0 -110.000 -0.045 -110.000 -0.000 0 NA
20.00 0.15000 20.0 0.00000 0 -110.000 -0.045 -110.000 -0.000 0 NA
25.00 0.15000 25.0 0.00000 0 -110.000 -0.045 -110.000 -0.000 0 NA
30.00 0.15000 30.0 0.00000 0 -110.000 -0.045 -110.000 -0.000 0 NA
35.00 0.15000 35.0 0.00000 0 -110.000 -0.045 -110.000 -0.000 0 NA
40.00 0.15000 40.0 0.00000 0 -110.000 -0.045 -110.000 -0.000 0 NA
45.00 0.15000 45.0 0.00000 0 -110.000 -0.045 -110.000 -0.000 0 NA
50.00 0.15000 50.0 0.00000 0 -110.000 -0.045 -110.000 -0.000 0 NA
55.00 0.15000 55.0 0.00000 0 -110.000 -0.045 -110.000 -0.000 0 NA
60.00 0.15000 60.0 0.00000 0 -110.000 -0.045 -110.000 -0.000 0 NA
65.00 0.15000 65.0 0.00000 0 -110.000 -0.045 -110.000 -0.000 0 NA
70.00 0.15000 70.0 0.00000 0 -110.000 -0.045 -110.000 -0.000 0 NA
75.00 0.15000 75.0 0.00000 0 -110.000 -0.045 -110.000 -0.000 0 NA
80.00 0.15000 80.0 0.00000 0 -110.000 -0.045 -110.000 -0.000 0 NA
85.00 0.15000 85.0 0.00000 0 -110.000 -0.045 -110.000 -0.000 0 NA
90.00 0.15000 90.0 0.00000 0 -110.000 -0.045 -110.000 -0.000 0 NA
95.00 0.15000 95.0 0.00000 0 -110.000 -0.045 -110.000 -0.000 0 NA
100.00 0.15000 100.0 0.00000 0 -110.000 -0.045 -110.000 -0.000 0 NA
105.00 0.15000 105.0 0.00000 0 -110.000 -0.045 -110.000 -0.000 0 NA
110.00 0.15000 110.0 0.00000 0 -110.000 -0.045 -110.000 -0.000 0 NA
115.00 0.15000 115.0 0.00000 0 -110.000 -0.045 -110.000 -0.000 0 NA
120.00 0.15000 120.0 0.00000 0 -110.000 -0.045 -110.000 -0.000 0 NA
125.00 0.15000 125.0 0.00000 0 -110.000 -0.045 -110.000 -0.000 0 NA
130.00 0.15000 130.0 0.00000 0 -110.000 -0.045 -110.000 -0.000 0 NA
135.00 0.15000 135.1 0.00000 0 -110.000 -0.045 -110.000 -0.000 0 NA
140.00 0.15000 140.1 0.00000 0 -110.000 -0.045 -110.000 -0.000 0 NA
145.00 0.15000 145.0 0.00000 0 -110.000 -0.045 -110.000 -0.000 0 NA
150.00 0.15000 150.0 0.00000 0 -110.000 -0.045 -110.000 -0.000 0 NA
155.00 0.15000 155.0 0.00000 0 -110.000 -0.045 -110.000 -0.000 0 NA
160.00 0.15000 160.1 0.00000 0 -110.000 -0.045 -110.000 -0.000 0 NA
165.00 0.15000 165.0 0.00000 0 -110.000 -0.045 -110.000 -0.000 0 NA
170.00 0.15000 170.1 0.00000 0 -110.000 -0.045 -110.000 -0.000 0 NA
175.00 0.15000 175.0 0.00000 0 -110.000 -0.045 -110.000 -0.000 0 NA
180.00 0.15000 180.0 0.00000 0 -110.000 -0.045 -110.000 -0.000 0 NA
185.00 0.15000 185.0 0.00000 0 -110.000 -0.045 -110.000 -0.000 0 NA
190.00 0.15000 190.0 0.00000 0 -110.000 -0.045 -110.000 -0.000 0 NA
195.00 0.15000 195.0 0.00000 0 -110.000 -0.045 -110.000 -0.000 0 NA
200.00 0.15000 200.0 0.00000 0 -110.000 -0.045 -110.000 -0.000 0 NA
205.00 0.15000 205.0 0.00000 0 -110.000 -0.045 -110.000 -0.000 0 NA
210.00 0.15000 210.1 0.00000 0 -110.000 -0.045 -110.000 -0.000 0 NA
215.00 0.15000 215.0 0.00000 0 -110.000 -0.045 -110.000 -0.000 0 NA
220.00 0.15000 220.1 0.00000 0 -110.000 -0.045 -110.000 -0.000 0 NA
225.00 0.15000 225.1 0.00000 0 -110.000 -0.045 -110.000 -0.000 0 NA
230.00 0.15000 230.1 0.00000 0 -110.000 -0.045 -110.000 -0.000 0 NA
235.00 0.15000 235.1 0.00000 0 -110.000 -0.045 -110.000 -0.000 0 NA
240.00 0.15000 240.1 0.00000 0 -110.000 -0.045 -110.000 -0.000 0 NA
245.00 0.15000 245.1 0.00000 0 -110.000 -0.045 -110.000 -0.000 0 NA
250.00 0.15000 250.1 0.00000 0 -110.000 -0.045 -110.000 -0.000 0 NA
255.00 0.15000 255.1 0.00000 0 -110.000 -0.045 -110.000 -0.000 0 NA
260.00 0.15000 260.1 0.00000 0 -110.000 -0.045 -110.000 -0.000 0 NA
265.00 0.15000 265.1 0.00000 0 -110.000 -0.045 -110.000 -0.000 0 NA
270.00 0.15000 270.1 0.00000 0 -110.000 -0.045 -110.000 -0.000 0 NA
275.00 0.15000 275.1 0.00000 0 -110.000 -0.045 -110.000 -0.000 0 NA
280.00 0.15000 280.1 0.00000 0 -110.000 -0.045 -110.000 -0.000 0 NA
285.00 0.15000 285.1 0.00000 0 -110.000 -0.045 -110.000 -0.000 0 NA
290.00 0.15000 290.1 0.00000 0 -110.000 -0.045 -110.000 -0.000 0 NA
295.00 0.15000 295.1 0.00000 0 -110.000 -0.045 -110.000 -0.000 0 NA
300.00 0.15000 300.1 0.00000 0 -110.000 -0.045 -110.000 -0.000 0 NA
305.00 0.15000 305.1 0.00000 0 -110.000 -0.045 -110.000 -0.000 0 NA
310.00 0.15000 310.1 0.00000 0 -110.000 -0.045 -110.000 -0.000 0 NA
315.00 0.15000 315.1 0.00000 0 -110.000 -0.045 -110.000 -0.000 0 NA
320.00 0.15000 320.1 0.00000 0 -110.000 -0.045 -110.000 -0.000 0 NA
325.00 0.15000 325.1 0.00000 0 -110.000 -0.045 -110.000 -0.000 0 NA
330.00 0.15000 330.1 0.00000 0 -110.000 -0.045 -110.000 -0.000 0 NA
335.00 0.14925 335.1 0.00006 0 -110.000 -0.045 -110.000 -0.000 0 NA
340.00 0.14706 340.1 0.00007 0 -110.000 -0.045 -110.000 -0.000 0 NA
345.00 0.14493 345.1 0.00012 0 -110.000 -0.045 -110.000 -0.000 0 NA
350.00 0.14286 350.1 0.00018 0 -110.000 -0.045 -110.000 -0.000 0 NA
355.00 0.14085 355.1 0.00028 0 -110.000 -0.045 -110.000 -0.000 0 NA
360.00 0.13889 360.1 0.00042 0 -110.000 -0.045 -110.000 -0.000 0 NA
365.00 0.13699 365.0 0.00060 0 -110.000 -0.045 -110.000 -0.000 0 NA
370.00 0.13514 370.0 0.00085 0 -110.000 -0.045 -110.000 -0.000 0 NA
375.00 0.13333 375.0 0.00116 0 -110.000 -0.045 -110.000 -0.000 0 NA
380.00 0.13158 380.0 0.00156 0 -110.000 -0.045 -110.000 -0.000 0 NA
385.00 0.12987 385.0 0.00205 0 -110.000 -0.045 -110.000 -0.000 0 NA
390.00 0.12821 390.0 0.00266 0 -110.000 -0.045 -110.000 -0.000 0 NA
395.00 0.12658 395.0 0.00339 0 -110.000 -0.045 -110.000 -0.000 0 NA
400.00 0.12500 400.0 0.00425 0 -110.000 -0.045 -110.000 -0.000 0 NA
405.00 0.12346 405.0 0.00526 0 -110.000 -0.045 -110.000 -0.000 0 NA
410.00 0.12195 410.0 0.00643 0 -110.000 -0.045 -110.000 -0.000 0 NA
415.00 0.12048 415.0 0.00776 0 -110.000 -0.045 -110.000 -0.000 0 NA
420.00 0.11905 420.0 0.00929 0 -110.000 -0.045 -110.000 -0.000 0 NA
425.00 0.11765 425.0 0.01100 0 -110.000 -0.045 -110.000 -0.000 0 NA
430.00 0.11628 430.0 0.01291 0 -110.000 -0.045 -110.000 -0.000 0 NA
435.00 0.11494 435.0 0.01504 0 -110.000 -0.045 -110.000 -0.000 0 NA
440.00 0.11364 440.0 0.01738 0 -110.000 -0.045 -110.000 -0.000 0 NA
445.00 0.11236 445.0 0.01994 0 -110.000 -0.045 -110.000 -0.000 0 NA
450.00 0.11111 450.0 0.02271 0 -110.000 -0.045 -110.000 -0.000 0 NA
455.00 0.10989 455.0 0.02572 0 -110.000 -0.045 -110.000 -0.000 0 NA
460.00 0.10870 460.0 0.02896 0 -110.000 -0.045 -110.000 -0.000 0 NA
465.00 0.10753 465.0 0.03241 0 -110.000 -0.045 -110.000 -0.000 0 NA
470.00 0.10638 470.0 0.03609 0 -110.000 -0.045 -110.000 -0.000 0 NA
475.00 0.10526 475.0 0.03998 0 -110.000 -0.045 -110.000 -0.000 0 NA
480.00 0.10417 480.0 0.04411 0 -110.000 -0.045 -110.000 -0.000 0 NA
485.00 0.10309 485.0 0.04844 0 -110.000 -0.045 -110.000 -0.000 0 NA
490.00 0.10204 490.0 0.05299 0 -110.000 -0.045 -110.000 -0.000 0 NA
495.00 0.10101 495.0 0.05774 0 -110.000 -0.045 -110.000 -0.000 0 NA
500.00 0.10000 500.0 0.06271 0 -110.000 -0.045 -110.000 -0.000 0 NA
505.00 0.09901 505.0 0.06785 0 -110.000 -0.045 -110.000 -0.000 0 NA
510.00 0.09804 510.0 0.07318 0 -110.000 -0.045 -110.000 -0.000 0 NA
515.00 0.09709 515.0 0.07866 0 -110.000 -0.045 -110.000 -0.000 0 NA
520.00 0.09615 520.0 0.08430 0 -110.000 -0.045 -110.000 -0.000 0 NA
525.00 0.09524 525.0 0.09004 0 -110.000 -0.045 -110.000 -0.000 0 NA
530.00 0.09434 530.0 0.09591 1 -110.000 -0.045 -110.000 -0.000 0 NA
0.00 0.15000 0.1 0.00000 0 -120.000 -0.042 -120.000 -0.000 0 NA
5.00 0.15000 5.1 0.00000 0 -120.000 -0.042 -120.000 -0.000 0 NA
10.00 0.15000 10.0 0.00000 0 -120.000 -0.042 -120.000 -0.000 0 NA
15.00 0.15000 15.0 0.00000 0 -120.000 -0.042 -120.000 -0.000 0 NA
20.00 0.15000 20.0 0.00000 0 -120.000 -0.042 -120.000 -0.000 0 NA
25.00 0.15000 25.0 0.00000 0 -120.000 -0.042 -120.000 -0.000 0 NA
30.00 0.15000 30.0 0.00000 0 -120.000 -0.042 -120.000 -0.000 0 NA
35.00 0.15000 35.0 0.00000 0 -120.000 -0.042 -120.000 -0.000 0 NA
40.00 0.15000 40.0 0.00000 0 -120.000 -0.042 -120.000 -0.000 0 NA
45.00 0.15000 45.0 0.00000 0 -120.000 -0.042 -120.000 -0.000 0 NA
50.00 0.15000 50.0 0.00000 0 -120.000 -0.042 -120.000 -0.000 0 NA
55.00 0.15000 55.0 0.00000 0 -120.000 -0.042 -120.000 -0.000 0 NA
60.00 0.15000 60.0 0.00000 0 -120.000 -0.042 -120.000 -0.000 0 NA
65.00 0.15000 65.0 0.00000 0 -120.000 -0.042 -120.000 -0.000 0 NA
70.00 0.15000 70.0 0.00000 0 -120.000 -0.042 -120.000 -0.000 0 NA
75.00 0.15000 75.0 0.00000 0 -120.000 -0.042 -120.000 -0.000 0 NA
80.00 0.15000 80.0 0.00000 0 -120.000 -0.042 -120.000 -0.000 0 NA
85.00 0.15000 85.0 0.00000 0 -120.000 -0.042 -120.000 -0.000 0 NA
90.00 0.15000 90.0 0.00000 0 -120.000 -0.042 -120.000 -0.000 0 NA
95.00 0.15000 95.0 0.00000 0 -120.000 -0.042 -120.000 -0.000 0 NA
100.00 0.15000 100.0 0.00000 0 -120.000 -0.042 -120.000 -0.000 0 NA
105.00 0.15000 105.0 0.00000 0 -120.000 -0.042 -120.000 -0.000 0 NA
110.00 0.15000 110.0 0.00000 0 -120.000 -0.042 -120.000 -0.000 0 NA
115.00 0.15000 115.0 0.00000 0 -120.000 -0.042 -120.000 -0.000 0 NA
120.00 0.15000 120.0 0.00000 0 -120.000 -0.042 -120.000 -0.000 0 NA
125.00 0.15000 125.0 0.00000 0 -120.000 -0.042 -120.000 -0.000 0 NA
130.00 0.15000 130.0 0.00000 0 -120.000 -0.042 -120.000 -0.000 0 NA
135.00 0.15000 135.0 0.00000 0 -120.000 -0.042 -120.000 -0.000 0 NA
140.00 0.15000 140.1 0.00000 0 -120.000 -0.042 -120.000 -0.000 0 NA
145.00 0.15000 145.0 0.00000 0 -120.000 -0.042 -120.000 -0.000 0 NA
150.00 0.15000 150.0 0.00000 0 -120.000 -0.042 -120.000 -0.000 0 NA
155.00 0.15000 155.0 0.00000 0 -120.000 -0.042 -120.000 -0.000 0 NA
160.00 0.15000 160.1 0.00000 0 -120.000 -0.042 -120.000 -0.000 0 NA
165.00 0.15000 165.0 0.00000 0 -120.000 -0.042 -120.000 -0.000 0 NA
170.00 0.15000 170.1 0.00000 0 -120.000 -0.042 -120.000 -0.000 0 NA
175.00 0.15000 175.0 0.00000 0 -120.000 -0.042 -120.000 -0.000 0 NA
180.00 0.15000 180.0 0.00000 0 -120.000 -0.042 -120.000 -0.000 0 NA
185.00 0.15000 185.0 0.00000 0 -120.000 -0.042 -120.000 -0.000 0 NA
190.00 0.15000 190.1 0.00000 0 -120.000 -0.042 -120.000 -0.000 0 NA
195.00 0.15000 195.0 0.00000 0 -120.000 -0.042 -120.000 -0.000 0 NA
200.00 0.15000 200.0 0.00000 0 -120.000 -0.042 -120.000 -0.000 0 NA
205.00 0.15000 205.0 0.00000 0 -120.000 -0.042 -120.000 -0.000 0 NA
210.00 0.15000 210.1 0.00000 0 -120.000 -0.042 -120.000 -0.000 0 NA
215.00 0.15000 215.0 0.00000 0 -120.000 -0.042 -120.000 -0.000 0 NA
220.00 0.15000 220.1 0.00000 0 -120.000 -0.042 -120.000 -0.000 0 NA
225.00 0.15000 225.1 0.00000 0 -120.000 -0.042 -120.000 -0.000 0 NA
230.00 0.15000 230.1 0.00000 0 -120.000 -0.042 -120.000 -0.000 0 NA
235.00 0.15000 235.1 0.00000 0 -120.000 -0.042 -120.000 -0.000 0 NA
240.00 0.15000 240.1 0.00000 0 -120.000 -0.042 -120.000 -0.000 0 NA
245.00 0.15000 245.1 0.00000 0 -120.000 -0.042 -120.000 -0.000 0 NA
250.00 0.15000 250.1 0.00000 0 -120.000 -0.042 -120.000 -0.000 0 NA
255.00 0.15000 255.1 0.00000 0 -120.000 -0.042 -120.000 -0.000 0 NA
260.00 0.15000 260.1 0.00000 0 -120.000 -0.042 -120.000 -0.000 0 NA
265.00 0.15000 265.1 0.00000 0 -120.000 -0.042 -120.000 -0.000 0 NA
270.00 0.15000 270.1 0.00000 0 -120.000 -0.042 -120.000 -0.000 0 NA
275.00 0.15000 275.1 0.00000 0 -120.000 -0.042 -120.000 -0.000 0 NA
280.00 0.15000 280.1 0.00000 0 -120.000 -0.042 -120.000 -0.000 0 NA
285.00 0.15000 285.1 0.00000 0 -120.000 -0.042 -120.000 -0.000 0 NA
290.00 0.15000 290.1 0.00000 0 -120.000 -0.042 -120.000 -0.000 0 NA
295.00 0.15000 295.1 0.00000 0 -120.000 -0.042 -120.000 -0.000 0 NA
300.00 0.15000 300.1 0.00000 0 -120.000 -0.042 -120.000 -0.000 0 NA
305.00 0.15000 305.1 0.00000 0 -120.000 -0.042 -120.000 -0.000 0 NA
310.00 0.15000 310.1 0.00000 0 -120.000 -0.042 -120.000 -0.000 0 NA
315.00 0.15000 315.1 0.00000 0 -120.000 -0.042 -120.000 -0.000 0 NA
320.00 0.15000 320.1 0.00000 0 -120.000 -0.042 -120.000 -0.000 0 NA
325.00 0.15000 325.1 0.00000 0 -120.000 -0.042 -120.000 -0.000 0 NA
330.00 0.15000 330.1 0.00000 0 -120.000 -0.042 -120.000 -0.000 0 NA
335.00 0.14925 335.1 0.00000 0 -120.000 -0.042 -120.000 -0.000 0 NA
340.00 0.14706 340.1 0.00000 0 -120.000 -0.042 -120.000 -0.000 0 NA
345.00 0.14493 345.1 0.00000 0 -120.000 -0.042 -120.000 -0.000 0 NA
350.00 0.14286 350.1 0.00000 0 -120.000 -0.042 -120.000 -0.000 0 NA
355.00 0.14085 355.1 0.00000 0 -120.000 -0.042 -120.000 -0.000 0 NA
360.00 0.13889 360.1 0.00000 0 -120.000 -0.042 -120.000 -0.000 0 NA
365.00 0.13699 365.0 0.00006 0 -120.000 -0.042 -120.000 -0.000 0 NA
370.00 0.13514 370.0 0.00008 0 -120.000 -0.042 -120.000 -0.000 0 NA
375.00 0.13333 375.0 0.00012 0 -120.000 -0.042 -120.000 -0.000 0 NA
380.00 0.13158 380.0 0.00018 0 -120.000 -0.042 -120.000 -0.000 0 NA
385.00 0.12987 385.0 0.00027 0 -120.000 -0.042 -120.000 -0.000 0 NA
390.00 0.12821 390.0 0.00039 0 -120.000 -0.042 -120.000 -0.000 0 NA
395.00 0.12658 395.0 0.00056 0 -120.000 -0.042 -120.000 -0.000 0 NA
400.00 0.12500 400.0 0.00078 0 -120.000 -0.042 -120.000 -0.000 0 NA
405.00 0.12346 405.0 0.00106 0 -120.000 -0.042 -120.000 -0.000 0 NA
410.00 0.12195 410.0 0.00142 0 -120.000 -0.042 -120.000 -0.000 0 NA
415.00 0.12048 415.0 0.00184 0 -120.000 -0.042 -120.000 -0.000 0 NA
420.00 0.11905 420.0 0.00237 0 -120.000 -0.042 -120.000 -0.000 0 NA
425.00 0.11765 425.0 0.00301 0 -120.000 -0.042 -120.000 -0.000 0 NA
430.00 0.11628 430.0 0.00376 0 -120.000 -0.042 -120.000 -0.000 0 NA
435.00 0.11494 435.0 0.00464 0 -120.000 -0.042 -120.000 -0.000 0 NA
440.00 0.11364 440.0 0.00566 0 -120.000 -0.042 -120.000 -0.000 0 NA
445.00 0.11236 445.0 0.00682 0 -120.000 -0.042 -120.000 -0.000 0 NA
450.00 0.11111 450.0 0.00816 0 -120.000 -0.042 -120.000 -0.000 0 NA
455.00 0.10989 455.0 0.00966 0 -120.000 -0.042 -120.000 -0.000 0 NA
460.00 0.10870 460.0 0.01135 0 -120.000 -0.042 -120.000 -0.000 0 NA
465.00 0.10753 465.0 0.01322 0 -120.000 -0.042 -120.000 -0.000 0 NA
470.00 0.10638 470.0 0.01530 0 -120.000 -0.042 -120.000 -0.000 0 NA
475.00 0.10526 475.0 0.01758 0 -120.000 -0.042 -120.000 -0.000 0 NA
480.00 0.10417 480.0 0.02006 0 -120.000 -0.042 -120.000 -0.000 0 NA
485.00 0.10309 485.0 0.02275 0 -120.000 -0.042 -120.000 -0.000 0 NA
490.00 0.10204 490.0 0.02565 0 -120.000 -0.042 -120.000 -0.000 0 NA
495.00 0.10101 495.0 0.02877 0 -120.000 -0.042 -120.000 -0.000 0 NA
500.00 0.10000 500.0 0.03211 0 -120.000 -0.042 -120.000 -0.000 0 NA
505.00 0.09901 505.0 0.03565 0 -120.000 -0.042 -120.000 -0.000 0 NA
510.00 0.09804 510.0 0.03940 0 -120.000 -0.042 -120.000 -0.000 0 NA
515.00 0.09709 515.0 0.04337 0 -120.000 -0.042 -120.000 -0.000 0 NA
520.00 0.09615 520.0 0.04756 0 -120.000 -0.042 -120.000 -0.000 0 NA
525.00 0.09524 525.0 0.05193 0 -120.000 -0.042 -120.000 -0.000 0 NA
530.00 0.09434 530.0 0.05650 0 -120.000 -0.042 -120.000 -0.000 0 NA
535.00 0.09346 535.0 0.06127 0 -120.000 -0.042 -120.000 -0.000 0 NA
540.00 0.09259 540.0 0.06623 0 -120.000 -0.042 -120.000 -0.000 0 NA
545.00 0.09174 545.0 0.07136 0 -120.000 -0.042 -120.000 -0.000 0 NA
550.00 0.09091 550.0 0.07665 0 -120.000 -0.042 -120.000 -0.000 0 NA
