% * Sample: VT25_2
% * Date / time: 2024-01-28 15:28:17.038359
% * R2CONTROL =  NOT SPECIFIED
% Column 1:  PSU1 nominal voltage setting (V)
% Column 2:  PSU1 nominal current setting (A)
% Column 3:  PSU1 voltage measurement (V)
% Column 4:  PSU1 current measurement (I)
% Column 5:  PSU1 limiter flag
% Column 6:  PSU2 nominal voltage setting (V)
% Column 7:  PSU2 nominal current setting (A)
% Column 8:  PSU2 voltage measurement (V)
% Column 9:  PSU2 current measurement (I)
% Column 10: PSU2 limiter flag
% Column 11: Heaterblock temperature (°C)
% * OPERATING POINT AT END OF PREHEAT / IDLE: U1 = 300.1 V  I1 = 0.02000 A  U2 = -19.767 V  I2 = -0.000 A  T = NA °C
0.00 0.03000 0.2 0.00000 0 -0.000 -1.000 -1.578 -0.000 0 NA
5.00 0.03000 5.1 0.00000 0 -0.000 -1.000 -1.052 -0.000 0 NA
10.00 0.03000 10.1 0.00007 0 -0.000 -1.000 -0.710 -0.000 0 NA
15.00 0.03000 15.1 0.00018 0 -0.000 -1.000 -0.487 -0.000 0 NA
20.00 0.03000 20.1 0.00036 0 -0.000 -1.000 -0.338 -0.000 0 NA
25.00 0.03000 25.1 0.00061 0 -0.000 -1.000 -0.215 -0.000 0 NA
30.00 0.03000 30.1 0.00091 0 -0.000 -1.000 -0.157 -0.000 0 NA
35.00 0.03000 35.1 0.00127 0 -0.000 -1.000 -0.118 -0.000 0 NA
40.00 0.03000 40.0 0.00168 0 -0.000 -1.000 -0.091 -0.000 0 NA
45.00 0.03000 45.0 0.00214 0 -0.000 -1.000 -0.072 -0.000 0 NA
50.00 0.03000 50.0 0.00267 0 -0.000 -1.000 -0.056 -0.000 0 NA
55.00 0.03000 55.0 0.00326 0 -0.000 -1.000 -0.000 -0.000 0 NA
60.00 0.03000 60.0 0.00390 0 -0.000 -1.000 -0.000 -0.000 0 NA
65.00 0.03000 65.0 0.00462 0 -0.000 -1.000 -0.000 -0.000 0 NA
70.00 0.03000 70.0 0.00539 0 -0.000 -1.000 -0.000 -0.000 0 NA
75.00 0.03000 75.0 0.00622 0 -0.000 -1.000 -0.000 -0.000 0 NA
80.00 0.03000 80.1 0.00710 0 -0.000 -1.000 -0.000 -0.000 0 NA
85.00 0.03000 85.1 0.00804 0 -0.000 -1.000 -0.000 -0.000 0 NA
90.00 0.03000 90.1 0.00904 0 -0.000 -1.000 -0.000 -0.000 0 NA
95.00 0.03000 95.1 0.01007 0 -0.000 -1.000 -0.000 -0.000 0 NA
100.00 0.03000 100.1 0.01116 0 -0.000 -1.000 -0.000 -0.000 0 NA
105.00 0.03000 105.1 0.01230 0 -0.000 -1.000 -0.000 -0.000 0 NA
110.00 0.03000 110.1 0.01348 0 -0.000 -1.000 -0.000 -0.000 0 NA
115.00 0.03000 115.1 0.01469 0 -0.000 -1.000 -0.000 -0.000 0 NA
120.00 0.03000 120.1 0.01594 0 -0.000 -1.000 -0.000 -0.000 0 NA
125.00 0.03000 125.1 0.01722 0 -0.000 -1.000 -0.000 -0.000 0 NA
130.00 0.03000 130.1 0.01857 0 -0.000 -1.000 -0.000 -0.000 0 NA
135.00 0.03000 135.1 0.01993 0 -0.000 -1.000 -0.000 -0.000 0 NA
140.00 0.03000 140.1 0.02131 0 -0.000 -1.000 -0.000 -0.000 0 NA
145.00 0.03000 145.1 0.02273 0 -0.000 -1.000 -0.000 -0.000 0 NA
150.00 0.03000 150.1 0.02420 0 -0.000 -1.000 -0.000 -0.000 0 NA
155.00 0.03000 155.1 0.02568 0 -0.000 -1.000 -0.000 -0.000 0 NA
160.00 0.03000 160.1 0.02718 0 -0.000 -1.000 -0.000 -0.000 0 NA
165.00 0.03000 165.1 0.02873 0 -0.000 -1.000 -0.000 -0.000 0 NA
170.00 0.03000 170.1 0.03030 1 -0.000 -1.000 -0.000 -0.000 0 NA
0.00 0.03000 0.1 0.00000 0 -5.000 -1.000 -5.000 -0.000 0 NA
5.00 0.03000 5.1 0.00000 0 -5.000 -1.000 -5.000 -0.000 0 NA
10.00 0.03000 10.1 0.00000 0 -5.000 -1.000 -5.000 -0.000 0 NA
15.00 0.03000 15.1 0.00000 0 -5.000 -1.000 -5.000 -0.000 0 NA
20.00 0.03000 20.1 0.00000 0 -5.000 -1.000 -5.000 -0.000 0 NA
25.00 0.03000 25.1 0.00000 0 -5.000 -1.000 -5.000 -0.000 0 NA
30.00 0.03000 30.1 0.00000 0 -5.000 -1.000 -5.000 -0.000 0 NA
35.00 0.03000 35.0 0.00000 0 -5.000 -1.000 -5.000 -0.000 0 NA
40.00 0.03000 40.0 0.00000 0 -5.000 -1.000 -5.000 -0.000 0 NA
45.00 0.03000 45.0 0.00007 0 -5.000 -1.000 -5.000 -0.000 0 NA
50.00 0.03000 50.0 0.00012 0 -5.000 -1.000 -5.000 -0.000 0 NA
55.00 0.03000 55.0 0.00022 0 -5.000 -1.000 -5.000 -0.000 0 NA
60.00 0.03000 60.0 0.00038 0 -5.000 -1.000 -5.000 -0.000 0 NA
65.00 0.03000 65.0 0.00058 0 -5.000 -1.000 -5.000 -0.000 0 NA
70.00 0.03000 70.0 0.00085 0 -5.000 -1.000 -5.000 -0.000 0 NA
75.00 0.03000 75.0 0.00118 0 -5.000 -1.000 -5.000 -0.000 0 NA
80.00 0.03000 80.1 0.00157 0 -5.000 -1.000 -5.000 -0.000 0 NA
85.00 0.03000 85.1 0.00201 0 -5.000 -1.000 -5.000 -0.000 0 NA
90.00 0.03000 90.1 0.00252 0 -5.000 -1.000 -5.000 -0.000 0 NA
95.00 0.03000 95.1 0.00308 0 -5.000 -1.000 -5.000 -0.000 0 NA
100.00 0.03000 100.1 0.00371 0 -5.000 -1.000 -5.000 -0.000 0 NA
105.00 0.03000 105.1 0.00440 0 -5.000 -1.000 -5.000 -0.000 0 NA
110.00 0.03000 110.1 0.00515 0 -5.000 -1.000 -5.000 -0.000 0 NA
115.00 0.03000 115.1 0.00595 0 -5.000 -1.000 -5.000 -0.000 0 NA
120.00 0.03000 120.1 0.00681 0 -5.000 -1.000 -5.000 -0.000 0 NA
125.00 0.03000 125.1 0.00771 0 -5.000 -1.000 -5.000 -0.000 0 NA
130.00 0.03000 130.1 0.00867 0 -5.000 -1.000 -5.000 -0.000 0 NA
135.00 0.03000 135.1 0.00968 0 -5.000 -1.000 -5.000 -0.000 0 NA
140.00 0.03000 140.1 0.01074 0 -5.000 -1.000 -5.000 -0.000 0 NA
145.00 0.03000 145.1 0.01186 0 -5.000 -1.000 -5.000 -0.000 0 NA
150.00 0.03000 150.1 0.01301 0 -5.000 -1.000 -5.000 -0.000 0 NA
155.00 0.03000 155.1 0.01420 0 -5.000 -1.000 -5.000 -0.000 0 NA
160.00 0.03000 160.1 0.01545 0 -5.000 -1.000 -5.000 -0.000 0 NA
165.00 0.03000 165.1 0.01671 0 -5.000 -1.000 -5.000 -0.000 0 NA
170.00 0.03000 170.1 0.01802 0 -5.000 -1.000 -5.000 -0.000 0 NA
175.00 0.03000 175.1 0.01934 0 -5.000 -1.000 -5.000 -0.000 0 NA
180.00 0.03000 180.1 0.02071 0 -5.000 -1.000 -5.000 -0.000 0 NA
185.00 0.03000 185.1 0.02211 0 -5.000 -1.000 -5.000 -0.000 0 NA
190.00 0.03000 190.1 0.02354 0 -5.000 -1.000 -5.000 -0.000 0 NA
195.00 0.03000 195.1 0.02500 0 -5.000 -1.000 -5.000 -0.000 0 NA
200.00 0.03000 200.1 0.02651 0 -5.000 -1.000 -5.000 -0.000 0 NA
205.00 0.03000 205.1 0.02807 0 -5.000 -1.000 -5.000 -0.000 0 NA
210.00 0.03000 210.1 0.02962 0 -5.000 -1.000 -5.000 -0.000 0 NA
215.00 0.03000 215.1 0.03120 1 -5.000 -1.000 -5.000 -0.000 0 NA
0.00 0.03000 0.1 0.00000 0 -10.000 -0.500 -10.000 -0.000 0 NA
5.00 0.03000 5.1 0.00000 0 -10.000 -0.500 -10.000 -0.000 0 NA
10.00 0.03000 10.1 0.00000 0 -10.000 -0.500 -10.000 -0.000 0 NA
15.00 0.03000 15.1 0.00000 0 -10.000 -0.500 -10.000 -0.000 0 NA
20.00 0.03000 20.1 0.00000 0 -10.000 -0.500 -10.000 -0.000 0 NA
25.00 0.03000 25.1 0.00000 0 -10.000 -0.500 -10.000 -0.000 0 NA
30.00 0.03000 30.1 0.00000 0 -10.000 -0.500 -10.000 -0.000 0 NA
35.00 0.03000 35.1 0.00000 0 -10.000 -0.500 -10.000 -0.000 0 NA
40.00 0.03000 40.0 0.00000 0 -10.000 -0.500 -10.000 -0.000 0 NA
45.00 0.03000 45.0 0.00000 0 -10.000 -0.500 -10.000 -0.000 0 NA
50.00 0.03000 50.0 0.00000 0 -10.000 -0.500 -10.000 -0.000 0 NA
55.00 0.03000 55.0 0.00000 0 -10.000 -0.500 -10.000 -0.000 0 NA
60.00 0.03000 60.0 0.00000 0 -10.000 -0.500 -10.000 -0.000 0 NA
65.00 0.03000 65.0 0.00000 0 -10.000 -0.500 -10.000 -0.000 0 NA
70.00 0.03000 70.0 0.00000 0 -10.000 -0.500 -10.000 -0.000 0 NA
75.00 0.03000 75.0 0.00005 0 -10.000 -0.500 -10.000 -0.000 0 NA
80.00 0.03000 80.1 0.00006 0 -10.000 -0.500 -10.000 -0.000 0 NA
85.00 0.03000 85.1 0.00008 0 -10.000 -0.500 -10.000 -0.000 0 NA
90.00 0.03000 90.1 0.00014 0 -10.000 -0.500 -10.000 -0.000 0 NA
95.00 0.03000 95.1 0.00022 0 -10.000 -0.500 -10.000 -0.000 0 NA
100.00 0.03000 100.1 0.00035 0 -10.000 -0.500 -10.000 -0.000 0 NA
105.00 0.03000 105.1 0.00055 0 -10.000 -0.500 -10.000 -0.000 0 NA
110.00 0.03000 110.1 0.00079 0 -10.000 -0.500 -10.000 -0.000 0 NA
115.00 0.03000 115.1 0.00110 0 -10.000 -0.500 -10.000 -0.000 0 NA
120.00 0.03000 120.1 0.00147 0 -10.000 -0.500 -10.000 -0.000 0 NA
125.00 0.03000 125.1 0.00190 0 -10.000 -0.500 -10.000 -0.000 0 NA
130.00 0.03000 130.1 0.00238 0 -10.000 -0.500 -10.000 -0.000 0 NA
135.00 0.03000 135.1 0.00293 0 -10.000 -0.500 -10.000 -0.000 0 NA
140.00 0.03000 140.1 0.00354 0 -10.000 -0.500 -10.000 -0.000 0 NA
145.00 0.03000 145.1 0.00422 0 -10.000 -0.500 -10.000 -0.000 0 NA
150.00 0.03000 150.1 0.00495 0 -10.000 -0.500 -10.000 -0.000 0 NA
155.00 0.03000 155.1 0.00573 0 -10.000 -0.500 -10.000 -0.000 0 NA
160.00 0.03000 160.1 0.00656 0 -10.000 -0.500 -10.000 -0.000 0 NA
165.00 0.03000 165.1 0.00745 0 -10.000 -0.500 -10.000 -0.000 0 NA
170.00 0.03000 170.1 0.00837 0 -10.000 -0.500 -10.000 -0.000 0 NA
175.00 0.03000 175.1 0.00936 0 -10.000 -0.500 -10.000 -0.000 0 NA
180.00 0.03000 180.1 0.01042 0 -10.000 -0.500 -10.000 -0.000 0 NA
185.00 0.03000 185.1 0.01149 0 -10.000 -0.500 -10.000 -0.000 0 NA
190.00 0.03000 190.1 0.01261 0 -10.000 -0.500 -10.000 -0.000 0 NA
195.00 0.03000 195.1 0.01377 0 -10.000 -0.500 -10.000 -0.000 0 NA
200.00 0.03000 200.1 0.01497 0 -10.000 -0.500 -10.000 -0.000 0 NA
205.00 0.03000 205.0 0.01623 0 -10.000 -0.500 -10.000 -0.000 0 NA
210.00 0.03000 210.1 0.01751 0 -10.000 -0.500 -10.000 -0.000 0 NA
215.00 0.03000 215.1 0.01883 0 -10.000 -0.500 -10.000 -0.000 0 NA
220.00 0.03000 220.1 0.02018 0 -10.000 -0.500 -10.000 -0.000 0 NA
225.00 0.03000 225.1 0.02157 0 -10.000 -0.500 -10.000 -0.000 0 NA
230.00 0.03000 230.1 0.02298 0 -10.000 -0.500 -10.000 -0.000 0 NA
235.00 0.03000 235.1 0.02448 0 -10.000 -0.500 -10.000 -0.000 0 NA
240.00 0.03000 240.1 0.02597 0 -10.000 -0.500 -10.000 -0.000 0 NA
245.00 0.03000 245.1 0.02747 0 -10.000 -0.500 -10.000 -0.000 0 NA
250.00 0.03000 250.1 0.02903 0 -10.000 -0.500 -10.000 -0.000 0 NA
255.00 0.03000 255.1 0.03059 1 -10.000 -0.500 -10.000 -0.000 0 NA
0.00 0.03000 0.1 0.00000 0 -15.000 -0.333 -15.000 -0.000 0 NA
5.00 0.03000 5.1 0.00000 0 -15.000 -0.333 -15.000 -0.000 0 NA
10.00 0.03000 10.1 0.00000 0 -15.000 -0.333 -15.000 -0.000 0 NA
15.00 0.03000 15.1 0.00000 0 -15.000 -0.333 -15.000 -0.000 0 NA
20.00 0.03000 20.1 0.00000 0 -15.000 -0.333 -15.000 -0.000 0 NA
25.00 0.03000 25.1 0.00000 0 -15.000 -0.333 -15.000 -0.000 0 NA
30.00 0.03000 30.1 0.00000 0 -15.000 -0.333 -15.000 -0.000 0 NA
35.00 0.03000 35.0 0.00000 0 -15.000 -0.333 -15.000 -0.000 0 NA
40.00 0.03000 40.0 0.00000 0 -15.000 -0.333 -15.000 -0.000 0 NA
45.00 0.03000 45.0 0.00000 0 -15.000 -0.333 -15.000 -0.000 0 NA
50.00 0.03000 50.0 0.00000 0 -15.000 -0.333 -15.000 -0.000 0 NA
55.00 0.03000 55.0 0.00000 0 -15.000 -0.333 -15.000 -0.000 0 NA
60.00 0.03000 60.0 0.00000 0 -15.000 -0.333 -15.000 -0.000 0 NA
65.00 0.03000 65.0 0.00000 0 -15.000 -0.333 -15.000 -0.000 0 NA
70.00 0.03000 70.0 0.00000 0 -15.000 -0.333 -15.000 -0.000 0 NA
75.00 0.03000 75.0 0.00000 0 -15.000 -0.333 -15.000 -0.000 0 NA
80.00 0.03000 80.1 0.00000 0 -15.000 -0.333 -15.000 -0.000 0 NA
85.00 0.03000 85.1 0.00000 0 -15.000 -0.333 -15.000 -0.000 0 NA
90.00 0.03000 90.1 0.00000 0 -15.000 -0.333 -15.000 -0.000 0 NA
95.00 0.03000 95.1 0.00000 0 -15.000 -0.333 -15.000 -0.000 0 NA
100.00 0.03000 100.0 0.00005 0 -15.000 -0.333 -15.000 -0.000 0 NA
105.00 0.03000 105.1 0.00006 0 -15.000 -0.333 -15.000 -0.000 0 NA
110.00 0.03000 110.1 0.00007 0 -15.000 -0.333 -15.000 -0.000 0 NA
115.00 0.03000 115.1 0.00007 0 -15.000 -0.333 -15.000 -0.000 0 NA
120.00 0.03000 120.1 0.00009 0 -15.000 -0.333 -15.000 -0.000 0 NA
125.00 0.03000 125.1 0.00013 0 -15.000 -0.333 -15.000 -0.000 0 NA
130.00 0.03000 130.1 0.00018 0 -15.000 -0.333 -15.000 -0.000 0 NA
135.00 0.03000 135.1 0.00026 0 -15.000 -0.333 -15.000 -0.000 0 NA
140.00 0.03000 140.1 0.00039 0 -15.000 -0.333 -15.000 -0.000 0 NA
145.00 0.03000 145.1 0.00056 0 -15.000 -0.333 -15.000 -0.000 0 NA
150.00 0.03000 150.1 0.00079 0 -15.000 -0.333 -15.000 -0.000 0 NA
155.00 0.03000 155.1 0.00107 0 -15.000 -0.333 -15.000 -0.000 0 NA
160.00 0.03000 160.1 0.00142 0 -15.000 -0.333 -15.000 -0.000 0 NA
165.00 0.03000 165.1 0.00183 0 -15.000 -0.333 -15.000 -0.000 0 NA
170.00 0.03000 170.1 0.00230 0 -15.000 -0.333 -15.000 -0.000 0 NA
175.00 0.03000 175.1 0.00283 0 -15.000 -0.333 -15.000 -0.000 0 NA
180.00 0.03000 180.1 0.00343 0 -15.000 -0.333 -15.000 -0.000 0 NA
185.00 0.03000 185.1 0.00408 0 -15.000 -0.333 -15.000 -0.000 0 NA
190.00 0.03000 190.1 0.00481 0 -15.000 -0.333 -15.000 -0.000 0 NA
195.00 0.03000 195.1 0.00558 0 -15.000 -0.333 -15.000 -0.000 0 NA
200.00 0.03000 200.1 0.00639 0 -15.000 -0.333 -15.000 -0.000 0 NA
205.00 0.03000 205.1 0.00725 0 -15.000 -0.333 -15.000 -0.000 0 NA
210.00 0.03000 210.1 0.00819 0 -15.000 -0.333 -15.000 -0.000 0 NA
215.00 0.03000 215.1 0.00916 0 -15.000 -0.333 -15.000 -0.000 0 NA
220.00 0.03000 220.1 0.01018 0 -15.000 -0.333 -15.000 -0.000 0 NA
225.00 0.03000 225.1 0.01124 0 -15.000 -0.333 -15.000 -0.000 0 NA
230.00 0.03000 230.1 0.01234 0 -15.000 -0.333 -15.000 -0.000 0 NA
235.00 0.03000 235.1 0.01348 0 -15.000 -0.333 -15.000 -0.000 0 NA
240.00 0.03000 240.1 0.01466 0 -15.000 -0.333 -15.000 -0.000 0 NA
245.00 0.03000 245.1 0.01588 0 -15.000 -0.333 -15.000 -0.000 0 NA
250.00 0.03000 250.1 0.01713 0 -15.000 -0.333 -15.000 -0.000 0 NA
255.00 0.03000 255.1 0.01843 0 -15.000 -0.333 -15.000 -0.000 0 NA
260.00 0.03000 260.1 0.01976 0 -15.000 -0.333 -15.000 -0.000 0 NA
265.00 0.03000 265.1 0.02114 0 -15.000 -0.333 -15.000 -0.000 0 NA
270.00 0.03000 270.1 0.02253 0 -15.000 -0.333 -15.000 -0.000 0 NA
275.00 0.03000 275.1 0.02397 0 -15.000 -0.333 -15.000 -0.000 0 NA
280.00 0.03000 280.1 0.02545 0 -15.000 -0.333 -15.000 -0.000 0 NA
285.00 0.03000 285.1 0.02695 0 -15.000 -0.333 -15.000 -0.000 0 NA
290.00 0.03000 290.1 0.02850 0 -15.000 -0.333 -15.000 -0.000 0 NA
295.00 0.03000 295.1 0.03007 1 -15.000 -0.333 -15.000 -0.000 0 NA
0.00 0.03000 0.1 0.00000 0 -20.000 -0.250 -20.000 -0.000 0 NA
5.00 0.03000 5.1 0.00000 0 -20.000 -0.250 -20.000 -0.000 0 NA
10.00 0.03000 10.1 0.00000 0 -20.000 -0.250 -20.000 -0.000 0 NA
15.00 0.03000 15.1 0.00000 0 -20.000 -0.250 -20.000 -0.000 0 NA
20.00 0.03000 20.1 0.00000 0 -20.000 -0.250 -20.000 -0.000 0 NA
25.00 0.03000 25.1 0.00000 0 -20.000 -0.250 -20.000 -0.000 0 NA
30.00 0.03000 30.1 0.00000 0 -20.000 -0.250 -20.000 -0.000 0 NA
35.00 0.03000 35.0 0.00000 0 -20.000 -0.250 -20.000 -0.000 0 NA
40.00 0.03000 40.0 0.00000 0 -20.000 -0.250 -20.000 -0.000 0 NA
45.00 0.03000 45.0 0.00000 0 -20.000 -0.250 -20.000 -0.000 0 NA
50.00 0.03000 50.0 0.00000 0 -20.000 -0.250 -20.000 -0.000 0 NA
55.00 0.03000 55.0 0.00000 0 -20.000 -0.250 -20.000 -0.000 0 NA
60.00 0.03000 60.0 0.00000 0 -20.000 -0.250 -20.000 -0.000 0 NA
65.00 0.03000 65.0 0.00000 0 -20.000 -0.250 -20.000 -0.000 0 NA
70.00 0.03000 70.0 0.00000 0 -20.000 -0.250 -20.000 -0.000 0 NA
75.00 0.03000 75.0 0.00000 0 -20.000 -0.250 -20.000 -0.000 0 NA
80.00 0.03000 80.1 0.00000 0 -20.000 -0.250 -20.000 -0.000 0 NA
85.00 0.03000 85.1 0.00000 0 -20.000 -0.250 -20.000 -0.000 0 NA
90.00 0.03000 90.1 0.00000 0 -20.000 -0.250 -20.000 -0.000 0 NA
95.00 0.03000 95.1 0.00000 0 -20.000 -0.250 -20.000 -0.000 0 NA
100.00 0.03000 100.0 0.00000 0 -20.000 -0.250 -20.000 -0.000 0 NA
105.00 0.03000 105.1 0.00000 0 -20.000 -0.250 -20.000 -0.000 0 NA
110.00 0.03000 110.1 0.00000 0 -20.000 -0.250 -20.000 -0.000 0 NA
115.00 0.03000 115.1 0.00000 0 -20.000 -0.250 -20.000 -0.000 0 NA
120.00 0.03000 120.1 0.00005 0 -20.000 -0.250 -20.000 -0.000 0 NA
125.00 0.03000 125.1 0.00006 0 -20.000 -0.250 -20.000 -0.000 0 NA
130.00 0.03000 130.1 0.00006 0 -20.000 -0.250 -20.000 -0.000 0 NA
135.00 0.03000 135.1 0.00007 0 -20.000 -0.250 -20.000 -0.000 0 NA
140.00 0.03000 140.1 0.00008 0 -20.000 -0.250 -20.000 -0.000 0 NA
145.00 0.03000 145.1 0.00009 0 -20.000 -0.250 -20.000 -0.000 0 NA
150.00 0.03000 150.1 0.00011 0 -20.000 -0.250 -20.000 -0.000 0 NA
155.00 0.03000 155.1 0.00013 0 -20.000 -0.250 -20.000 -0.000 0 NA
160.00 0.03000 160.1 0.00015 0 -20.000 -0.250 -20.000 -0.000 0 NA
165.00 0.03000 165.1 0.00019 0 -20.000 -0.250 -20.000 -0.000 0 NA
170.00 0.03000 170.1 0.00025 0 -20.000 -0.250 -20.000 -0.000 0 NA
175.00 0.03000 175.1 0.00033 0 -20.000 -0.250 -20.000 -0.000 0 NA
180.00 0.03000 180.1 0.00045 0 -20.000 -0.250 -20.000 -0.000 0 NA
185.00 0.03000 185.1 0.00062 0 -20.000 -0.250 -20.000 -0.000 0 NA
190.00 0.03000 190.1 0.00083 0 -20.000 -0.250 -20.000 -0.000 0 NA
195.00 0.03000 195.1 0.00110 0 -20.000 -0.250 -20.000 -0.000 0 NA
200.00 0.03000 200.1 0.00143 0 -20.000 -0.250 -20.000 -0.000 0 NA
205.00 0.03000 205.1 0.00186 0 -20.000 -0.250 -20.000 -0.000 0 NA
210.00 0.03000 210.1 0.00234 0 -20.000 -0.250 -20.000 -0.000 0 NA
215.00 0.03000 215.1 0.00286 0 -20.000 -0.250 -20.000 -0.000 0 NA
220.00 0.03000 220.1 0.00346 0 -20.000 -0.250 -20.000 -0.000 0 NA
225.00 0.03000 225.1 0.00410 0 -20.000 -0.250 -20.000 -0.000 0 NA
230.00 0.03000 230.1 0.00480 0 -20.000 -0.250 -20.000 -0.000 0 NA
235.00 0.03000 235.1 0.00554 0 -20.000 -0.250 -20.000 -0.000 0 NA
240.00 0.03000 240.1 0.00633 0 -20.000 -0.250 -20.000 -0.000 0 NA
245.00 0.03000 245.1 0.00717 0 -20.000 -0.250 -20.000 -0.000 0 NA
250.00 0.03000 250.1 0.00807 0 -20.000 -0.250 -20.000 -0.000 0 NA
255.00 0.03000 255.1 0.00901 0 -20.000 -0.250 -20.000 -0.000 0 NA
260.00 0.03000 260.1 0.00999 0 -20.000 -0.250 -20.000 -0.000 0 NA
265.00 0.03000 265.1 0.01101 0 -20.000 -0.250 -20.000 -0.000 0 NA
270.00 0.03000 270.1 0.01209 0 -20.000 -0.250 -20.000 -0.000 0 NA
275.00 0.03000 275.1 0.01323 0 -20.000 -0.250 -20.000 -0.000 0 NA
280.00 0.03000 280.1 0.01439 0 -20.000 -0.250 -20.000 -0.000 0 NA
285.00 0.03000 285.1 0.01558 0 -20.000 -0.250 -20.000 -0.000 0 NA
290.00 0.03000 290.1 0.01682 0 -20.000 -0.250 -20.000 -0.000 0 NA
295.00 0.03000 295.1 0.01810 0 -20.000 -0.250 -20.000 -0.000 0 NA
300.00 0.03000 300.1 0.01941 0 -20.000 -0.250 -20.000 -0.000 0 NA
305.00 0.03000 305.1 0.02078 0 -20.000 -0.250 -20.000 -0.000 0 NA
310.00 0.03000 310.1 0.02216 0 -20.000 -0.250 -20.000 -0.000 0 NA
315.00 0.03000 315.1 0.02361 0 -20.000 -0.250 -20.000 -0.000 0 NA
320.00 0.03000 320.1 0.02506 0 -20.000 -0.250 -20.000 -0.000 0 NA
325.00 0.03000 325.1 0.02654 0 -20.000 -0.250 -20.000 -0.000 0 NA
330.00 0.03000 330.1 0.02805 0 -20.000 -0.250 -20.000 -0.000 0 NA
335.00 0.03000 335.1 0.02960 0 -20.000 -0.250 -20.000 -0.000 0 NA
340.00 0.03000 340.1 0.03118 1 -20.000 -0.250 -20.000 -0.000 0 NA
0.00 0.03000 0.1 0.00000 0 -25.000 -0.200 -25.000 -0.000 0 NA
5.00 0.03000 5.1 0.00000 0 -25.000 -0.200 -25.000 -0.000 0 NA
10.00 0.03000 10.1 0.00000 0 -25.000 -0.200 -25.000 -0.000 0 NA
15.00 0.03000 15.1 0.00000 0 -25.000 -0.200 -25.000 -0.000 0 NA
20.00 0.03000 20.1 0.00000 0 -25.000 -0.200 -25.000 -0.000 0 NA
25.00 0.03000 25.1 0.00000 0 -25.000 -0.200 -25.000 -0.000 0 NA
30.00 0.03000 30.1 0.00000 0 -25.000 -0.200 -25.000 -0.000 0 NA
35.00 0.03000 35.0 0.00000 0 -25.000 -0.200 -25.000 -0.000 0 NA
40.00 0.03000 40.0 0.00000 0 -25.000 -0.200 -25.000 -0.000 0 NA
45.00 0.03000 45.0 0.00000 0 -25.000 -0.200 -25.000 -0.000 0 NA
50.00 0.03000 50.0 0.00000 0 -25.000 -0.200 -25.000 -0.000 0 NA
55.00 0.03000 55.0 0.00000 0 -25.000 -0.200 -25.000 -0.000 0 NA
60.00 0.03000 60.0 0.00000 0 -25.000 -0.200 -25.000 -0.000 0 NA
65.00 0.03000 65.0 0.00000 0 -25.000 -0.200 -25.000 -0.000 0 NA
70.00 0.03000 70.0 0.00000 0 -25.000 -0.200 -25.000 -0.000 0 NA
75.00 0.03000 75.0 0.00000 0 -25.000 -0.200 -25.000 -0.000 0 NA
80.00 0.03000 80.1 0.00000 0 -25.000 -0.200 -25.000 -0.000 0 NA
85.00 0.03000 85.1 0.00000 0 -25.000 -0.200 -25.000 -0.000 0 NA
90.00 0.03000 90.1 0.00000 0 -25.000 -0.200 -25.000 -0.000 0 NA
95.00 0.03000 95.1 0.00000 0 -25.000 -0.200 -25.000 -0.000 0 NA
100.00 0.03000 100.0 0.00000 0 -25.000 -0.200 -25.000 -0.000 0 NA
105.00 0.03000 105.1 0.00000 0 -25.000 -0.200 -25.000 -0.000 0 NA
110.00 0.03000 110.1 0.00000 0 -25.000 -0.200 -25.000 -0.000 0 NA
115.00 0.03000 115.1 0.00000 0 -25.000 -0.200 -25.000 -0.000 0 NA
120.00 0.03000 120.1 0.00000 0 -25.000 -0.200 -25.000 -0.000 0 NA
125.00 0.03000 125.1 0.00000 0 -25.000 -0.200 -25.000 -0.000 0 NA
130.00 0.03000 130.1 0.00000 0 -25.000 -0.200 -25.000 -0.000 0 NA
135.00 0.03000 135.1 0.00000 0 -25.000 -0.200 -25.000 -0.000 0 NA
140.00 0.03000 140.1 0.00005 0 -25.000 -0.200 -25.000 -0.000 0 NA
145.00 0.03000 145.1 0.00005 0 -25.000 -0.200 -25.000 -0.000 0 NA
150.00 0.03000 150.1 0.00006 0 -25.000 -0.200 -25.000 -0.000 0 NA
155.00 0.03000 155.1 0.00007 0 -25.000 -0.200 -25.000 -0.000 0 NA
160.00 0.03000 160.1 0.00007 0 -25.000 -0.200 -25.000 -0.000 0 NA
165.00 0.03000 165.1 0.00008 0 -25.000 -0.200 -25.000 -0.000 0 NA
170.00 0.03000 170.1 0.00010 0 -25.000 -0.200 -25.000 -0.000 0 NA
175.00 0.03000 175.1 0.00012 0 -25.000 -0.200 -25.000 -0.000 0 NA
180.00 0.03000 180.1 0.00014 0 -25.000 -0.200 -25.000 -0.000 0 NA
185.00 0.03000 185.1 0.00015 0 -25.000 -0.200 -25.000 -0.000 0 NA
190.00 0.03000 190.1 0.00018 0 -25.000 -0.200 -25.000 -0.000 0 NA
195.00 0.03000 195.1 0.00021 0 -25.000 -0.200 -25.000 -0.000 0 NA
200.00 0.03000 200.1 0.00024 0 -25.000 -0.200 -25.000 -0.000 0 NA
205.00 0.03000 205.1 0.00028 0 -25.000 -0.200 -25.000 -0.000 0 NA
210.00 0.03000 210.1 0.00037 0 -25.000 -0.200 -25.000 -0.000 0 NA
215.00 0.03000 215.1 0.00048 0 -25.000 -0.200 -25.000 -0.000 0 NA
220.00 0.03000 220.1 0.00061 0 -25.000 -0.200 -25.000 -0.000 0 NA
225.00 0.03000 225.1 0.00078 0 -25.000 -0.200 -25.000 -0.000 0 NA
230.00 0.03000 230.1 0.00100 0 -25.000 -0.200 -25.000 -0.000 0 NA
235.00 0.03000 235.1 0.00128 0 -25.000 -0.200 -25.000 -0.000 0 NA
240.00 0.03000 240.1 0.00161 0 -25.000 -0.200 -25.000 -0.000 0 NA
245.00 0.03000 245.1 0.00199 0 -25.000 -0.200 -25.000 -0.000 0 NA
250.00 0.03000 250.1 0.00243 0 -25.000 -0.200 -25.000 -0.000 0 NA
255.00 0.03000 255.1 0.00294 0 -25.000 -0.200 -25.000 -0.000 0 NA
260.00 0.03000 260.1 0.00350 0 -25.000 -0.200 -25.000 -0.000 0 NA
265.00 0.03000 265.1 0.00412 0 -25.000 -0.200 -25.000 -0.000 0 NA
270.00 0.03000 270.1 0.00480 0 -25.000 -0.200 -25.000 -0.000 0 NA
275.00 0.03000 275.1 0.00553 0 -25.000 -0.200 -25.000 -0.000 0 NA
280.00 0.03000 280.1 0.00632 0 -25.000 -0.200 -25.000 -0.000 0 NA
285.00 0.03000 285.1 0.00715 0 -25.000 -0.200 -25.000 -0.000 0 NA
290.00 0.03000 290.1 0.00802 0 -25.000 -0.200 -25.000 -0.000 0 NA
295.00 0.03000 295.1 0.00894 0 -25.000 -0.200 -25.000 -0.000 0 NA
300.00 0.03000 300.1 0.00991 0 -25.000 -0.200 -25.000 -0.000 0 NA
305.00 0.03000 305.1 0.01093 0 -25.000 -0.200 -25.000 -0.000 0 NA
310.00 0.03000 310.1 0.01198 0 -25.000 -0.200 -25.000 -0.000 0 NA
315.00 0.03000 315.1 0.01307 0 -25.000 -0.200 -25.000 -0.000 0 NA
320.00 0.03000 320.1 0.01421 0 -25.000 -0.200 -25.000 -0.000 0 NA
325.00 0.03000 325.1 0.01540 0 -25.000 -0.200 -25.000 -0.000 0 NA
330.00 0.03000 330.1 0.01661 0 -25.000 -0.200 -25.000 -0.000 0 NA
335.00 0.03000 335.1 0.01788 0 -25.000 -0.200 -25.000 -0.000 0 NA
340.00 0.03000 340.1 0.01916 0 -25.000 -0.200 -25.000 -0.000 0 NA
345.00 0.03000 345.1 0.02051 0 -25.000 -0.200 -25.000 -0.000 0 NA
350.00 0.03000 350.1 0.02187 0 -25.000 -0.200 -25.000 -0.000 0 NA
355.00 0.03000 355.1 0.02328 0 -25.000 -0.200 -25.000 -0.000 0 NA
360.00 0.03000 360.1 0.02471 0 -25.000 -0.200 -25.000 -0.000 0 NA
365.00 0.03000 365.1 0.02618 0 -25.000 -0.200 -25.000 -0.000 0 NA
370.00 0.03000 370.1 0.02768 0 -25.000 -0.200 -25.000 -0.000 0 NA
375.00 0.03000 375.1 0.02922 0 -25.000 -0.200 -25.000 -0.000 0 NA
380.00 0.03000 380.1 0.03123 1 -25.000 -0.200 -25.000 -0.000 0 NA
0.00 0.03000 0.1 0.00000 0 -30.000 -0.167 -30.000 -0.000 0 NA
5.00 0.03000 5.1 0.00000 0 -30.000 -0.167 -30.000 -0.000 0 NA
10.00 0.03000 10.1 0.00000 0 -30.000 -0.167 -30.000 -0.000 0 NA
15.00 0.03000 15.1 0.00000 0 -30.000 -0.167 -30.000 -0.000 0 NA
20.00 0.03000 20.1 0.00000 0 -30.000 -0.167 -30.000 -0.000 0 NA
25.00 0.03000 25.1 0.00000 0 -30.000 -0.167 -30.000 -0.000 0 NA
30.00 0.03000 30.1 0.00000 0 -30.000 -0.167 -30.000 -0.000 0 NA
35.00 0.03000 35.0 0.00000 0 -30.000 -0.167 -30.000 -0.000 0 NA
40.00 0.03000 40.0 0.00000 0 -30.000 -0.167 -30.000 -0.000 0 NA
45.00 0.03000 45.0 0.00000 0 -30.000 -0.167 -30.000 -0.000 0 NA
50.00 0.03000 50.0 0.00000 0 -30.000 -0.167 -30.000 -0.000 0 NA
55.00 0.03000 55.0 0.00000 0 -30.000 -0.167 -30.000 -0.000 0 NA
60.00 0.03000 60.0 0.00000 0 -30.000 -0.167 -30.000 -0.000 0 NA
65.00 0.03000 65.0 0.00000 0 -30.000 -0.167 -30.000 -0.000 0 NA
70.00 0.03000 70.0 0.00000 0 -30.000 -0.167 -30.000 -0.000 0 NA
75.00 0.03000 75.0 0.00000 0 -30.000 -0.167 -30.000 -0.000 0 NA
80.00 0.03000 80.1 0.00000 0 -30.000 -0.167 -30.000 -0.000 0 NA
85.00 0.03000 85.1 0.00000 0 -30.000 -0.167 -30.000 -0.000 0 NA
90.00 0.03000 90.1 0.00000 0 -30.000 -0.167 -30.000 -0.000 0 NA
95.00 0.03000 95.1 0.00000 0 -30.000 -0.167 -30.000 -0.000 0 NA
100.00 0.03000 100.1 0.00000 0 -30.000 -0.167 -30.000 -0.000 0 NA
105.00 0.03000 105.1 0.00000 0 -30.000 -0.167 -30.000 -0.000 0 NA
110.00 0.03000 110.1 0.00000 0 -30.000 -0.167 -30.000 -0.000 0 NA
115.00 0.03000 115.1 0.00000 0 -30.000 -0.167 -30.000 -0.000 0 NA
120.00 0.03000 120.1 0.00000 0 -30.000 -0.167 -30.000 -0.000 0 NA
125.00 0.03000 125.1 0.00000 0 -30.000 -0.167 -30.000 -0.000 0 NA
130.00 0.03000 130.1 0.00000 0 -30.000 -0.167 -30.000 -0.000 0 NA
135.00 0.03000 135.1 0.00000 0 -30.000 -0.167 -30.000 -0.000 0 NA
140.00 0.03000 140.1 0.00000 0 -30.000 -0.167 -30.000 -0.000 0 NA
145.00 0.03000 145.1 0.00000 0 -30.000 -0.167 -30.000 -0.000 0 NA
150.00 0.03000 150.1 0.00000 0 -30.000 -0.167 -30.000 -0.000 0 NA
155.00 0.03000 155.1 0.00000 0 -30.000 -0.167 -30.000 -0.000 0 NA
160.00 0.03000 160.1 0.00005 0 -30.000 -0.167 -30.000 -0.000 0 NA
165.00 0.03000 165.1 0.00005 0 -30.000 -0.167 -30.000 -0.000 0 NA
170.00 0.03000 170.1 0.00006 0 -30.000 -0.167 -30.000 -0.000 0 NA
175.00 0.03000 175.1 0.00007 0 -30.000 -0.167 -30.000 -0.000 0 NA
180.00 0.03000 180.1 0.00007 0 -30.000 -0.167 -30.000 -0.000 0 NA
185.00 0.03000 185.1 0.00008 0 -30.000 -0.167 -30.000 -0.000 0 NA
190.00 0.03000 190.1 0.00009 0 -30.000 -0.167 -30.000 -0.000 0 NA
195.00 0.03000 195.1 0.00011 0 -30.000 -0.167 -30.000 -0.000 0 NA
200.00 0.03000 200.1 0.00013 0 -30.000 -0.167 -30.000 -0.000 0 NA
205.00 0.03000 205.1 0.00014 0 -30.000 -0.167 -30.000 -0.000 0 NA
210.00 0.03000 210.1 0.00016 0 -30.000 -0.167 -30.000 -0.000 0 NA
215.00 0.03000 215.1 0.00018 0 -30.000 -0.167 -30.000 -0.000 0 NA
220.00 0.03000 220.1 0.00025 0 -30.000 -0.167 -30.000 -0.000 0 NA
225.00 0.03000 225.1 0.00028 0 -30.000 -0.167 -30.000 -0.000 0 NA
230.00 0.03000 230.1 0.00032 0 -30.000 -0.167 -30.000 -0.000 0 NA
235.00 0.03000 235.1 0.00036 0 -30.000 -0.167 -30.000 -0.000 0 NA
240.00 0.03000 240.1 0.00042 0 -30.000 -0.167 -30.000 -0.000 0 NA
245.00 0.03000 245.1 0.00048 0 -30.000 -0.167 -30.000 -0.000 0 NA
250.00 0.03000 250.1 0.00056 0 -30.000 -0.167 -30.000 -0.000 0 NA
255.00 0.03000 255.1 0.00065 0 -30.000 -0.167 -30.000 -0.000 0 NA
260.00 0.03000 260.1 0.00078 0 -30.000 -0.167 -30.000 -0.000 0 NA
265.00 0.03000 265.1 0.00095 0 -30.000 -0.167 -30.000 -0.000 0 NA
270.00 0.03000 270.1 0.00116 0 -30.000 -0.167 -30.000 -0.000 0 NA
275.00 0.03000 275.1 0.00142 0 -30.000 -0.167 -30.000 -0.000 0 NA
280.00 0.03000 280.1 0.00173 0 -30.000 -0.167 -30.000 -0.000 0 NA
285.00 0.03000 285.1 0.00210 0 -30.000 -0.167 -30.000 -0.000 0 NA
290.00 0.03000 290.1 0.00253 0 -30.000 -0.167 -30.000 -0.000 0 NA
295.00 0.03000 295.1 0.00302 0 -30.000 -0.167 -30.000 -0.000 0 NA
300.00 0.03000 300.1 0.00356 0 -30.000 -0.167 -30.000 -0.000 0 NA
305.00 0.03000 305.1 0.00418 0 -30.000 -0.167 -30.000 -0.000 0 NA
310.00 0.03000 310.1 0.00484 0 -30.000 -0.167 -30.000 -0.000 0 NA
315.00 0.03000 315.1 0.00555 0 -30.000 -0.167 -30.000 -0.000 0 NA
320.00 0.03000 320.1 0.00631 0 -30.000 -0.167 -30.000 -0.000 0 NA
325.00 0.03000 325.1 0.00711 0 -30.000 -0.167 -30.000 -0.000 0 NA
330.00 0.03000 330.1 0.00797 0 -30.000 -0.167 -30.000 -0.000 0 NA
335.00 0.03000 335.1 0.00887 0 -30.000 -0.167 -30.000 -0.000 0 NA
340.00 0.03000 340.1 0.00982 0 -30.000 -0.167 -30.000 -0.000 0 NA
345.00 0.03000 345.1 0.01082 0 -30.000 -0.167 -30.000 -0.000 0 NA
350.00 0.03000 350.1 0.01185 0 -30.000 -0.167 -30.000 -0.000 0 NA
355.00 0.03000 355.1 0.01293 0 -30.000 -0.167 -30.000 -0.000 0 NA
360.00 0.03000 360.1 0.01405 0 -30.000 -0.167 -30.000 -0.000 0 NA
365.00 0.03000 365.1 0.01521 0 -30.000 -0.167 -30.000 -0.000 0 NA
370.00 0.03000 370.1 0.01641 0 -30.000 -0.167 -30.000 -0.000 0 NA
375.00 0.03000 375.1 0.01766 0 -30.000 -0.167 -30.000 -0.000 0 NA
380.00 0.03000 380.1 0.01894 0 -30.000 -0.167 -30.000 -0.000 0 NA
385.00 0.03000 385.1 0.02067 0 -30.000 -0.167 -30.000 -0.000 0 NA
390.00 0.03000 390.1 0.02206 0 -30.000 -0.167 -30.000 -0.000 0 NA
395.00 0.03000 395.1 0.02346 0 -30.000 -0.167 -30.000 -0.000 0 NA
400.00 0.03000 400.1 0.02501 0 -30.000 -0.167 -30.000 -0.000 0 NA
405.00 0.03000 405.1 0.02652 0 -30.000 -0.167 -30.000 -0.000 0 NA
410.00 0.03000 410.1 0.02803 0 -30.000 -0.167 -30.000 -0.000 0 NA
415.00 0.03000 415.1 0.02957 0 -30.000 -0.167 -30.000 -0.000 0 NA
420.00 0.03000 420.1 0.03115 1 -30.000 -0.167 -30.000 -0.000 0 NA
0.00 0.03000 0.1 0.00000 0 -35.000 -0.143 -35.000 -0.000 0 NA
5.00 0.03000 5.1 0.00000 0 -35.000 -0.143 -35.000 -0.000 0 NA
10.00 0.03000 10.1 0.00000 0 -35.000 -0.143 -35.000 -0.000 0 NA
15.00 0.03000 15.1 0.00000 0 -35.000 -0.143 -35.000 -0.000 0 NA
20.00 0.03000 20.1 0.00000 0 -35.000 -0.143 -35.000 -0.000 0 NA
25.00 0.03000 25.1 0.00000 0 -35.000 -0.143 -35.000 -0.000 0 NA
30.00 0.03000 30.1 0.00000 0 -35.000 -0.143 -35.000 -0.000 0 NA
35.00 0.03000 35.0 0.00000 0 -35.000 -0.143 -35.000 -0.000 0 NA
40.00 0.03000 40.0 0.00000 0 -35.000 -0.143 -35.000 -0.000 0 NA
45.00 0.03000 45.0 0.00000 0 -35.000 -0.143 -35.000 -0.000 0 NA
50.00 0.03000 50.0 0.00000 0 -35.000 -0.143 -35.000 -0.000 0 NA
55.00 0.03000 55.0 0.00000 0 -35.000 -0.143 -35.000 -0.000 0 NA
60.00 0.03000 60.0 0.00000 0 -35.000 -0.143 -35.000 -0.000 0 NA
65.00 0.03000 65.0 0.00000 0 -35.000 -0.143 -35.000 -0.000 0 NA
70.00 0.03000 70.0 0.00000 0 -35.000 -0.143 -35.000 -0.000 0 NA
75.00 0.03000 75.0 0.00000 0 -35.000 -0.143 -35.000 -0.000 0 NA
80.00 0.03000 80.1 0.00000 0 -35.000 -0.143 -35.000 -0.000 0 NA
85.00 0.03000 85.1 0.00000 0 -35.000 -0.143 -35.000 -0.000 0 NA
90.00 0.03000 90.1 0.00000 0 -35.000 -0.143 -35.000 -0.000 0 NA
95.00 0.03000 95.1 0.00000 0 -35.000 -0.143 -35.000 -0.000 0 NA
100.00 0.03000 100.0 0.00000 0 -35.000 -0.143 -35.000 -0.000 0 NA
105.00 0.03000 105.1 0.00000 0 -35.000 -0.143 -35.000 -0.000 0 NA
110.00 0.03000 110.1 0.00000 0 -35.000 -0.143 -35.000 -0.000 0 NA
115.00 0.03000 115.1 0.00000 0 -35.000 -0.143 -35.000 -0.000 0 NA
120.00 0.03000 120.1 0.00000 0 -35.000 -0.143 -35.000 -0.000 0 NA
125.00 0.03000 125.1 0.00000 0 -35.000 -0.143 -35.000 -0.000 0 NA
130.00 0.03000 130.1 0.00000 0 -35.000 -0.143 -35.000 -0.000 0 NA
135.00 0.03000 135.1 0.00000 0 -35.000 -0.143 -35.000 -0.000 0 NA
140.00 0.03000 140.1 0.00000 0 -35.000 -0.143 -35.000 -0.000 0 NA
145.00 0.03000 145.1 0.00000 0 -35.000 -0.143 -35.000 -0.000 0 NA
150.00 0.03000 150.1 0.00000 0 -35.000 -0.143 -35.000 -0.000 0 NA
155.00 0.03000 155.1 0.00000 0 -35.000 -0.143 -35.000 -0.000 0 NA
160.00 0.03000 160.1 0.00000 0 -35.000 -0.143 -35.000 -0.000 0 NA
165.00 0.03000 165.1 0.00000 0 -35.000 -0.143 -35.000 -0.000 0 NA
170.00 0.03000 170.1 0.00000 0 -35.000 -0.143 -35.000 -0.000 0 NA
175.00 0.03000 175.1 0.00005 0 -35.000 -0.143 -35.000 -0.000 0 NA
180.00 0.03000 180.1 0.00005 0 -35.000 -0.143 -35.000 -0.000 0 NA
185.00 0.03000 185.1 0.00005 0 -35.000 -0.143 -35.000 -0.000 0 NA
190.00 0.03000 190.1 0.00006 0 -35.000 -0.143 -35.000 -0.000 0 NA
195.00 0.03000 195.1 0.00007 0 -35.000 -0.143 -35.000 -0.000 0 NA
200.00 0.03000 200.1 0.00007 0 -35.000 -0.143 -35.000 -0.000 0 NA
205.00 0.03000 205.1 0.00008 0 -35.000 -0.143 -35.000 -0.000 0 NA
210.00 0.03000 210.1 0.00009 0 -35.000 -0.143 -35.000 -0.000 0 NA
215.00 0.03000 215.1 0.00010 0 -35.000 -0.143 -35.000 -0.000 0 NA
220.00 0.03000 220.1 0.00012 0 -35.000 -0.143 -35.000 -0.000 0 NA
225.00 0.03000 225.1 0.00014 0 -35.000 -0.143 -35.000 -0.000 0 NA
230.00 0.03000 230.1 0.00019 0 -35.000 -0.143 -35.000 -0.000 0 NA
235.00 0.03000 235.1 0.00021 0 -35.000 -0.143 -35.000 -0.000 0 NA
240.00 0.03000 240.1 0.00023 0 -35.000 -0.143 -35.000 -0.000 0 NA
245.00 0.03000 245.1 0.00026 0 -35.000 -0.143 -35.000 -0.000 0 NA
250.00 0.03000 250.1 0.00029 0 -35.000 -0.143 -35.000 -0.000 0 NA
255.00 0.03000 255.1 0.00033 0 -35.000 -0.143 -35.000 -0.000 0 NA
260.00 0.03000 260.1 0.00037 0 -35.000 -0.143 -35.000 -0.000 0 NA
265.00 0.03000 265.1 0.00042 0 -35.000 -0.143 -35.000 -0.000 0 NA
270.00 0.03000 270.1 0.00046 0 -35.000 -0.143 -35.000 -0.000 0 NA
275.00 0.03000 275.1 0.00051 0 -35.000 -0.143 -35.000 -0.000 0 NA
280.00 0.03000 280.1 0.00057 0 -35.000 -0.143 -35.000 -0.000 0 NA
285.00 0.03000 285.1 0.00063 0 -35.000 -0.143 -35.000 -0.000 0 NA
290.00 0.03000 290.1 0.00071 0 -35.000 -0.143 -35.000 -0.000 0 NA
295.00 0.03000 295.1 0.00082 0 -35.000 -0.143 -35.000 -0.000 0 NA
300.00 0.03000 300.1 0.00095 0 -35.000 -0.143 -35.000 -0.000 0 NA
305.00 0.03000 305.1 0.00112 0 -35.000 -0.143 -35.000 -0.000 0 NA
310.00 0.03000 310.1 0.00133 0 -35.000 -0.143 -35.000 -0.000 0 NA
315.00 0.03000 315.1 0.00158 0 -35.000 -0.143 -35.000 -0.000 0 NA
320.00 0.03000 320.1 0.00189 0 -35.000 -0.143 -35.000 -0.000 0 NA
325.00 0.03000 325.1 0.00225 0 -35.000 -0.143 -35.000 -0.000 0 NA
330.00 0.03000 330.1 0.00266 0 -35.000 -0.143 -35.000 -0.000 0 NA
335.00 0.03000 335.1 0.00313 0 -35.000 -0.143 -35.000 -0.000 0 NA
340.00 0.03000 340.1 0.00367 0 -35.000 -0.143 -35.000 -0.000 0 NA
345.00 0.03000 345.1 0.00426 0 -35.000 -0.143 -35.000 -0.000 0 NA
350.00 0.03000 350.1 0.00490 0 -35.000 -0.143 -35.000 -0.000 0 NA
355.00 0.03000 355.1 0.00560 0 -35.000 -0.143 -35.000 -0.000 0 NA
360.00 0.03000 360.1 0.00634 0 -35.000 -0.143 -35.000 -0.000 0 NA
365.00 0.03000 365.1 0.00713 0 -35.000 -0.143 -35.000 -0.000 0 NA
370.00 0.03000 370.1 0.00798 0 -35.000 -0.143 -35.000 -0.000 0 NA
375.00 0.03000 375.1 0.00888 0 -35.000 -0.143 -35.000 -0.000 0 NA
380.00 0.03000 380.1 0.01011 0 -35.000 -0.143 -35.000 -0.000 0 NA
385.00 0.03000 385.1 0.01112 0 -35.000 -0.143 -35.000 -0.000 0 NA
390.00 0.03000 390.1 0.01215 0 -35.000 -0.143 -35.000 -0.000 0 NA
395.00 0.03000 395.1 0.01323 0 -35.000 -0.143 -35.000 -0.000 0 NA
400.00 0.03000 400.1 0.01435 0 -35.000 -0.143 -35.000 -0.000 0 NA
405.00 0.03000 405.1 0.01568 0 -35.000 -0.143 -35.000 -0.000 0 NA
410.00 0.03000 410.1 0.01688 0 -35.000 -0.143 -35.000 -0.000 0 NA
415.00 0.03000 415.1 0.01812 0 -35.000 -0.143 -35.000 -0.000 0 NA
420.00 0.03000 420.1 0.01939 0 -35.000 -0.143 -35.000 -0.000 0 NA
425.00 0.03000 425.1 0.02071 0 -35.000 -0.143 -35.000 -0.000 0 NA
430.00 0.03000 430.1 0.02206 0 -35.000 -0.143 -35.000 -0.000 0 NA
435.00 0.03000 435.1 0.02345 0 -35.000 -0.143 -35.000 -0.000 0 NA
440.00 0.03000 440.1 0.02488 0 -35.000 -0.143 -35.000 -0.000 0 NA
445.00 0.03000 445.1 0.02634 0 -35.000 -0.143 -35.000 -0.000 0 NA
450.00 0.03000 450.1 0.02783 0 -35.000 -0.143 -35.000 -0.000 0 NA
0.00 0.03000 0.1 0.00000 0 -40.000 -0.125 -40.000 -0.000 0 NA
5.00 0.03000 5.1 0.00000 0 -40.000 -0.125 -40.000 -0.000 0 NA
10.00 0.03000 10.1 0.00000 0 -40.000 -0.125 -40.000 -0.000 0 NA
15.00 0.03000 15.1 0.00000 0 -40.000 -0.125 -40.000 -0.000 0 NA
20.00 0.03000 20.1 0.00000 0 -40.000 -0.125 -40.000 -0.000 0 NA
25.00 0.03000 25.1 0.00000 0 -40.000 -0.125 -40.000 -0.000 0 NA
30.00 0.03000 30.1 0.00000 0 -40.000 -0.125 -40.000 -0.000 0 NA
35.00 0.03000 35.0 0.00000 0 -40.000 -0.125 -40.000 -0.000 0 NA
40.00 0.03000 40.0 0.00000 0 -40.000 -0.125 -40.000 -0.000 0 NA
45.00 0.03000 45.0 0.00000 0 -40.000 -0.125 -40.000 -0.000 0 NA
50.00 0.03000 50.0 0.00000 0 -40.000 -0.125 -40.000 -0.000 0 NA
55.00 0.03000 55.0 0.00000 0 -40.000 -0.125 -40.000 -0.000 0 NA
60.00 0.03000 60.0 0.00000 0 -40.000 -0.125 -40.000 -0.000 0 NA
65.00 0.03000 65.0 0.00000 0 -40.000 -0.125 -40.000 -0.000 0 NA
70.00 0.03000 70.0 0.00000 0 -40.000 -0.125 -40.000 -0.000 0 NA
75.00 0.03000 75.0 0.00000 0 -40.000 -0.125 -40.000 -0.000 0 NA
80.00 0.03000 80.1 0.00000 0 -40.000 -0.125 -40.000 -0.000 0 NA
85.00 0.03000 85.1 0.00000 0 -40.000 -0.125 -40.000 -0.000 0 NA
90.00 0.03000 90.1 0.00000 0 -40.000 -0.125 -40.000 -0.000 0 NA
95.00 0.03000 95.1 0.00000 0 -40.000 -0.125 -40.000 -0.000 0 NA
100.00 0.03000 100.1 0.00000 0 -40.000 -0.125 -40.000 -0.000 0 NA
105.00 0.03000 105.1 0.00000 0 -40.000 -0.125 -40.000 -0.000 0 NA
110.00 0.03000 110.1 0.00000 0 -40.000 -0.125 -40.000 -0.000 0 NA
115.00 0.03000 115.1 0.00000 0 -40.000 -0.125 -40.000 -0.000 0 NA
120.00 0.03000 120.1 0.00000 0 -40.000 -0.125 -40.000 -0.000 0 NA
125.00 0.03000 125.1 0.00000 0 -40.000 -0.125 -40.000 -0.000 0 NA
130.00 0.03000 130.1 0.00000 0 -40.000 -0.125 -40.000 -0.000 0 NA
135.00 0.03000 135.1 0.00000 0 -40.000 -0.125 -40.000 -0.000 0 NA
140.00 0.03000 140.1 0.00000 0 -40.000 -0.125 -40.000 -0.000 0 NA
145.00 0.03000 145.1 0.00000 0 -40.000 -0.125 -40.000 -0.000 0 NA
150.00 0.03000 150.1 0.00000 0 -40.000 -0.125 -40.000 -0.000 0 NA
155.00 0.03000 155.1 0.00000 0 -40.000 -0.125 -40.000 -0.000 0 NA
160.00 0.03000 160.1 0.00000 0 -40.000 -0.125 -40.000 -0.000 0 NA
165.00 0.03000 165.1 0.00000 0 -40.000 -0.125 -40.000 -0.000 0 NA
170.00 0.03000 170.1 0.00000 0 -40.000 -0.125 -40.000 -0.000 0 NA
175.00 0.03000 175.1 0.00000 0 -40.000 -0.125 -40.000 -0.000 0 NA
180.00 0.03000 180.1 0.00000 0 -40.000 -0.125 -40.000 -0.000 0 NA
185.00 0.03000 185.1 0.00000 0 -40.000 -0.125 -40.000 -0.000 0 NA
190.00 0.03000 190.1 0.00000 0 -40.000 -0.125 -40.000 -0.000 0 NA
195.00 0.03000 195.1 0.00000 0 -40.000 -0.125 -40.000 -0.000 0 NA
200.00 0.03000 200.1 0.00005 0 -40.000 -0.125 -40.000 -0.000 0 NA
205.00 0.03000 205.1 0.00005 0 -40.000 -0.125 -40.000 -0.000 0 NA
210.00 0.03000 210.1 0.00006 0 -40.000 -0.125 -40.000 -0.000 0 NA
215.00 0.03000 215.1 0.00007 0 -40.000 -0.125 -40.000 -0.000 0 NA
220.00 0.03000 220.1 0.00007 0 -40.000 -0.125 -40.000 -0.000 0 NA
225.00 0.03000 225.1 0.00007 0 -40.000 -0.125 -40.000 -0.000 0 NA
230.00 0.03000 230.1 0.00008 0 -40.000 -0.125 -40.000 -0.000 0 NA
235.00 0.03000 235.1 0.00009 0 -40.000 -0.125 -40.000 -0.000 0 NA
240.00 0.03000 240.1 0.00011 0 -40.000 -0.125 -40.000 -0.000 0 NA
245.00 0.03000 245.1 0.00015 0 -40.000 -0.125 -40.000 -0.000 0 NA
250.00 0.03000 250.1 0.00018 0 -40.000 -0.125 -40.000 -0.000 0 NA
255.00 0.03000 255.1 0.00020 0 -40.000 -0.125 -40.000 -0.000 0 NA
260.00 0.03000 260.1 0.00022 0 -40.000 -0.125 -40.000 -0.000 0 NA
265.00 0.03000 265.1 0.00025 0 -40.000 -0.125 -40.000 -0.000 0 NA
270.00 0.03000 270.1 0.00028 0 -40.000 -0.125 -40.000 -0.000 0 NA
275.00 0.03000 275.1 0.00031 0 -40.000 -0.125 -40.000 -0.000 0 NA
280.00 0.03000 280.1 0.00035 0 -40.000 -0.125 -40.000 -0.000 0 NA
285.00 0.03000 285.1 0.00038 0 -40.000 -0.125 -40.000 -0.000 0 NA
290.00 0.03000 290.1 0.00042 0 -40.000 -0.125 -40.000 -0.000 0 NA
295.00 0.03000 295.1 0.00046 0 -40.000 -0.125 -40.000 -0.000 0 NA
300.00 0.03000 300.1 0.00050 0 -40.000 -0.125 -40.000 -0.000 0 NA
305.00 0.03000 305.1 0.00056 0 -40.000 -0.125 -40.000 -0.000 0 NA
310.00 0.03000 310.1 0.00061 0 -40.000 -0.125 -40.000 -0.000 0 NA
315.00 0.03000 315.1 0.00066 0 -40.000 -0.125 -40.000 -0.000 0 NA
320.00 0.03000 320.1 0.00072 0 -40.000 -0.125 -40.000 -0.000 0 NA
325.00 0.03000 325.1 0.00080 0 -40.000 -0.125 -40.000 -0.000 0 NA
330.00 0.03000 330.1 0.00089 0 -40.000 -0.125 -40.000 -0.000 0 NA
335.00 0.03000 335.1 0.00102 0 -40.000 -0.125 -40.000 -0.000 0 NA
340.00 0.03000 340.1 0.00115 0 -40.000 -0.125 -40.000 -0.000 0 NA
345.00 0.03000 345.1 0.00132 0 -40.000 -0.125 -40.000 -0.000 0 NA
350.00 0.03000 350.1 0.00153 0 -40.000 -0.125 -40.000 -0.000 0 NA
355.00 0.03000 355.1 0.00177 0 -40.000 -0.125 -40.000 -0.000 0 NA
360.00 0.03000 360.1 0.00207 0 -40.000 -0.125 -40.000 -0.000 0 NA
365.00 0.03000 365.1 0.00242 0 -40.000 -0.125 -40.000 -0.000 0 NA
370.00 0.03000 370.1 0.00283 0 -40.000 -0.125 -40.000 -0.000 0 NA
375.00 0.03000 375.1 0.00348 0 -40.000 -0.125 -40.000 -0.000 0 NA
380.00 0.03000 380.1 0.00411 0 -40.000 -0.125 -40.000 -0.000 0 NA
385.00 0.03000 385.1 0.00471 0 -40.000 -0.125 -40.000 -0.000 0 NA
390.00 0.03000 390.1 0.00536 0 -40.000 -0.125 -40.000 -0.000 0 NA
395.00 0.03000 395.1 0.00605 0 -40.000 -0.125 -40.000 -0.000 0 NA
400.00 0.03000 400.1 0.00681 0 -40.000 -0.125 -40.000 -0.000 0 NA
405.00 0.03000 405.1 0.00760 0 -40.000 -0.125 -40.000 -0.000 0 NA
410.00 0.03000 410.1 0.00856 0 -40.000 -0.125 -40.000 -0.000 0 NA
415.00 0.03000 415.1 0.00944 0 -40.000 -0.125 -40.000 -0.000 0 NA
420.00 0.03000 420.1 0.01038 0 -40.000 -0.125 -40.000 -0.000 0 NA
425.00 0.03000 425.1 0.01135 0 -40.000 -0.125 -40.000 -0.000 0 NA
430.00 0.03000 430.1 0.01237 0 -40.000 -0.125 -40.000 -0.000 0 NA
435.00 0.03000 435.1 0.01343 0 -40.000 -0.125 -40.000 -0.000 0 NA
440.00 0.03000 440.1 0.01453 0 -40.000 -0.125 -40.000 -0.000 0 NA
445.00 0.03000 445.1 0.01568 0 -40.000 -0.125 -40.000 -0.000 0 NA
450.00 0.03000 450.1 0.01685 0 -40.000 -0.125 -40.000 -0.000 0 NA
0.00 0.03000 0.1 0.00000 0 -45.000 -0.111 -45.000 -0.000 0 NA
5.00 0.03000 5.1 0.00000 0 -45.000 -0.111 -45.000 -0.000 0 NA
10.00 0.03000 10.1 0.00000 0 -45.000 -0.111 -45.000 -0.000 0 NA
15.00 0.03000 15.1 0.00000 0 -45.000 -0.111 -45.000 -0.000 0 NA
20.00 0.03000 20.1 0.00000 0 -45.000 -0.111 -45.000 -0.000 0 NA
25.00 0.03000 25.1 0.00000 0 -45.000 -0.111 -45.000 -0.000 0 NA
30.00 0.03000 30.1 0.00000 0 -45.000 -0.111 -45.000 -0.000 0 NA
35.00 0.03000 35.0 0.00000 0 -45.000 -0.111 -45.000 -0.000 0 NA
40.00 0.03000 40.0 0.00000 0 -45.000 -0.111 -45.000 -0.000 0 NA
45.00 0.03000 45.0 0.00000 0 -45.000 -0.111 -45.000 -0.000 0 NA
50.00 0.03000 50.0 0.00000 0 -45.000 -0.111 -45.000 -0.000 0 NA
55.00 0.03000 55.0 0.00000 0 -45.000 -0.111 -45.000 -0.000 0 NA
60.00 0.03000 60.0 0.00000 0 -45.000 -0.111 -45.000 -0.000 0 NA
65.00 0.03000 65.0 0.00000 0 -45.000 -0.111 -45.000 -0.000 0 NA
70.00 0.03000 70.0 0.00000 0 -45.000 -0.111 -45.000 -0.000 0 NA
75.00 0.03000 75.0 0.00000 0 -45.000 -0.111 -45.000 -0.000 0 NA
80.00 0.03000 80.1 0.00000 0 -45.000 -0.111 -45.000 -0.000 0 NA
85.00 0.03000 85.1 0.00000 0 -45.000 -0.111 -45.000 -0.000 0 NA
90.00 0.03000 90.1 0.00000 0 -45.000 -0.111 -45.000 -0.000 0 NA
95.00 0.03000 95.1 0.00000 0 -45.000 -0.111 -45.000 -0.000 0 NA
100.00 0.03000 100.1 0.00000 0 -45.000 -0.111 -45.000 -0.000 0 NA
105.00 0.03000 105.1 0.00000 0 -45.000 -0.111 -45.000 -0.000 0 NA
110.00 0.03000 110.1 0.00000 0 -45.000 -0.111 -45.000 -0.000 0 NA
115.00 0.03000 115.1 0.00000 0 -45.000 -0.111 -45.000 -0.000 0 NA
120.00 0.03000 120.1 0.00000 0 -45.000 -0.111 -45.000 -0.000 0 NA
125.00 0.03000 125.1 0.00000 0 -45.000 -0.111 -45.000 -0.000 0 NA
130.00 0.03000 130.1 0.00000 0 -45.000 -0.111 -45.000 -0.000 0 NA
135.00 0.03000 135.1 0.00000 0 -45.000 -0.111 -45.000 -0.000 0 NA
140.00 0.03000 140.1 0.00000 0 -45.000 -0.111 -45.000 -0.000 0 NA
145.00 0.03000 145.1 0.00000 0 -45.000 -0.111 -45.000 -0.000 0 NA
150.00 0.03000 150.1 0.00000 0 -45.000 -0.111 -45.000 -0.000 0 NA
155.00 0.03000 155.1 0.00000 0 -45.000 -0.111 -45.000 -0.000 0 NA
160.00 0.03000 160.1 0.00000 0 -45.000 -0.111 -45.000 -0.000 0 NA
165.00 0.03000 165.1 0.00000 0 -45.000 -0.111 -45.000 -0.000 0 NA
170.00 0.03000 170.1 0.00000 0 -45.000 -0.111 -45.000 -0.000 0 NA
175.00 0.03000 175.1 0.00000 0 -45.000 -0.111 -45.000 -0.000 0 NA
180.00 0.03000 180.1 0.00000 0 -45.000 -0.111 -45.000 -0.000 0 NA
185.00 0.03000 185.1 0.00000 0 -45.000 -0.111 -45.000 -0.000 0 NA
190.00 0.03000 190.1 0.00000 0 -45.000 -0.111 -45.000 -0.000 0 NA
195.00 0.03000 195.1 0.00000 0 -45.000 -0.111 -45.000 -0.000 0 NA
200.00 0.03000 200.1 0.00000 0 -45.000 -0.111 -45.000 -0.000 0 NA
205.00 0.03000 205.1 0.00000 0 -45.000 -0.111 -45.000 -0.000 0 NA
210.00 0.03000 210.1 0.00000 0 -45.000 -0.111 -45.000 -0.000 0 NA
215.00 0.03000 215.1 0.00000 0 -45.000 -0.111 -45.000 -0.000 0 NA
220.00 0.03000 220.1 0.00005 0 -45.000 -0.111 -45.000 -0.000 0 NA
225.00 0.03000 225.1 0.00005 0 -45.000 -0.111 -45.000 -0.000 0 NA
230.00 0.03000 230.1 0.00006 0 -45.000 -0.111 -45.000 -0.000 0 NA
235.00 0.03000 235.1 0.00006 0 -45.000 -0.111 -45.000 -0.000 0 NA
240.00 0.03000 240.1 0.00007 0 -45.000 -0.111 -45.000 -0.000 0 NA
245.00 0.03000 245.1 0.00007 0 -45.000 -0.111 -45.000 -0.000 0 NA
250.00 0.03000 250.1 0.00008 0 -45.000 -0.111 -45.000 -0.000 0 NA
255.00 0.03000 255.1 0.00009 0 -45.000 -0.111 -45.000 -0.000 0 NA
260.00 0.03000 260.1 0.00010 0 -45.000 -0.111 -45.000 -0.000 0 NA
265.00 0.03000 265.1 0.00014 0 -45.000 -0.111 -45.000 -0.000 0 NA
270.00 0.03000 270.1 0.00018 0 -45.000 -0.111 -45.000 -0.000 0 NA
275.00 0.03000 275.1 0.00020 0 -45.000 -0.111 -45.000 -0.000 0 NA
280.00 0.03000 280.1 0.00022 0 -45.000 -0.111 -45.000 -0.000 0 NA
285.00 0.03000 285.1 0.00024 0 -45.000 -0.111 -45.000 -0.000 0 NA
290.00 0.03000 290.1 0.00027 0 -45.000 -0.111 -45.000 -0.000 0 NA
295.00 0.03000 295.1 0.00029 0 -45.000 -0.111 -45.000 -0.000 0 NA
300.00 0.03000 300.1 0.00033 0 -45.000 -0.111 -45.000 -0.000 0 NA
305.00 0.03000 305.1 0.00036 0 -45.000 -0.111 -45.000 -0.000 0 NA
310.00 0.03000 310.1 0.00040 0 -45.000 -0.111 -45.000 -0.000 0 NA
315.00 0.03000 315.1 0.00043 0 -45.000 -0.111 -45.000 -0.000 0 NA
320.00 0.03000 320.1 0.00047 0 -45.000 -0.111 -45.000 -0.000 0 NA
325.00 0.03000 325.1 0.00051 0 -45.000 -0.111 -45.000 -0.000 0 NA
330.00 0.03000 330.1 0.00056 0 -45.000 -0.111 -45.000 -0.000 0 NA
335.00 0.03000 335.1 0.00061 0 -45.000 -0.111 -45.000 -0.000 0 NA
340.00 0.03000 340.1 0.00066 0 -45.000 -0.111 -45.000 -0.000 0 NA
345.00 0.03000 345.1 0.00071 0 -45.000 -0.111 -45.000 -0.000 0 NA
350.00 0.03000 350.1 0.00078 0 -45.000 -0.111 -45.000 -0.000 0 NA
355.00 0.03000 355.1 0.00084 0 -45.000 -0.111 -45.000 -0.000 0 NA
360.00 0.03000 360.1 0.00091 0 -45.000 -0.111 -45.000 -0.000 0 NA
365.00 0.03000 365.1 0.00102 0 -45.000 -0.111 -45.000 -0.000 0 NA
370.00 0.03000 370.1 0.00112 0 -45.000 -0.111 -45.000 -0.000 0 NA
375.00 0.03000 375.1 0.00123 0 -45.000 -0.111 -45.000 -0.000 0 NA
380.00 0.03000 380.1 0.00137 0 -45.000 -0.111 -45.000 -0.000 0 NA
385.00 0.03000 385.1 0.00178 0 -45.000 -0.111 -45.000 -0.000 0 NA
390.00 0.03000 390.1 0.00205 0 -45.000 -0.111 -45.000 -0.000 0 NA
395.00 0.03000 395.1 0.00233 0 -45.000 -0.111 -45.000 -0.000 0 NA
400.00 0.03000 400.1 0.00264 0 -45.000 -0.111 -45.000 -0.000 0 NA
405.00 0.03000 405.1 0.00300 0 -45.000 -0.111 -45.000 -0.000 0 NA
410.00 0.03000 410.1 0.00340 0 -45.000 -0.111 -45.000 -0.000 0 NA
415.00 0.03000 415.1 0.00388 0 -45.000 -0.111 -45.000 -0.000 0 NA
420.00 0.03000 420.1 0.00452 0 -45.000 -0.111 -45.000 -0.000 0 NA
425.00 0.03000 425.1 0.00510 0 -45.000 -0.111 -45.000 -0.000 0 NA
430.00 0.03000 430.1 0.00573 0 -45.000 -0.111 -45.000 -0.000 0 NA
435.00 0.03000 435.1 0.00641 0 -45.000 -0.111 -45.000 -0.000 0 NA
440.00 0.03000 440.1 0.00714 0 -45.000 -0.111 -45.000 -0.000 0 NA
445.00 0.03000 445.1 0.00792 0 -45.000 -0.111 -45.000 -0.000 0 NA
450.00 0.03000 450.1 0.00873 0 -45.000 -0.111 -45.000 -0.000 0 NA
