% * Sample: VT25_10_RCA_BROWNBASE
% * Date / time: 2024-05-16 19:21:45.435161
% * R2CONTROL =  NOT SPECIFIED
% Column 1:  PSU1 nominal voltage setting (V)
% Column 2:  PSU1 nominal current setting (A)
% Column 3:  PSU1 voltage measurement (V)
% Column 4:  PSU1 current measurement (I)
% Column 5:  PSU1 limiter flag
% Column 6:  PSU2 nominal voltage setting (V)
% Column 7:  PSU2 nominal current setting (A)
% Column 8:  PSU2 voltage measurement (V)
% Column 9:  PSU2 current measurement (I)
% Column 10: PSU2 limiter flag
% Column 11: Heaterblock temperature (°C)
% * OPERATING POINT AT END OF PREHEAT / IDLE: U1 = 300.0 V  I1 = 0.02000 A  U2 = -20.245 V  I2 = -0.0002 A  T = NA °C
0.00 0.03000 0.1 0.00000 0 -0.000 -1.0000 -0.000 -0.0002 0 NA
5.00 0.03000 5.0 0.00009 0 -0.000 -1.0000 -0.000 -0.0001 0 NA
10.00 0.03000 10.0 0.00018 0 -0.000 -1.0000 -0.000 -0.0001 0 NA
15.00 0.03000 15.0 0.00029 0 -0.000 -1.0000 -0.000 -0.0001 0 NA
20.00 0.03000 20.0 0.00045 0 -0.000 -1.0000 -0.000 -0.0002 0 NA
25.00 0.03000 25.0 0.00066 0 -0.000 -1.0000 -0.000 -0.0001 0 NA
30.00 0.03000 30.0 0.00092 0 -0.000 -1.0000 -0.000 -0.0002 0 NA
35.00 0.03000 35.0 0.00124 0 -0.000 -1.0000 -0.000 -0.0002 0 NA
40.00 0.03000 40.0 0.00161 0 -0.000 -1.0000 -0.000 -0.0002 0 NA
45.00 0.03000 45.0 0.00205 0 -0.000 -1.0000 -0.000 -0.0002 0 NA
50.00 0.03000 50.0 0.00253 0 -0.000 -1.0000 -0.000 -0.0001 0 NA
55.00 0.03000 55.0 0.00307 0 -0.000 -1.0000 -0.000 -0.0002 0 NA
60.00 0.03000 60.0 0.00368 0 -0.000 -1.0000 -0.000 -0.0001 0 NA
65.00 0.03000 65.0 0.00433 0 -0.000 -1.0000 -0.000 -0.0002 0 NA
70.00 0.03000 70.0 0.00503 0 -0.000 -1.0000 -0.000 -0.0002 0 NA
75.00 0.03000 75.0 0.00578 0 -0.000 -1.0000 -0.000 -0.0002 0 NA
80.00 0.03000 80.0 0.00658 0 -0.000 -1.0000 -0.000 -0.0002 0 NA
85.00 0.03000 85.0 0.00742 0 -0.000 -1.0000 -0.000 -0.0001 0 NA
90.00 0.03000 90.0 0.00830 0 -0.000 -1.0000 -0.000 -0.0001 0 NA
95.00 0.03000 95.0 0.00920 0 -0.000 -1.0000 -0.000 -0.0002 0 NA
100.00 0.03000 100.0 0.01014 0 -0.000 -1.0000 -0.000 -0.0002 0 NA
105.00 0.03000 105.0 0.01110 0 -0.000 -1.0000 -0.000 -0.0002 0 NA
110.00 0.03000 110.0 0.01210 0 -0.000 -1.0000 -0.000 -0.0002 0 NA
115.00 0.03000 115.0 0.01313 0 -0.000 -1.0000 -0.000 -0.0002 0 NA
120.00 0.03000 120.0 0.01418 0 -0.000 -1.0000 -0.000 -0.0002 0 NA
125.00 0.03000 125.0 0.01525 0 -0.000 -1.0000 -0.000 -0.0002 0 NA
130.00 0.03000 130.0 0.01635 0 -0.000 -1.0000 -0.000 -0.0002 0 NA
135.00 0.03000 135.0 0.01747 0 -0.000 -1.0000 -0.000 -0.0002 0 NA
140.00 0.03000 140.0 0.01862 0 -0.000 -1.0000 -0.000 -0.0002 0 NA
145.00 0.03000 145.0 0.01979 0 -0.000 -1.0000 -0.000 -0.0001 0 NA
150.00 0.03000 150.0 0.02099 0 -0.000 -1.0000 -0.000 -0.0001 0 NA
155.00 0.03000 155.0 0.02220 0 -0.000 -1.0000 -0.000 -0.0002 0 NA
160.00 0.03000 160.0 0.02344 0 -0.000 -1.0000 -0.000 -0.0002 0 NA
165.00 0.03000 165.0 0.02470 0 -0.000 -1.0000 -0.000 -0.0001 0 NA
170.00 0.03000 170.0 0.02597 0 -0.000 -1.0000 -0.000 -0.0001 0 NA
175.00 0.03000 175.0 0.02727 0 -0.000 -1.0000 -0.000 -0.0001 0 NA
180.00 0.03000 180.0 0.02859 0 -0.000 -1.0000 -0.000 -0.0002 0 NA
185.00 0.03000 185.0 0.02992 0 -0.000 -1.0000 -0.000 -0.0002 0 NA
190.00 0.03000 190.0 0.03128 1 -0.000 -1.0000 -0.000 -0.0002 0 NA
0.00 0.03000 0.1 0.00000 0 -5.000 -1.0000 -5.000 -0.0001 0 NA
5.00 0.03000 5.0 0.00000 0 -5.000 -1.0000 -5.000 -0.0001 0 NA
10.00 0.03000 10.0 0.00000 0 -5.000 -1.0000 -5.000 -0.0002 0 NA
15.00 0.03000 15.0 0.00000 0 -5.000 -1.0000 -4.999 -0.0001 0 NA
20.00 0.03000 20.0 0.00000 0 -5.000 -1.0000 -5.000 -0.0002 0 NA
25.00 0.03000 25.0 0.00000 0 -5.000 -1.0000 -4.999 -0.0002 0 NA
30.00 0.03000 30.0 0.00000 0 -5.000 -1.0000 -5.000 -0.0002 0 NA
35.00 0.03000 35.0 0.00000 0 -5.000 -1.0000 -5.000 -0.0002 0 NA
40.00 0.03000 40.0 0.00007 0 -5.000 -1.0000 -5.000 -0.0002 0 NA
45.00 0.03000 45.0 0.00013 0 -5.000 -1.0000 -5.000 -0.0002 0 NA
50.00 0.03000 50.0 0.00022 0 -5.000 -1.0000 -5.000 -0.0002 0 NA
55.00 0.03000 55.0 0.00035 0 -5.000 -1.0000 -5.000 -0.0002 0 NA
60.00 0.03000 60.0 0.00054 0 -5.000 -1.0000 -5.000 -0.0002 0 NA
65.00 0.03000 65.0 0.00077 0 -5.000 -1.0000 -5.000 -0.0002 0 NA
70.00 0.03000 70.0 0.00105 0 -5.000 -1.0000 -5.000 -0.0002 0 NA
75.00 0.03000 75.0 0.00138 0 -5.000 -1.0000 -5.000 -0.0002 0 NA
80.00 0.03000 80.0 0.00177 0 -5.000 -1.0000 -4.999 -0.0001 0 NA
85.00 0.03000 85.0 0.00223 0 -5.000 -1.0000 -5.000 -0.0002 0 NA
90.00 0.03000 90.0 0.00273 0 -5.000 -1.0000 -5.000 -0.0002 0 NA
95.00 0.03000 95.0 0.00329 0 -5.000 -1.0000 -5.000 -0.0002 0 NA
100.00 0.03000 100.0 0.00390 0 -5.000 -1.0000 -5.000 -0.0002 0 NA
105.00 0.03000 105.0 0.00457 0 -5.000 -1.0000 -5.000 -0.0002 0 NA
110.00 0.03000 110.0 0.00528 0 -5.000 -1.0000 -5.000 -0.0002 0 NA
115.00 0.03000 115.0 0.00604 0 -5.000 -1.0000 -5.000 -0.0002 0 NA
120.00 0.03000 120.0 0.00685 0 -5.000 -1.0000 -5.000 -0.0002 0 NA
125.00 0.03000 125.0 0.00769 0 -5.000 -1.0000 -5.000 -0.0001 0 NA
130.00 0.03000 130.0 0.00858 0 -5.000 -1.0000 -5.000 -0.0002 0 NA
135.00 0.03000 135.0 0.00950 0 -5.000 -1.0000 -5.000 -0.0002 0 NA
140.00 0.03000 140.0 0.01044 0 -5.000 -1.0000 -4.999 -0.0002 0 NA
145.00 0.03000 145.0 0.01142 0 -5.000 -1.0000 -5.000 -0.0001 0 NA
150.00 0.03000 150.0 0.01243 0 -5.000 -1.0000 -4.999 -0.0001 0 NA
155.00 0.03000 155.0 0.01347 0 -5.000 -1.0000 -5.000 -0.0002 0 NA
160.00 0.03000 160.0 0.01453 0 -5.000 -1.0000 -5.000 -0.0002 0 NA
165.00 0.03000 165.0 0.01561 0 -5.000 -1.0000 -5.000 -0.0002 0 NA
170.00 0.03000 170.0 0.01673 0 -5.000 -1.0000 -5.000 -0.0002 0 NA
175.00 0.03000 175.0 0.01786 0 -5.000 -1.0000 -5.000 -0.0002 0 NA
180.00 0.03000 180.0 0.01902 0 -5.000 -1.0000 -5.000 -0.0001 0 NA
185.00 0.03000 185.0 0.02020 0 -5.000 -1.0000 -5.000 -0.0002 0 NA
190.00 0.03000 190.0 0.02141 0 -5.000 -1.0000 -4.999 -0.0002 0 NA
195.00 0.03000 195.0 0.02264 0 -5.000 -1.0000 -5.000 -0.0002 0 NA
200.00 0.03000 200.0 0.02388 0 -5.000 -1.0000 -5.000 -0.0002 0 NA
205.00 0.03000 205.0 0.02516 0 -5.000 -1.0000 -5.000 -0.0002 0 NA
210.00 0.03000 210.0 0.02645 0 -5.000 -1.0000 -4.999 -0.0002 0 NA
215.00 0.03000 215.0 0.02775 0 -5.000 -1.0000 -4.999 -0.0002 0 NA
220.00 0.03000 220.0 0.02909 0 -5.000 -1.0000 -5.000 -0.0001 0 NA
225.00 0.03000 225.0 0.03044 1 -5.000 -1.0000 -5.000 -0.0002 0 NA
0.00 0.03000 0.1 0.00000 0 -10.000 -0.5000 -9.999 -0.0001 0 NA
5.00 0.03000 5.0 0.00000 0 -10.000 -0.5000 -9.999 -0.0002 0 NA
10.00 0.03000 10.0 0.00000 0 -10.000 -0.5000 -10.000 -0.0002 0 NA
15.00 0.03000 15.0 0.00000 0 -10.000 -0.5000 -9.999 -0.0002 0 NA
20.00 0.03000 20.0 0.00000 0 -10.000 -0.5000 -9.999 -0.0002 0 NA
25.00 0.03000 25.0 0.00000 0 -10.000 -0.5000 -9.999 -0.0001 0 NA
30.00 0.03000 30.0 0.00000 0 -10.000 -0.5000 -10.000 -0.0002 0 NA
35.00 0.03000 35.0 0.00000 0 -10.000 -0.5000 -10.000 -0.0002 0 NA
40.00 0.03000 40.0 0.00000 0 -10.000 -0.5000 -9.999 -0.0002 0 NA
45.00 0.03000 45.0 0.00000 0 -10.000 -0.5000 -9.999 -0.0002 0 NA
50.00 0.03000 50.0 0.00000 0 -10.000 -0.5000 -10.000 -0.0002 0 NA
55.00 0.03000 55.0 0.00000 0 -10.000 -0.5000 -9.999 -0.0002 0 NA
60.00 0.03000 60.0 0.00000 0 -10.000 -0.5000 -10.000 -0.0002 0 NA
65.00 0.03000 65.0 0.00000 0 -10.000 -0.5000 -10.000 -0.0001 0 NA
70.00 0.03000 70.0 0.00000 0 -10.000 -0.5000 -10.000 -0.0002 0 NA
75.00 0.03000 75.0 0.00006 0 -10.000 -0.5000 -10.000 -0.0002 0 NA
80.00 0.03000 80.0 0.00010 0 -10.000 -0.5000 -9.999 -0.0002 0 NA
85.00 0.03000 85.0 0.00017 0 -10.000 -0.5000 -10.000 -0.0002 0 NA
90.00 0.03000 90.0 0.00028 0 -10.000 -0.5000 -9.999 -0.0002 0 NA
95.00 0.03000 95.0 0.00044 0 -10.000 -0.5000 -9.999 -0.0002 0 NA
100.00 0.03000 100.0 0.00064 0 -10.000 -0.5000 -9.999 -0.0002 0 NA
105.00 0.03000 105.0 0.00090 0 -10.000 -0.5000 -9.999 -0.0002 0 NA
110.00 0.03000 110.0 0.00120 0 -10.000 -0.5000 -9.999 -0.0002 0 NA
115.00 0.03000 115.0 0.00156 0 -10.000 -0.5000 -10.000 -0.0002 0 NA
120.00 0.03000 120.0 0.00197 0 -10.000 -0.5000 -9.999 -0.0001 0 NA
125.00 0.03000 125.0 0.00244 0 -10.000 -0.5000 -10.000 -0.0002 0 NA
130.00 0.03000 130.0 0.00297 0 -10.000 -0.5000 -9.999 -0.0001 0 NA
135.00 0.03000 135.0 0.00354 0 -10.000 -0.5000 -10.000 -0.0001 0 NA
140.00 0.03000 140.0 0.00417 0 -10.000 -0.5000 -10.000 -0.0002 0 NA
145.00 0.03000 145.0 0.00485 0 -10.000 -0.5000 -9.999 -0.0002 0 NA
150.00 0.03000 150.0 0.00558 0 -10.000 -0.5000 -10.000 -0.0002 0 NA
155.00 0.03000 155.0 0.00635 0 -10.000 -0.5000 -10.000 -0.0001 0 NA
160.00 0.03000 160.0 0.00716 0 -10.000 -0.5000 -9.999 -0.0002 0 NA
165.00 0.03000 165.0 0.00802 0 -10.000 -0.5000 -10.000 -0.0002 0 NA
170.00 0.03000 170.0 0.00890 0 -10.000 -0.5000 -9.999 -0.0002 0 NA
175.00 0.03000 175.0 0.00982 0 -10.000 -0.5000 -10.000 -0.0002 0 NA
180.00 0.03000 180.0 0.01078 0 -10.000 -0.5000 -9.999 -0.0001 0 NA
185.00 0.03000 185.0 0.01178 0 -10.000 -0.5000 -10.000 -0.0001 0 NA
190.00 0.03000 190.0 0.01279 0 -10.000 -0.5000 -10.000 -0.0001 0 NA
195.00 0.03000 195.0 0.01384 0 -10.000 -0.5000 -9.999 -0.0001 0 NA
200.00 0.03000 200.0 0.01490 0 -10.000 -0.5000 -9.999 -0.0002 0 NA
205.00 0.03000 205.0 0.01600 0 -10.000 -0.5000 -10.000 -0.0001 0 NA
210.00 0.03000 210.0 0.01712 0 -10.000 -0.5000 -9.999 -0.0002 0 NA
215.00 0.03000 215.0 0.01827 0 -10.000 -0.5000 -9.999 -0.0002 0 NA
220.00 0.03000 220.0 0.01944 0 -10.000 -0.5000 -10.000 -0.0002 0 NA
225.00 0.03000 225.0 0.02064 0 -10.000 -0.5000 -10.000 -0.0002 0 NA
230.00 0.03000 230.1 0.02186 0 -10.000 -0.5000 -9.999 -0.0002 0 NA
235.00 0.03000 235.1 0.02310 0 -10.000 -0.5000 -9.999 -0.0001 0 NA
240.00 0.03000 240.1 0.02436 0 -10.000 -0.5000 -9.999 -0.0001 0 NA
245.00 0.03000 245.1 0.02564 0 -10.000 -0.5000 -9.999 -0.0002 0 NA
250.00 0.03000 250.1 0.02696 0 -10.000 -0.5000 -9.999 -0.0002 0 NA
255.00 0.03000 255.0 0.02827 0 -10.000 -0.5000 -10.000 -0.0002 0 NA
260.00 0.03000 260.1 0.02962 0 -10.000 -0.5000 -10.000 -0.0002 0 NA
265.00 0.03000 265.0 0.03099 1 -10.000 -0.5000 -10.000 -0.0002 0 NA
0.00 0.03000 0.1 0.00000 0 -15.000 -0.3333 -14.999 -0.0001 0 NA
5.00 0.03000 5.0 0.00000 0 -15.000 -0.3333 -14.999 -0.0001 0 NA
10.00 0.03000 10.0 0.00000 0 -15.000 -0.3333 -15.000 -0.0001 0 NA
15.00 0.03000 15.0 0.00000 0 -15.000 -0.3333 -14.999 -0.0001 0 NA
20.00 0.03000 20.0 0.00000 0 -15.000 -0.3333 -15.000 -0.0001 0 NA
25.00 0.03000 25.0 0.00000 0 -15.000 -0.3333 -14.999 -0.0002 0 NA
30.00 0.03000 30.0 0.00000 0 -15.000 -0.3333 -14.999 -0.0001 0 NA
35.00 0.03000 35.0 0.00000 0 -15.000 -0.3333 -14.999 -0.0001 0 NA
40.00 0.03000 40.0 0.00000 0 -15.000 -0.3333 -14.999 -0.0002 0 NA
45.00 0.03000 45.0 0.00000 0 -15.000 -0.3333 -14.999 -0.0001 0 NA
50.00 0.03000 50.0 0.00000 0 -15.000 -0.3333 -15.000 -0.0002 0 NA
55.00 0.03000 55.0 0.00000 0 -15.000 -0.3333 -14.999 -0.0002 0 NA
60.00 0.03000 60.0 0.00000 0 -15.000 -0.3333 -14.999 -0.0002 0 NA
65.00 0.03000 65.0 0.00000 0 -15.000 -0.3333 -14.999 -0.0002 0 NA
70.00 0.03000 70.0 0.00000 0 -15.000 -0.3333 -14.999 -0.0001 0 NA
75.00 0.03000 75.0 0.00000 0 -15.000 -0.3333 -14.999 -0.0002 0 NA
80.00 0.03000 80.0 0.00000 0 -15.000 -0.3333 -14.999 -0.0002 0 NA
85.00 0.03000 85.0 0.00000 0 -15.000 -0.3333 -14.999 -0.0002 0 NA
90.00 0.03000 90.0 0.00000 0 -15.000 -0.3333 -15.000 -0.0002 0 NA
95.00 0.03000 95.0 0.00000 0 -15.000 -0.3333 -14.999 -0.0001 0 NA
100.00 0.03000 100.0 0.00000 0 -15.000 -0.3333 -14.999 -0.0001 0 NA
105.00 0.03000 105.0 0.00000 0 -15.000 -0.3333 -15.000 -0.0002 0 NA
110.00 0.03000 110.0 0.00005 0 -15.000 -0.3333 -14.999 -0.0001 0 NA
115.00 0.03000 115.0 0.00008 0 -15.000 -0.3333 -14.999 -0.0001 0 NA
120.00 0.03000 120.0 0.00014 0 -15.000 -0.3333 -14.999 -0.0002 0 NA
125.00 0.03000 125.0 0.00023 0 -15.000 -0.3333 -15.000 -0.0002 0 NA
130.00 0.03000 130.0 0.00036 0 -15.000 -0.3333 -15.000 -0.0002 0 NA
135.00 0.03000 135.0 0.00054 0 -15.000 -0.3333 -14.999 -0.0002 0 NA
140.00 0.03000 140.0 0.00077 0 -15.000 -0.3333 -14.999 -0.0001 0 NA
145.00 0.03000 145.0 0.00105 0 -15.000 -0.3333 -14.999 -0.0002 0 NA
150.00 0.03000 150.0 0.00137 0 -15.000 -0.3333 -14.999 -0.0001 0 NA
155.00 0.03000 155.0 0.00176 0 -15.000 -0.3333 -14.999 -0.0001 0 NA
160.00 0.03000 160.0 0.00220 0 -15.000 -0.3333 -15.000 -0.0002 0 NA
165.00 0.03000 165.0 0.00268 0 -15.000 -0.3333 -15.000 -0.0002 0 NA
170.00 0.03000 170.0 0.00322 0 -15.000 -0.3333 -15.000 -0.0001 0 NA
175.00 0.03000 175.0 0.00381 0 -15.000 -0.3333 -14.999 -0.0002 0 NA
180.00 0.03000 180.0 0.00446 0 -15.000 -0.3333 -14.999 -0.0001 0 NA
185.00 0.03000 185.0 0.00514 0 -15.000 -0.3333 -14.999 -0.0002 0 NA
190.00 0.03000 190.0 0.00589 0 -15.000 -0.3333 -14.999 -0.0002 0 NA
195.00 0.03000 195.0 0.00667 0 -15.000 -0.3333 -14.999 -0.0001 0 NA
200.00 0.03000 200.0 0.00749 0 -15.000 -0.3333 -14.999 -0.0001 0 NA
205.00 0.03000 205.0 0.00835 0 -15.000 -0.3333 -15.000 -0.0001 0 NA
210.00 0.03000 210.0 0.00924 0 -15.000 -0.3333 -14.999 -0.0002 0 NA
215.00 0.03000 215.0 0.01018 0 -15.000 -0.3333 -14.999 -0.0001 0 NA
220.00 0.03000 220.0 0.01114 0 -15.000 -0.3333 -15.000 -0.0001 0 NA
225.00 0.03000 225.0 0.01215 0 -15.000 -0.3333 -14.999 -0.0001 0 NA
230.00 0.03000 230.1 0.01319 0 -15.000 -0.3333 -14.999 -0.0002 0 NA
235.00 0.03000 235.1 0.01424 0 -15.000 -0.3333 -14.999 -0.0002 0 NA
240.00 0.03000 240.1 0.01533 0 -15.000 -0.3333 -14.999 -0.0001 0 NA
245.00 0.03000 245.1 0.01643 0 -15.000 -0.3333 -14.999 -0.0001 0 NA
250.00 0.03000 250.1 0.01756 0 -15.000 -0.3333 -14.999 -0.0002 0 NA
255.00 0.03000 255.1 0.01872 0 -15.000 -0.3333 -15.000 -0.0001 0 NA
260.00 0.03000 260.1 0.01990 0 -15.000 -0.3333 -14.999 -0.0002 0 NA
265.00 0.03000 265.0 0.02110 0 -15.000 -0.3333 -15.000 -0.0001 0 NA
270.00 0.03000 270.1 0.02234 0 -15.000 -0.3333 -15.000 -0.0001 0 NA
275.00 0.03000 275.0 0.02359 0 -15.000 -0.3333 -14.999 -0.0001 0 NA
280.00 0.03000 280.1 0.02487 0 -15.000 -0.3333 -14.999 -0.0002 0 NA
285.00 0.03000 285.0 0.02617 0 -15.000 -0.3333 -15.000 -0.0002 0 NA
290.00 0.03000 290.1 0.02749 0 -15.000 -0.3333 -14.999 -0.0002 0 NA
295.00 0.03000 295.0 0.02883 0 -15.000 -0.3333 -14.999 -0.0001 0 NA
300.00 0.03000 300.0 0.03020 1 -15.000 -0.3333 -14.999 -0.0002 0 NA
0.00 0.03000 0.1 0.00000 0 -20.000 -0.2500 -20.000 -0.0001 0 NA
5.00 0.03000 5.0 0.00000 0 -20.000 -0.2500 -20.000 -0.0002 0 NA
10.00 0.03000 10.0 0.00000 0 -20.000 -0.2500 -20.000 -0.0002 0 NA
15.00 0.03000 15.0 0.00000 0 -20.000 -0.2500 -20.000 -0.0002 0 NA
20.00 0.03000 20.0 0.00000 0 -20.000 -0.2500 -20.000 -0.0001 0 NA
25.00 0.03000 25.0 0.00000 0 -20.000 -0.2500 -20.000 -0.0002 0 NA
30.00 0.03000 30.0 0.00000 0 -20.000 -0.2500 -20.000 -0.0001 0 NA
35.00 0.03000 35.0 0.00000 0 -20.000 -0.2500 -20.000 -0.0001 0 NA
40.00 0.03000 40.0 0.00000 0 -20.000 -0.2500 -20.000 -0.0001 0 NA
45.00 0.03000 45.0 0.00000 0 -20.000 -0.2500 -20.000 -0.0001 0 NA
50.00 0.03000 50.0 0.00000 0 -20.000 -0.2500 -20.000 -0.0001 0 NA
55.00 0.03000 55.0 0.00000 0 -20.000 -0.2500 -20.000 -0.0001 0 NA
60.00 0.03000 60.0 0.00000 0 -20.000 -0.2500 -20.000 -0.0001 0 NA
65.00 0.03000 65.0 0.00000 0 -20.000 -0.2500 -20.000 -0.0002 0 NA
70.00 0.03000 70.0 0.00000 0 -20.000 -0.2500 -20.000 -0.0002 0 NA
75.00 0.03000 75.0 0.00000 0 -20.000 -0.2500 -20.000 -0.0002 0 NA
80.00 0.03000 80.0 0.00000 0 -20.000 -0.2500 -20.000 -0.0002 0 NA
85.00 0.03000 85.0 0.00000 0 -20.000 -0.2500 -20.000 -0.0001 0 NA
90.00 0.03000 90.0 0.00000 0 -20.000 -0.2500 -20.000 -0.0001 0 NA
95.00 0.03000 95.0 0.00000 0 -20.000 -0.2500 -20.000 -0.0002 0 NA
100.00 0.03000 100.0 0.00000 0 -20.000 -0.2500 -20.000 -0.0002 0 NA
105.00 0.03000 105.0 0.00000 0 -20.000 -0.2500 -20.000 -0.0001 0 NA
110.00 0.03000 110.0 0.00000 0 -20.000 -0.2500 -20.000 -0.0002 0 NA
115.00 0.03000 115.0 0.00000 0 -20.000 -0.2500 -20.000 -0.0001 0 NA
120.00 0.03000 120.0 0.00000 0 -20.000 -0.2500 -20.000 -0.0001 0 NA
125.00 0.03000 125.0 0.00000 0 -20.000 -0.2500 -20.000 -0.0001 0 NA
130.00 0.03000 130.0 0.00000 0 -20.000 -0.2500 -20.000 -0.0002 0 NA
135.00 0.03000 135.0 0.00000 0 -20.000 -0.2500 -20.000 -0.0002 0 NA
140.00 0.03000 140.0 0.00000 0 -20.000 -0.2500 -20.000 -0.0001 0 NA
145.00 0.03000 145.0 0.00000 0 -20.000 -0.2500 -20.000 -0.0001 0 NA
150.00 0.03000 150.0 0.00007 0 -20.000 -0.2500 -20.000 -0.0001 0 NA
155.00 0.03000 155.0 0.00012 0 -20.000 -0.2500 -20.000 -0.0002 0 NA
160.00 0.03000 160.0 0.00019 0 -20.000 -0.2500 -20.000 -0.0001 0 NA
165.00 0.03000 165.0 0.00030 0 -20.000 -0.2500 -20.000 -0.0001 0 NA
170.00 0.03000 170.0 0.00046 0 -20.000 -0.2500 -20.000 -0.0001 0 NA
175.00 0.03000 175.0 0.00066 0 -20.000 -0.2500 -20.000 -0.0001 0 NA
180.00 0.03000 180.0 0.00092 0 -20.000 -0.2500 -20.000 -0.0001 0 NA
185.00 0.03000 185.0 0.00121 0 -20.000 -0.2500 -20.000 -0.0001 0 NA
190.00 0.03000 190.0 0.00157 0 -20.000 -0.2500 -20.000 -0.0001 0 NA
195.00 0.03000 195.0 0.00198 0 -20.000 -0.2500 -20.000 -0.0002 0 NA
200.00 0.03000 200.0 0.00244 0 -20.000 -0.2500 -20.000 -0.0001 0 NA
205.00 0.03000 205.0 0.00295 0 -20.000 -0.2500 -20.000 -0.0001 0 NA
210.00 0.03000 210.0 0.00351 0 -20.000 -0.2500 -20.000 -0.0001 0 NA
215.00 0.03000 215.0 0.00411 0 -20.000 -0.2500 -20.000 -0.0001 0 NA
220.00 0.03000 220.0 0.00478 0 -20.000 -0.2500 -20.000 -0.0002 0 NA
225.00 0.03000 225.0 0.00549 0 -20.000 -0.2500 -20.000 -0.0002 0 NA
230.00 0.03000 230.1 0.00624 0 -20.000 -0.2500 -20.000 -0.0002 0 NA
235.00 0.03000 235.1 0.00703 0 -20.000 -0.2500 -20.000 -0.0002 0 NA
240.00 0.03000 240.1 0.00787 0 -20.000 -0.2500 -20.000 -0.0002 0 NA
245.00 0.03000 245.1 0.00873 0 -20.000 -0.2500 -20.000 -0.0002 0 NA
250.00 0.03000 250.1 0.00965 0 -20.000 -0.2500 -20.000 -0.0002 0 NA
255.00 0.03000 255.0 0.01059 0 -20.000 -0.2500 -20.000 -0.0001 0 NA
260.00 0.03000 260.1 0.01157 0 -20.000 -0.2500 -20.000 -0.0002 0 NA
265.00 0.03000 265.0 0.01258 0 -20.000 -0.2500 -20.000 -0.0002 0 NA
270.00 0.03000 270.1 0.01362 0 -20.000 -0.2500 -20.000 -0.0002 0 NA
275.00 0.03000 275.0 0.01469 0 -20.000 -0.2500 -20.000 -0.0001 0 NA
280.00 0.03000 280.1 0.01579 0 -20.000 -0.2500 -20.000 -0.0002 0 NA
285.00 0.03000 285.0 0.01690 0 -20.000 -0.2500 -20.000 -0.0002 0 NA
290.00 0.03000 290.1 0.01805 0 -20.000 -0.2500 -20.000 -0.0002 0 NA
295.00 0.03000 295.0 0.01923 0 -20.000 -0.2500 -20.000 -0.0001 0 NA
300.00 0.03000 300.0 0.02043 0 -20.000 -0.2500 -20.000 -0.0001 0 NA
305.00 0.03000 305.0 0.02164 0 -20.000 -0.2500 -20.000 -0.0001 0 NA
310.00 0.03000 310.1 0.02290 0 -20.000 -0.2500 -20.000 -0.0001 0 NA
315.00 0.03000 315.0 0.02417 0 -20.000 -0.2500 -20.000 -0.0002 0 NA
320.00 0.03000 320.1 0.02547 0 -20.000 -0.2500 -20.000 -0.0002 0 NA
325.00 0.03000 325.0 0.02679 0 -20.000 -0.2500 -20.000 -0.0001 0 NA
330.00 0.03000 330.0 0.02813 0 -20.000 -0.2500 -20.000 -0.0001 0 NA
335.00 0.03000 335.0 0.02951 0 -20.000 -0.2500 -20.000 -0.0001 0 NA
340.00 0.03000 340.0 0.03089 1 -20.000 -0.2500 -20.000 -0.0001 0 NA
0.00 0.03000 0.1 0.00000 0 -25.000 -0.2000 -25.001 -0.0001 0 NA
5.00 0.03000 5.0 0.00000 0 -25.000 -0.2000 -25.001 -0.0002 0 NA
10.00 0.03000 10.0 0.00000 0 -25.000 -0.2000 -25.001 -0.0002 0 NA
15.00 0.03000 15.0 0.00000 0 -25.000 -0.2000 -25.001 -0.0001 0 NA
20.00 0.03000 20.0 0.00000 0 -25.000 -0.2000 -25.001 -0.0001 0 NA
25.00 0.03000 25.0 0.00000 0 -25.000 -0.2000 -25.001 -0.0001 0 NA
30.00 0.03000 30.0 0.00000 0 -25.000 -0.2000 -25.001 -0.0002 0 NA
35.00 0.03000 35.0 0.00000 0 -25.000 -0.2000 -25.001 -0.0001 0 NA
40.00 0.03000 40.0 0.00000 0 -25.000 -0.2000 -25.001 -0.0002 0 NA
45.00 0.03000 45.0 0.00000 0 -25.000 -0.2000 -25.001 -0.0001 0 NA
50.00 0.03000 50.0 0.00000 0 -25.000 -0.2000 -25.001 -0.0002 0 NA
55.00 0.03000 55.0 0.00000 0 -25.000 -0.2000 -25.001 -0.0001 0 NA
60.00 0.03000 60.0 0.00000 0 -25.000 -0.2000 -25.001 -0.0001 0 NA
65.00 0.03000 65.0 0.00000 0 -25.000 -0.2000 -25.001 -0.0002 0 NA
70.00 0.03000 70.0 0.00000 0 -25.000 -0.2000 -25.001 -0.0002 0 NA
75.00 0.03000 75.0 0.00000 0 -25.000 -0.2000 -25.001 -0.0001 0 NA
80.00 0.03000 80.0 0.00000 0 -25.000 -0.2000 -25.001 -0.0001 0 NA
85.00 0.03000 85.0 0.00000 0 -25.000 -0.2000 -25.001 -0.0001 0 NA
90.00 0.03000 90.0 0.00000 0 -25.000 -0.2000 -25.001 -0.0002 0 NA
95.00 0.03000 95.0 0.00000 0 -25.000 -0.2000 -25.001 -0.0001 0 NA
100.00 0.03000 100.0 0.00000 0 -25.000 -0.2000 -25.001 -0.0001 0 NA
105.00 0.03000 105.0 0.00000 0 -25.000 -0.2000 -25.001 -0.0001 0 NA
110.00 0.03000 110.0 0.00000 0 -25.000 -0.2000 -25.001 -0.0002 0 NA
115.00 0.03000 115.0 0.00000 0 -25.000 -0.2000 -25.001 -0.0002 0 NA
120.00 0.03000 120.0 0.00000 0 -25.000 -0.2000 -25.001 -0.0002 0 NA
125.00 0.03000 125.0 0.00000 0 -25.000 -0.2000 -25.001 -0.0001 0 NA
130.00 0.03000 130.0 0.00000 0 -25.000 -0.2000 -25.001 -0.0002 0 NA
135.00 0.03000 135.0 0.00000 0 -25.000 -0.2000 -25.001 -0.0001 0 NA
140.00 0.03000 140.0 0.00000 0 -25.000 -0.2000 -25.001 -0.0001 0 NA
145.00 0.03000 145.0 0.00000 0 -25.000 -0.2000 -25.001 -0.0001 0 NA
150.00 0.03000 150.0 0.00000 0 -25.000 -0.2000 -25.001 -0.0001 0 NA
155.00 0.03000 155.0 0.00000 0 -25.000 -0.2000 -25.001 -0.0001 0 NA
160.00 0.03000 160.0 0.00000 0 -25.000 -0.2000 -25.001 -0.0001 0 NA
165.00 0.03000 165.0 0.00000 0 -25.000 -0.2000 -25.001 -0.0001 0 NA
170.00 0.03000 170.0 0.00000 0 -25.000 -0.2000 -25.001 -0.0002 0 NA
175.00 0.03000 175.0 0.00000 0 -25.000 -0.2000 -25.001 -0.0001 0 NA
180.00 0.03000 180.0 0.00000 0 -25.000 -0.2000 -25.001 -0.0001 0 NA
185.00 0.03000 185.0 0.00006 0 -25.000 -0.2000 -25.001 -0.0002 0 NA
190.00 0.03000 190.0 0.00010 0 -25.000 -0.2000 -25.001 -0.0001 0 NA
195.00 0.03000 195.0 0.00016 0 -25.000 -0.2000 -25.001 -0.0001 0 NA
200.00 0.03000 200.0 0.00026 0 -25.000 -0.2000 -25.001 -0.0001 0 NA
205.00 0.03000 205.0 0.00039 0 -25.000 -0.2000 -25.001 -0.0001 0 NA
210.00 0.03000 210.0 0.00057 0 -25.000 -0.2000 -25.001 -0.0001 0 NA
215.00 0.03000 215.0 0.00079 0 -25.000 -0.2000 -25.001 -0.0001 0 NA
220.00 0.03000 220.0 0.00107 0 -25.000 -0.2000 -25.001 -0.0001 0 NA
225.00 0.03000 225.0 0.00141 0 -25.000 -0.2000 -25.001 -0.0002 0 NA
230.00 0.03000 230.1 0.00178 0 -25.000 -0.2000 -25.001 -0.0001 0 NA
235.00 0.03000 235.1 0.00221 0 -25.000 -0.2000 -25.001 -0.0001 0 NA
240.00 0.03000 240.1 0.00269 0 -25.000 -0.2000 -25.001 -0.0002 0 NA
245.00 0.03000 245.1 0.00322 0 -25.000 -0.2000 -25.001 -0.0001 0 NA
250.00 0.03000 250.1 0.00380 0 -25.000 -0.2000 -25.001 -0.0001 0 NA
255.00 0.03000 255.0 0.00443 0 -25.000 -0.2000 -25.001 -0.0001 0 NA
260.00 0.03000 260.1 0.00511 0 -25.000 -0.2000 -25.001 -0.0001 0 NA
265.00 0.03000 265.0 0.00582 0 -25.000 -0.2000 -25.001 -0.0001 0 NA
270.00 0.03000 270.1 0.00659 0 -25.000 -0.2000 -25.001 -0.0001 0 NA
275.00 0.03000 275.0 0.00739 0 -25.000 -0.2000 -25.001 -0.0001 0 NA
280.00 0.03000 280.1 0.00823 0 -25.000 -0.2000 -25.001 -0.0001 0 NA
285.00 0.03000 285.0 0.00912 0 -25.000 -0.2000 -25.001 -0.0001 0 NA
290.00 0.03000 290.1 0.01004 0 -25.000 -0.2000 -25.001 -0.0001 0 NA
295.00 0.03000 295.0 0.01100 0 -25.000 -0.2000 -25.001 -0.0001 0 NA
300.00 0.03000 300.0 0.01199 0 -25.000 -0.2000 -25.001 -0.0001 0 NA
305.00 0.03000 305.0 0.01302 0 -25.000 -0.2000 -25.001 -0.0001 0 NA
310.00 0.03000 310.1 0.01407 0 -25.000 -0.2000 -25.001 -0.0001 0 NA
315.00 0.03000 315.0 0.01515 0 -25.000 -0.2000 -25.001 -0.0001 0 NA
320.00 0.03000 320.1 0.01626 0 -25.000 -0.2000 -25.001 -0.0001 0 NA
325.00 0.03000 325.0 0.01739 0 -25.000 -0.2000 -25.001 -0.0002 0 NA
330.00 0.03000 330.0 0.01856 0 -25.000 -0.2000 -25.001 -0.0002 0 NA
335.00 0.03000 335.0 0.01975 0 -25.000 -0.2000 -25.001 -0.0001 0 NA
340.00 0.03000 340.0 0.02097 0 -25.000 -0.2000 -25.001 -0.0001 0 NA
345.00 0.03000 345.0 0.02221 0 -25.000 -0.2000 -25.001 -0.0001 0 NA
350.00 0.03000 350.0 0.02348 0 -25.000 -0.2000 -25.001 -0.0001 0 NA
355.00 0.03000 355.0 0.02477 0 -25.000 -0.2000 -25.001 -0.0002 0 NA
360.00 0.03000 360.0 0.02609 0 -25.000 -0.2000 -25.001 -0.0002 0 NA
365.00 0.03000 365.0 0.02743 0 -25.000 -0.2000 -25.001 -0.0001 0 NA
370.00 0.03000 370.0 0.02881 0 -25.000 -0.2000 -25.001 -0.0002 0 NA
375.00 0.03000 375.0 0.03020 1 -25.000 -0.2000 -25.001 -0.0001 0 NA
0.00 0.03000 0.1 0.00000 0 -30.000 -0.1667 -30.001 -0.0000 0 NA
5.00 0.03000 5.0 0.00000 0 -30.000 -0.1667 -30.001 -0.0000 0 NA
10.00 0.03000 10.0 0.00000 0 -30.000 -0.1667 -30.000 -0.0000 0 NA
15.00 0.03000 15.0 0.00000 0 -30.000 -0.1667 -30.001 -0.0000 0 NA
20.00 0.03000 20.0 0.00000 0 -30.000 -0.1667 -30.001 -0.0000 0 NA
25.00 0.03000 25.0 0.00000 0 -30.000 -0.1667 -30.001 -0.0000 0 NA
30.00 0.03000 30.0 0.00000 0 -30.000 -0.1667 -30.001 -0.0001 0 NA
35.00 0.03000 35.0 0.00000 0 -30.000 -0.1667 -30.000 -0.0001 0 NA
40.00 0.03000 40.0 0.00000 0 -30.000 -0.1667 -30.001 -0.0001 0 NA
45.00 0.03000 45.0 0.00000 0 -30.000 -0.1667 -30.001 -0.0001 0 NA
50.00 0.03000 50.0 0.00000 0 -30.000 -0.1667 -30.001 -0.0001 0 NA
55.00 0.03000 55.0 0.00000 0 -30.000 -0.1667 -30.001 -0.0001 0 NA
60.00 0.03000 60.0 0.00000 0 -30.000 -0.1667 -30.001 -0.0001 0 NA
65.00 0.03000 65.0 0.00000 0 -30.000 -0.1667 -30.001 -0.0001 0 NA
70.00 0.03000 70.0 0.00000 0 -30.000 -0.1667 -30.000 -0.0001 0 NA
75.00 0.03000 75.0 0.00000 0 -30.000 -0.1667 -30.001 -0.0001 0 NA
80.00 0.03000 80.0 0.00000 0 -30.000 -0.1667 -30.001 -0.0001 0 NA
85.00 0.03000 85.0 0.00000 0 -30.000 -0.1667 -30.001 -0.0001 0 NA
90.00 0.03000 90.0 0.00000 0 -30.000 -0.1667 -30.001 -0.0001 0 NA
95.00 0.03000 95.0 0.00000 0 -30.000 -0.1667 -30.001 -0.0001 0 NA
100.00 0.03000 100.0 0.00000 0 -30.000 -0.1667 -30.001 -0.0001 0 NA
105.00 0.03000 105.0 0.00000 0 -30.000 -0.1667 -30.001 -0.0001 0 NA
110.00 0.03000 110.0 0.00000 0 -30.000 -0.1667 -30.001 -0.0001 0 NA
115.00 0.03000 115.0 0.00000 0 -30.000 -0.1667 -30.001 -0.0001 0 NA
120.00 0.03000 120.0 0.00000 0 -30.000 -0.1667 -30.001 -0.0001 0 NA
125.00 0.03000 125.0 0.00000 0 -30.000 -0.1667 -30.000 -0.0001 0 NA
130.00 0.03000 130.0 0.00000 0 -30.000 -0.1667 -30.001 -0.0001 0 NA
135.00 0.03000 135.0 0.00000 0 -30.000 -0.1667 -30.001 -0.0001 0 NA
140.00 0.03000 140.0 0.00000 0 -30.000 -0.1667 -30.001 -0.0001 0 NA
145.00 0.03000 145.0 0.00000 0 -30.000 -0.1667 -30.001 -0.0001 0 NA
150.00 0.03000 150.0 0.00000 0 -30.000 -0.1667 -30.001 -0.0001 0 NA
155.00 0.03000 155.0 0.00000 0 -30.000 -0.1667 -30.001 -0.0001 0 NA
160.00 0.03000 160.0 0.00000 0 -30.000 -0.1667 -30.001 -0.0001 0 NA
165.00 0.03000 165.0 0.00000 0 -30.000 -0.1667 -30.001 -0.0001 0 NA
170.00 0.03000 170.0 0.00000 0 -30.000 -0.1667 -30.001 -0.0002 0 NA
175.00 0.03000 175.0 0.00000 0 -30.000 -0.1667 -30.001 -0.0001 0 NA
180.00 0.03000 180.0 0.00000 0 -30.000 -0.1667 -30.001 -0.0001 0 NA
185.00 0.03000 185.0 0.00000 0 -30.000 -0.1667 -30.001 -0.0001 0 NA
190.00 0.03000 190.0 0.00000 0 -30.000 -0.1667 -30.001 -0.0002 0 NA
195.00 0.03000 195.0 0.00000 0 -30.000 -0.1667 -30.000 -0.0001 0 NA
200.00 0.03000 200.0 0.00000 0 -30.000 -0.1667 -30.001 -0.0001 0 NA
205.00 0.03000 205.0 0.00000 0 -30.000 -0.1667 -30.001 -0.0001 0 NA
210.00 0.03000 210.0 0.00000 0 -30.000 -0.1667 -30.001 -0.0001 0 NA
215.00 0.03000 215.0 0.00000 0 -30.000 -0.1667 -30.000 -0.0001 0 NA
220.00 0.03000 220.0 0.00005 0 -30.000 -0.1667 -30.001 -0.0001 0 NA
225.00 0.03000 225.0 0.00008 0 -30.000 -0.1667 -30.001 -0.0001 0 NA
230.00 0.03000 230.1 0.00014 0 -30.000 -0.1667 -30.001 -0.0001 0 NA
235.00 0.03000 235.1 0.00021 0 -30.000 -0.1667 -30.001 -0.0001 0 NA
240.00 0.03000 240.1 0.00034 0 -30.000 -0.1667 -30.001 -0.0001 0 NA
245.00 0.03000 245.1 0.00049 0 -30.000 -0.1667 -30.001 -0.0001 0 NA
250.00 0.03000 250.1 0.00070 0 -30.000 -0.1667 -30.001 -0.0001 0 NA
255.00 0.03000 255.1 0.00095 0 -30.000 -0.1667 -30.001 -0.0001 0 NA
260.00 0.03000 260.1 0.00126 0 -30.000 -0.1667 -30.001 -0.0001 0 NA
265.00 0.03000 265.0 0.00161 0 -30.000 -0.1667 -30.001 -0.0001 0 NA
270.00 0.03000 270.1 0.00201 0 -30.000 -0.1667 -30.001 -0.0001 0 NA
275.00 0.03000 275.0 0.00247 0 -30.000 -0.1667 -30.001 -0.0002 0 NA
280.00 0.03000 280.1 0.00297 0 -30.000 -0.1667 -30.001 -0.0001 0 NA
285.00 0.03000 285.0 0.00352 0 -30.000 -0.1667 -30.001 -0.0001 0 NA
290.00 0.03000 290.1 0.00411 0 -30.000 -0.1667 -30.001 -0.0001 0 NA
295.00 0.03000 295.0 0.00475 0 -30.000 -0.1667 -30.001 -0.0001 0 NA
300.00 0.03000 300.0 0.00545 0 -30.000 -0.1667 -30.001 -0.0001 0 NA
305.00 0.03000 305.0 0.00618 0 -30.000 -0.1667 -30.001 -0.0001 0 NA
310.00 0.03000 310.1 0.00696 0 -30.000 -0.1667 -30.001 -0.0001 0 NA
315.00 0.03000 315.0 0.00778 0 -30.000 -0.1667 -30.001 -0.0001 0 NA
320.00 0.03000 320.1 0.00865 0 -30.000 -0.1667 -30.001 -0.0001 0 NA
325.00 0.03000 325.0 0.00954 0 -30.000 -0.1667 -30.001 -0.0001 0 NA
330.00 0.03000 330.0 0.01047 0 -30.000 -0.1667 -30.001 -0.0001 0 NA
335.00 0.03000 335.0 0.01144 0 -30.000 -0.1667 -30.001 -0.0001 0 NA
340.00 0.03000 340.1 0.01245 0 -30.000 -0.1667 -30.001 -0.0001 0 NA
345.00 0.03000 345.0 0.01349 0 -30.000 -0.1667 -30.001 -0.0001 0 NA
350.00 0.03000 350.0 0.01456 0 -30.000 -0.1667 -30.001 -0.0001 0 NA
355.00 0.03000 355.0 0.01566 0 -30.000 -0.1667 -30.001 -0.0001 0 NA
360.00 0.03000 360.0 0.01679 0 -30.000 -0.1667 -30.001 -0.0001 0 NA
365.00 0.03000 365.0 0.01794 0 -30.000 -0.1667 -30.001 -0.0001 0 NA
370.00 0.03000 370.0 0.01912 0 -30.000 -0.1667 -30.001 -0.0001 0 NA
375.00 0.03000 375.0 0.02033 0 -30.000 -0.1667 -30.001 -0.0001 0 NA
380.00 0.03000 380.0 0.02157 0 -30.000 -0.1667 -30.001 -0.0001 0 NA
385.00 0.03000 385.0 0.02283 0 -30.000 -0.1667 -30.001 -0.0002 0 NA
390.00 0.03000 390.0 0.02413 0 -30.000 -0.1667 -30.001 -0.0001 0 NA
395.00 0.03000 395.0 0.02545 0 -30.000 -0.1667 -30.001 -0.0001 0 NA
400.00 0.03000 400.0 0.02678 0 -30.000 -0.1667 -30.001 -0.0001 0 NA
405.00 0.03000 405.0 0.02821 0 -30.000 -0.1667 -30.001 -0.0001 0 NA
410.00 0.03000 410.0 0.02959 0 -30.000 -0.1667 -30.001 -0.0001 0 NA
415.00 0.03000 415.0 0.03101 1 -30.000 -0.1667 -30.001 -0.0001 0 NA
0.00 0.03000 0.1 0.00000 0 -35.000 -0.1429 -35.000 -0.0001 0 NA
5.00 0.03000 5.0 0.00000 0 -35.000 -0.1429 -35.000 -0.0001 0 NA
10.00 0.03000 10.0 0.00000 0 -35.000 -0.1429 -35.000 -0.0001 0 NA
15.00 0.03000 15.0 0.00000 0 -35.000 -0.1429 -35.000 -0.0001 0 NA
20.00 0.03000 20.0 0.00000 0 -35.000 -0.1429 -35.000 -0.0001 0 NA
25.00 0.03000 25.0 0.00000 0 -35.000 -0.1429 -35.000 -0.0001 0 NA
30.00 0.03000 30.0 0.00000 0 -35.000 -0.1429 -35.000 -0.0001 0 NA
35.00 0.03000 35.0 0.00000 0 -35.000 -0.1429 -35.000 -0.0001 0 NA
40.00 0.03000 40.0 0.00000 0 -35.000 -0.1429 -35.000 -0.0001 0 NA
45.00 0.03000 45.0 0.00000 0 -35.000 -0.1429 -35.000 -0.0001 0 NA
50.00 0.03000 50.0 0.00000 0 -35.000 -0.1429 -35.000 -0.0001 0 NA
55.00 0.03000 55.0 0.00000 0 -35.000 -0.1429 -35.000 -0.0001 0 NA
60.00 0.03000 60.0 0.00000 0 -35.000 -0.1429 -35.000 -0.0001 0 NA
65.00 0.03000 65.0 0.00000 0 -35.000 -0.1429 -35.000 -0.0002 0 NA
70.00 0.03000 70.0 0.00000 0 -35.000 -0.1429 -35.000 -0.0001 0 NA
75.00 0.03000 75.0 0.00000 0 -35.000 -0.1429 -35.000 -0.0001 0 NA
80.00 0.03000 80.0 0.00000 0 -35.000 -0.1429 -35.000 -0.0001 0 NA
85.00 0.03000 85.0 0.00000 0 -35.000 -0.1429 -34.999 -0.0001 0 NA
90.00 0.03000 90.0 0.00000 0 -35.000 -0.1429 -35.000 -0.0001 0 NA
95.00 0.03000 95.0 0.00000 0 -35.000 -0.1429 -35.000 -0.0001 0 NA
100.00 0.03000 100.0 0.00000 0 -35.000 -0.1429 -35.000 -0.0001 0 NA
105.00 0.03000 105.0 0.00000 0 -35.000 -0.1429 -35.000 -0.0001 0 NA
110.00 0.03000 110.0 0.00000 0 -35.000 -0.1429 -35.000 -0.0001 0 NA
115.00 0.03000 110.0 0.00000 0 -35.000 -0.1429 -35.000 -0.0001 0 NA
120.00 0.03000 120.0 0.00000 0 -35.000 -0.1429 -34.999 -0.0001 0 NA
125.00 0.03000 125.0 0.00000 0 -35.000 -0.1429 -35.000 -0.0001 0 NA
130.00 0.03000 130.0 0.00000 0 -35.000 -0.1429 -35.000 -0.0001 0 NA
135.00 0.03000 135.0 0.00000 0 -35.000 -0.1429 -35.000 -0.0001 0 NA
140.00 0.03000 140.0 0.00000 0 -35.000 -0.1429 -35.000 -0.0001 0 NA
145.00 0.03000 145.0 0.00000 0 -35.000 -0.1429 -35.000 -0.0001 0 NA
150.00 0.03000 150.0 0.00000 0 -35.000 -0.1429 -35.000 -0.0001 0 NA
155.00 0.03000 155.0 0.00000 0 -35.000 -0.1429 -35.000 -0.0001 0 NA
160.00 0.03000 160.0 0.00000 0 -35.000 -0.1429 -35.000 -0.0001 0 NA
165.00 0.03000 165.0 0.00000 0 -35.000 -0.1429 -35.000 -0.0001 0 NA
170.00 0.03000 170.0 0.00000 0 -35.000 -0.1429 -35.000 -0.0001 0 NA
175.00 0.03000 175.0 0.00000 0 -35.000 -0.1429 -35.000 -0.0001 0 NA
180.00 0.03000 180.0 0.00000 0 -35.000 -0.1429 -35.000 -0.0001 0 NA
185.00 0.03000 185.0 0.00000 0 -35.000 -0.1429 -35.000 -0.0001 0 NA
190.00 0.03000 190.0 0.00000 0 -35.000 -0.1429 -35.000 -0.0001 0 NA
195.00 0.03000 195.0 0.00000 0 -35.000 -0.1429 -35.000 -0.0001 0 NA
200.00 0.03000 200.0 0.00000 0 -35.000 -0.1429 -35.000 -0.0001 0 NA
205.00 0.03000 205.0 0.00000 0 -35.000 -0.1429 -35.000 -0.0001 0 NA
210.00 0.03000 210.0 0.00000 0 -35.000 -0.1429 -35.000 -0.0001 0 NA
215.00 0.03000 215.0 0.00000 0 -35.000 -0.1429 -34.999 -0.0001 0 NA
220.00 0.03000 220.0 0.00000 0 -35.000 -0.1429 -35.000 -0.0001 0 NA
225.00 0.03000 225.0 0.00000 0 -35.000 -0.1429 -35.000 -0.0001 0 NA
230.00 0.03000 230.1 0.00000 0 -35.000 -0.1429 -35.000 -0.0001 0 NA
235.00 0.03000 235.1 0.00000 0 -35.000 -0.1429 -35.000 -0.0001 0 NA
240.00 0.03000 240.1 0.00000 0 -35.000 -0.1429 -35.000 -0.0001 0 NA
245.00 0.03000 245.1 0.00000 0 -35.000 -0.1429 -35.000 -0.0001 0 NA
250.00 0.03000 250.1 0.00000 0 -35.000 -0.1429 -35.000 -0.0001 0 NA
255.00 0.03000 255.1 0.00005 0 -35.000 -0.1429 -35.000 -0.0001 0 NA
260.00 0.03000 260.1 0.00007 0 -35.000 -0.1429 -35.000 -0.0001 0 NA
265.00 0.03000 265.0 0.00012 0 -35.000 -0.1429 -35.000 -0.0001 0 NA
270.00 0.03000 270.1 0.00019 0 -35.000 -0.1429 -35.000 -0.0001 0 NA
275.00 0.03000 275.0 0.00029 0 -35.000 -0.1429 -35.000 -0.0001 0 NA
280.00 0.03000 280.1 0.00043 0 -35.000 -0.1429 -35.000 -0.0001 0 NA
285.00 0.03000 285.0 0.00062 0 -35.000 -0.1429 -35.000 -0.0001 0 NA
290.00 0.03000 290.1 0.00085 0 -35.000 -0.1429 -35.000 -0.0001 0 NA
295.00 0.03000 295.0 0.00113 0 -35.000 -0.1429 -35.000 -0.0001 0 NA
300.00 0.03000 300.0 0.00146 0 -35.000 -0.1429 -35.000 -0.0001 0 NA
305.00 0.03000 305.0 0.00184 0 -35.000 -0.1429 -35.000 -0.0001 0 NA
310.00 0.03000 310.1 0.00227 0 -35.000 -0.1429 -35.000 -0.0001 0 NA
315.00 0.03000 315.0 0.00274 0 -35.000 -0.1429 -35.000 -0.0001 0 NA
320.00 0.03000 320.1 0.00326 0 -35.000 -0.1429 -35.000 -0.0001 0 NA
325.00 0.03000 325.0 0.00383 0 -35.000 -0.1429 -35.000 -0.0002 0 NA
330.00 0.03000 330.0 0.00445 0 -35.000 -0.1429 -35.000 -0.0001 0 NA
335.00 0.03000 335.0 0.00511 0 -35.000 -0.1429 -35.000 -0.0001 0 NA
340.00 0.03000 340.0 0.00582 0 -35.000 -0.1429 -35.000 -0.0001 0 NA
345.00 0.03000 345.0 0.00657 0 -35.000 -0.1429 -35.000 -0.0001 0 NA
350.00 0.03000 350.0 0.00738 0 -35.000 -0.1429 -35.000 -0.0001 0 NA
355.00 0.03000 355.0 0.00821 0 -35.000 -0.1429 -35.000 -0.0001 0 NA
360.00 0.03000 360.0 0.00908 0 -35.000 -0.1429 -35.000 -0.0001 0 NA
365.00 0.03000 365.0 0.01000 0 -35.000 -0.1429 -35.000 -0.0001 0 NA
370.00 0.03000 370.0 0.01094 0 -35.000 -0.1429 -35.000 -0.0001 0 NA
375.00 0.03000 375.0 0.01193 0 -35.000 -0.1429 -35.000 -0.0001 0 NA
380.00 0.03000 380.0 0.01295 0 -35.000 -0.1429 -35.000 -0.0001 0 NA
385.00 0.03000 385.0 0.01400 0 -35.000 -0.1429 -35.000 -0.0001 0 NA
390.00 0.03000 390.0 0.01509 0 -35.000 -0.1429 -35.000 -0.0001 0 NA
395.00 0.03000 395.0 0.01620 0 -35.000 -0.1429 -35.000 -0.0001 0 NA
400.00 0.03000 400.0 0.01735 0 -35.000 -0.1429 -35.000 -0.0001 0 NA
405.00 0.03000 405.0 0.01854 0 -35.000 -0.1429 -35.000 -0.0002 0 NA
410.00 0.03000 410.0 0.01974 0 -35.000 -0.1429 -35.000 -0.0001 0 NA
415.00 0.03000 415.0 0.02097 0 -35.000 -0.1429 -35.000 -0.0001 0 NA
420.00 0.03000 420.0 0.02221 0 -35.000 -0.1429 -35.000 -0.0001 0 NA
425.00 0.03000 425.0 0.02350 0 -35.000 -0.1429 -35.000 -0.0001 0 NA
430.00 0.03000 430.0 0.02483 0 -35.000 -0.1429 -35.000 -0.0001 0 NA
435.00 0.03000 435.0 0.02618 0 -35.000 -0.1429 -35.000 -0.0001 0 NA
440.00 0.03000 440.0 0.02754 0 -35.000 -0.1429 -35.000 -0.0001 0 NA
445.00 0.03000 445.0 0.02895 0 -35.000 -0.1429 -35.000 -0.0002 0 NA
450.00 0.03000 450.0 0.03038 1 -35.000 -0.1429 -35.000 -0.0001 0 NA
0.00 0.03000 0.1 0.00000 0 -40.000 -0.1250 -39.999 -0.0001 0 NA
5.00 0.03000 5.0 0.00000 0 -40.000 -0.1250 -39.999 -0.0001 0 NA
10.00 0.03000 10.0 0.00000 0 -40.000 -0.1250 -39.999 -0.0001 0 NA
15.00 0.03000 15.0 0.00000 0 -40.000 -0.1250 -40.000 -0.0001 0 NA
20.00 0.03000 20.0 0.00000 0 -40.000 -0.1250 -39.999 -0.0001 0 NA
25.00 0.03000 25.0 0.00000 0 -40.000 -0.1250 -39.999 -0.0001 0 NA
30.00 0.03000 30.0 0.00000 0 -40.000 -0.1250 -39.999 -0.0001 0 NA
35.00 0.03000 35.0 0.00000 0 -40.000 -0.1250 -40.000 -0.0001 0 NA
40.00 0.03000 40.0 0.00000 0 -40.000 -0.1250 -39.999 -0.0001 0 NA
45.00 0.03000 45.0 0.00000 0 -40.000 -0.1250 -40.000 -0.0001 0 NA
50.00 0.03000 50.0 0.00000 0 -40.000 -0.1250 -39.999 -0.0001 0 NA
55.00 0.03000 55.0 0.00000 0 -40.000 -0.1250 -40.000 -0.0001 0 NA
60.00 0.03000 60.0 0.00000 0 -40.000 -0.1250 -39.999 -0.0001 0 NA
65.00 0.03000 65.0 0.00000 0 -40.000 -0.1250 -39.999 -0.0001 0 NA
70.00 0.03000 70.0 0.00000 0 -40.000 -0.1250 -40.000 -0.0001 0 NA
75.00 0.03000 75.0 0.00000 0 -40.000 -0.1250 -39.999 -0.0001 0 NA
80.00 0.03000 80.0 0.00000 0 -40.000 -0.1250 -39.999 -0.0001 0 NA
85.00 0.03000 85.0 0.00000 0 -40.000 -0.1250 -39.999 -0.0001 0 NA
90.00 0.03000 90.0 0.00000 0 -40.000 -0.1250 -39.999 -0.0001 0 NA
95.00 0.03000 95.0 0.00000 0 -40.000 -0.1250 -39.999 -0.0001 0 NA
100.00 0.03000 100.0 0.00000 0 -40.000 -0.1250 -40.000 -0.0001 0 NA
105.00 0.03000 105.0 0.00000 0 -40.000 -0.1250 -39.999 -0.0001 0 NA
110.00 0.03000 110.0 0.00000 0 -40.000 -0.1250 -39.999 -0.0001 0 NA
115.00 0.03000 115.0 0.00000 0 -40.000 -0.1250 -39.999 -0.0001 0 NA
120.00 0.03000 120.0 0.00000 0 -40.000 -0.1250 -40.000 -0.0001 0 NA
125.00 0.03000 125.0 0.00000 0 -40.000 -0.1250 -39.999 -0.0001 0 NA
130.00 0.03000 130.0 0.00000 0 -40.000 -0.1250 -39.999 -0.0001 0 NA
135.00 0.03000 135.0 0.00000 0 -40.000 -0.1250 -39.999 -0.0001 0 NA
140.00 0.03000 140.0 0.00000 0 -40.000 -0.1250 -39.999 -0.0001 0 NA
145.00 0.03000 145.0 0.00000 0 -40.000 -0.1250 -40.000 -0.0001 0 NA
150.00 0.03000 150.0 0.00000 0 -40.000 -0.1250 -39.999 -0.0001 0 NA
155.00 0.03000 155.0 0.00000 0 -40.000 -0.1250 -40.000 -0.0001 0 NA
160.00 0.03000 160.0 0.00000 0 -40.000 -0.1250 -39.999 -0.0001 0 NA
165.00 0.03000 165.0 0.00000 0 -40.000 -0.1250 -39.999 -0.0001 0 NA
170.00 0.03000 170.0 0.00000 0 -40.000 -0.1250 -39.999 -0.0001 0 NA
175.00 0.03000 175.0 0.00000 0 -40.000 -0.1250 -39.999 -0.0001 0 NA
180.00 0.03000 180.0 0.00000 0 -40.000 -0.1250 -40.000 -0.0001 0 NA
185.00 0.03000 185.0 0.00000 0 -40.000 -0.1250 -40.000 -0.0001 0 NA
190.00 0.03000 190.0 0.00000 0 -40.000 -0.1250 -39.999 -0.0001 0 NA
195.00 0.03000 195.0 0.00000 0 -40.000 -0.1250 -39.999 -0.0001 0 NA
200.00 0.03000 200.0 0.00000 0 -40.000 -0.1250 -40.000 -0.0001 0 NA
205.00 0.03000 205.0 0.00000 0 -40.000 -0.1250 -39.999 -0.0001 0 NA
210.00 0.03000 210.0 0.00000 0 -40.000 -0.1250 -39.999 -0.0001 0 NA
215.00 0.03000 215.0 0.00000 0 -40.000 -0.1250 -40.000 -0.0001 0 NA
220.00 0.03000 220.0 0.00000 0 -40.000 -0.1250 -40.000 -0.0001 0 NA
225.00 0.03000 225.0 0.00000 0 -40.000 -0.1250 -39.999 -0.0001 0 NA
230.00 0.03000 230.1 0.00000 0 -40.000 -0.1250 -39.999 -0.0001 0 NA
235.00 0.03000 235.1 0.00000 0 -40.000 -0.1250 -39.999 -0.0001 0 NA
240.00 0.03000 240.1 0.00000 0 -40.000 -0.1250 -39.999 -0.0001 0 NA
245.00 0.03000 245.1 0.00000 0 -40.000 -0.1250 -39.999 -0.0001 0 NA
250.00 0.03000 250.1 0.00000 0 -40.000 -0.1250 -39.999 -0.0001 0 NA
255.00 0.03000 255.0 0.00000 0 -40.000 -0.1250 -40.000 -0.0001 0 NA
260.00 0.03000 260.1 0.00000 0 -40.000 -0.1250 -40.000 -0.0001 0 NA
265.00 0.03000 265.0 0.00000 0 -40.000 -0.1250 -39.999 -0.0001 0 NA
270.00 0.03000 270.1 0.00000 0 -40.000 -0.1250 -39.999 -0.0001 0 NA
275.00 0.03000 275.0 0.00000 0 -40.000 -0.1250 -40.000 -0.0001 0 NA
280.00 0.03000 280.1 0.00000 0 -40.000 -0.1250 -39.999 -0.0001 0 NA
285.00 0.03000 285.0 0.00000 0 -40.000 -0.1250 -39.999 -0.0001 0 NA
290.00 0.03000 290.1 0.00005 0 -40.000 -0.1250 -40.000 -0.0001 0 NA
295.00 0.03000 295.0 0.00007 0 -40.000 -0.1250 -39.999 -0.0001 0 NA
300.00 0.03000 300.0 0.00010 0 -40.000 -0.1250 -39.999 -0.0001 0 NA
305.00 0.03000 305.0 0.00016 0 -40.000 -0.1250 -39.999 -0.0001 0 NA
310.00 0.03000 310.1 0.00025 0 -40.000 -0.1250 -39.999 -0.0001 0 NA
315.00 0.03000 315.0 0.00037 0 -40.000 -0.1250 -39.999 -0.0001 0 NA
320.00 0.03000 320.1 0.00054 0 -40.000 -0.1250 -39.999 -0.0001 0 NA
325.00 0.03000 325.0 0.00075 0 -40.000 -0.1250 -40.000 -0.0001 0 NA
330.00 0.03000 330.0 0.00101 0 -40.000 -0.1250 -39.999 -0.0001 0 NA
335.00 0.03000 335.0 0.00131 0 -40.000 -0.1250 -39.999 -0.0001 0 NA
340.00 0.03000 340.1 0.00167 0 -40.000 -0.1250 -39.999 -0.0001 0 NA
345.00 0.03000 345.0 0.00207 0 -40.000 -0.1250 -39.999 -0.0001 0 NA
350.00 0.03000 350.0 0.00252 0 -40.000 -0.1250 -39.999 -0.0001 0 NA
355.00 0.03000 355.0 0.00302 0 -40.000 -0.1250 -40.000 -0.0001 0 NA
360.00 0.03000 360.0 0.00356 0 -40.000 -0.1250 -39.999 -0.0001 0 NA
365.00 0.03000 365.0 0.00415 0 -40.000 -0.1250 -39.999 -0.0001 0 NA
370.00 0.03000 370.0 0.00479 0 -40.000 -0.1250 -39.999 -0.0001 0 NA
375.00 0.03000 375.0 0.00547 0 -40.000 -0.1250 -39.999 -0.0001 0 NA
380.00 0.03000 380.0 0.00620 0 -40.000 -0.1250 -39.999 -0.0001 0 NA
385.00 0.03000 385.0 0.00696 0 -40.000 -0.1250 -39.999 -0.0001 0 NA
390.00 0.03000 390.0 0.00778 0 -40.000 -0.1250 -40.000 -0.0001 0 NA
395.00 0.03000 395.0 0.00863 0 -40.000 -0.1250 -39.999 -0.0001 0 NA
400.00 0.03000 400.0 0.00952 0 -40.000 -0.1250 -39.999 -0.0001 0 NA
405.00 0.03000 405.0 0.01047 0 -40.000 -0.1250 -40.000 -0.0001 0 NA
410.00 0.03000 410.0 0.01143 0 -40.000 -0.1250 -39.999 -0.0001 0 NA
415.00 0.03000 415.0 0.01243 0 -40.000 -0.1250 -39.999 -0.0001 0 NA
420.00 0.03000 420.0 0.01347 0 -40.000 -0.1250 -39.999 -0.0001 0 NA
425.00 0.03000 425.0 0.01454 0 -40.000 -0.1250 -39.999 -0.0001 0 NA
430.00 0.03000 430.0 0.01564 0 -40.000 -0.1250 -39.999 -0.0001 0 NA
435.00 0.03000 435.0 0.01677 0 -40.000 -0.1250 -40.000 -0.0001 0 NA
440.00 0.03000 440.0 0.01793 0 -40.000 -0.1250 -39.999 -0.0001 0 NA
445.00 0.03000 445.0 0.01913 0 -40.000 -0.1250 -39.999 -0.0001 0 NA
450.00 0.03000 450.0 0.02036 0 -40.000 -0.1250 -39.999 -0.0001 0 NA
0.00 0.03000 0.1 0.00000 0 -45.000 -0.1111 -45.001 -0.0001 0 NA
5.00 0.03000 5.0 0.00000 0 -45.000 -0.1111 -45.001 -0.0001 0 NA
10.00 0.03000 10.0 0.00000 0 -45.000 -0.1111 -45.001 -0.0001 0 NA
15.00 0.03000 15.0 0.00000 0 -45.000 -0.1111 -45.001 -0.0001 0 NA
20.00 0.03000 20.0 0.00000 0 -45.000 -0.1111 -45.001 -0.0001 0 NA
25.00 0.03000 25.0 0.00000 0 -45.000 -0.1111 -45.002 -0.0001 0 NA
30.00 0.03000 30.0 0.00000 0 -45.000 -0.1111 -45.001 -0.0001 0 NA
35.00 0.03000 35.0 0.00000 0 -45.000 -0.1111 -45.002 -0.0001 0 NA
40.00 0.03000 40.0 0.00000 0 -45.000 -0.1111 -45.001 -0.0001 0 NA
45.00 0.03000 45.0 0.00000 0 -45.000 -0.1111 -45.001 -0.0001 0 NA
50.00 0.03000 50.0 0.00000 0 -45.000 -0.1111 -45.001 -0.0001 0 NA
55.00 0.03000 55.0 0.00000 0 -45.000 -0.1111 -45.001 -0.0001 0 NA
60.00 0.03000 60.0 0.00000 0 -45.000 -0.1111 -45.001 -0.0001 0 NA
65.00 0.03000 65.0 0.00000 0 -45.000 -0.1111 -45.001 -0.0001 0 NA
70.00 0.03000 70.0 0.00000 0 -45.000 -0.1111 -45.001 -0.0001 0 NA
75.00 0.03000 75.0 0.00000 0 -45.000 -0.1111 -45.001 -0.0001 0 NA
80.00 0.03000 80.0 0.00000 0 -45.000 -0.1111 -45.001 -0.0001 0 NA
85.00 0.03000 85.0 0.00000 0 -45.000 -0.1111 -45.001 -0.0001 0 NA
90.00 0.03000 90.0 0.00000 0 -45.000 -0.1111 -45.001 -0.0001 0 NA
95.00 0.03000 95.0 0.00000 0 -45.000 -0.1111 -45.000 -0.0001 0 NA
100.00 0.03000 100.0 0.00000 0 -45.000 -0.1111 -45.001 -0.0001 0 NA
105.00 0.03000 105.0 0.00000 0 -45.000 -0.1111 -45.001 -0.0001 0 NA
110.00 0.03000 110.0 0.00000 0 -45.000 -0.1111 -45.001 -0.0001 0 NA
115.00 0.03000 115.0 0.00000 0 -45.000 -0.1111 -45.001 -0.0001 0 NA
120.00 0.03000 120.0 0.00000 0 -45.000 -0.1111 -45.001 -0.0001 0 NA
125.00 0.03000 125.0 0.00000 0 -45.000 -0.1111 -45.001 -0.0001 0 NA
130.00 0.03000 130.0 0.00000 0 -45.000 -0.1111 -45.001 -0.0001 0 NA
135.00 0.03000 135.0 0.00000 0 -45.000 -0.1111 -45.002 -0.0001 0 NA
140.00 0.03000 140.0 0.00000 0 -45.000 -0.1111 -45.001 -0.0001 0 NA
145.00 0.03000 145.0 0.00000 0 -45.000 -0.1111 -45.001 -0.0001 0 NA
150.00 0.03000 150.0 0.00000 0 -45.000 -0.1111 -45.001 -0.0001 0 NA
155.00 0.03000 155.0 0.00000 0 -45.000 -0.1111 -45.001 -0.0001 0 NA
160.00 0.03000 160.0 0.00000 0 -45.000 -0.1111 -45.002 -0.0001 0 NA
165.00 0.03000 165.0 0.00000 0 -45.000 -0.1111 -45.002 -0.0001 0 NA
170.00 0.03000 170.0 0.00000 0 -45.000 -0.1111 -45.001 -0.0001 0 NA
175.00 0.03000 175.0 0.00000 0 -45.000 -0.1111 -45.001 -0.0001 0 NA
180.00 0.03000 180.0 0.00000 0 -45.000 -0.1111 -45.002 -0.0001 0 NA
185.00 0.03000 185.0 0.00000 0 -45.000 -0.1111 -45.001 -0.0001 0 NA
190.00 0.03000 190.0 0.00000 0 -45.000 -0.1111 -45.001 -0.0001 0 NA
195.00 0.03000 195.0 0.00000 0 -45.000 -0.1111 -45.002 -0.0001 0 NA
200.00 0.03000 200.0 0.00000 0 -45.000 -0.1111 -45.001 -0.0001 0 NA
205.00 0.03000 205.0 0.00000 0 -45.000 -0.1111 -45.001 -0.0001 0 NA
210.00 0.03000 210.0 0.00000 0 -45.000 -0.1111 -45.001 -0.0001 0 NA
215.00 0.03000 215.0 0.00000 0 -45.000 -0.1111 -45.001 -0.0001 0 NA
220.00 0.03000 220.0 0.00000 0 -45.000 -0.1111 -45.000 -0.0001 0 NA
225.00 0.03000 225.0 0.00000 0 -45.000 -0.1111 -45.001 -0.0001 0 NA
230.00 0.03000 230.1 0.00000 0 -45.000 -0.1111 -45.001 -0.0001 0 NA
235.00 0.03000 235.1 0.00000 0 -45.000 -0.1111 -45.001 -0.0001 0 NA
240.00 0.03000 240.1 0.00000 0 -45.000 -0.1111 -45.001 -0.0001 0 NA
245.00 0.03000 245.1 0.00000 0 -45.000 -0.1111 -45.001 -0.0001 0 NA
250.00 0.03000 250.1 0.00000 0 -45.000 -0.1111 -45.001 -0.0001 0 NA
255.00 0.03000 255.1 0.00000 0 -45.000 -0.1111 -45.001 -0.0001 0 NA
260.00 0.03000 260.1 0.00000 0 -45.000 -0.1111 -45.001 -0.0001 0 NA
265.00 0.03000 265.0 0.00000 0 -45.000 -0.1111 -45.001 -0.0001 0 NA
270.00 0.03000 270.1 0.00000 0 -45.000 -0.1111 -45.002 -0.0001 0 NA
275.00 0.03000 275.0 0.00000 0 -45.000 -0.1111 -45.001 -0.0001 0 NA
280.00 0.03000 280.1 0.00000 0 -45.000 -0.1111 -45.001 -0.0001 0 NA
285.00 0.03000 285.0 0.00000 0 -45.000 -0.1111 -45.002 -0.0001 0 NA
290.00 0.03000 290.1 0.00000 0 -45.000 -0.1111 -45.001 -0.0001 0 NA
295.00 0.03000 295.0 0.00000 0 -45.000 -0.1111 -45.001 -0.0001 0 NA
300.00 0.03000 300.0 0.00000 0 -45.000 -0.1111 -45.001 -0.0001 0 NA
305.00 0.03000 305.0 0.00000 0 -45.000 -0.1111 -45.001 -0.0001 0 NA
310.00 0.03000 310.1 0.00000 0 -45.000 -0.1111 -45.001 -0.0001 0 NA
315.00 0.03000 315.0 0.00000 0 -45.000 -0.1111 -45.002 -0.0001 0 NA
320.00 0.03000 320.1 0.00000 0 -45.000 -0.1111 -45.001 -0.0001 0 NA
325.00 0.03000 325.0 0.00000 0 -45.000 -0.1111 -45.001 -0.0001 0 NA
330.00 0.03000 330.0 0.00006 0 -45.000 -0.1111 -45.001 -0.0001 0 NA
335.00 0.03000 335.0 0.00009 0 -45.000 -0.1111 -45.001 -0.0001 0 NA
340.00 0.03000 340.1 0.00014 0 -45.000 -0.1111 -45.001 -0.0001 0 NA
345.00 0.03000 345.0 0.00022 0 -45.000 -0.1111 -45.001 -0.0001 0 NA
350.00 0.03000 350.0 0.00033 0 -45.000 -0.1111 -45.001 -0.0001 0 NA
355.00 0.03000 355.0 0.00048 0 -45.000 -0.1111 -45.001 -0.0001 0 NA
360.00 0.03000 360.0 0.00067 0 -45.000 -0.1111 -45.001 -0.0001 0 NA
365.00 0.03000 365.0 0.00090 0 -45.000 -0.1111 -45.001 -0.0001 0 NA
370.00 0.03000 370.0 0.00119 0 -45.000 -0.1111 -45.001 -0.0001 0 NA
375.00 0.03000 375.0 0.00152 0 -45.000 -0.1111 -45.001 -0.0001 0 NA
380.00 0.03000 380.0 0.00190 0 -45.000 -0.1111 -45.001 -0.0001 0 NA
385.00 0.03000 385.0 0.00232 0 -45.000 -0.1111 -45.001 -0.0001 0 NA
390.00 0.03000 390.0 0.00279 0 -45.000 -0.1111 -45.002 -0.0001 0 NA
395.00 0.03000 395.0 0.00332 0 -45.000 -0.1111 -45.001 -0.0001 0 NA
400.00 0.03000 400.0 0.00388 0 -45.000 -0.1111 -45.001 -0.0001 0 NA
405.00 0.03000 405.0 0.00449 0 -45.000 -0.1111 -45.002 -0.0001 0 NA
410.00 0.03000 410.0 0.00515 0 -45.000 -0.1111 -45.001 -0.0001 0 NA
415.00 0.03000 415.0 0.00585 0 -45.000 -0.1111 -45.001 -0.0001 0 NA
420.00 0.03000 420.0 0.00660 0 -45.000 -0.1111 -45.001 -0.0001 0 NA
425.00 0.03000 425.0 0.00738 0 -45.000 -0.1111 -45.001 -0.0001 0 NA
430.00 0.03000 430.0 0.00821 0 -45.000 -0.1111 -45.002 -0.0001 0 NA
435.00 0.03000 435.0 0.00908 0 -45.000 -0.1111 -45.001 -0.0001 0 NA
440.00 0.03000 440.0 0.00999 0 -45.000 -0.1111 -45.001 -0.0001 0 NA
445.00 0.03000 445.0 0.01093 0 -45.000 -0.1111 -45.002 -0.0001 0 NA
450.00 0.03000 450.0 0.01192 0 -45.000 -0.1111 -45.000 -0.0001 0 NA
