% * Sample: VT25_5_nobranding
% * Date / time: 2024-05-16 17:57:19.243359
% * R2CONTROL =  NOT SPECIFIED
% Column 1:  PSU1 nominal voltage setting (V)
% Column 2:  PSU1 nominal current setting (A)
% Column 3:  PSU1 voltage measurement (V)
% Column 4:  PSU1 current measurement (I)
% Column 5:  PSU1 limiter flag
% Column 6:  PSU2 nominal voltage setting (V)
% Column 7:  PSU2 nominal current setting (A)
% Column 8:  PSU2 voltage measurement (V)
% Column 9:  PSU2 current measurement (I)
% Column 10: PSU2 limiter flag
% Column 11: Heaterblock temperature (°C)
% * OPERATING POINT AT END OF PREHEAT / IDLE: U1 = 300.1 V  I1 = 0.02000 A  U2 = -18.333 V  I2 = -0.0002 A  T = NA °C
0.00 0.03000 0.1 0.00000 0 -0.000 -1.0000 -0.000 -0.0001 0 NA
5.00 0.03000 5.0 0.00011 0 -0.000 -1.0000 -0.000 -0.0002 0 NA
10.00 0.03000 10.0 0.00021 0 -0.000 -1.0000 -0.000 -0.0001 0 NA
15.00 0.03000 15.0 0.00033 0 -0.000 -1.0000 -0.000 -0.0001 0 NA
20.00 0.03000 20.0 0.00049 0 -0.000 -1.0000 -0.000 -0.0002 0 NA
25.00 0.03000 25.0 0.00071 0 -0.000 -1.0000 -0.000 -0.0001 0 NA
30.00 0.03000 30.0 0.00096 0 -0.000 -1.0000 -0.000 -0.0001 0 NA
35.00 0.03000 35.0 0.00126 0 -0.000 -1.0000 -0.000 -0.0001 0 NA
40.00 0.03000 40.0 0.00160 0 -0.000 -1.0000 -0.000 -0.0001 0 NA
45.00 0.03000 45.0 0.00199 0 -0.000 -1.0000 -0.000 -0.0001 0 NA
50.00 0.03000 50.0 0.00244 0 -0.000 -1.0000 -0.000 -0.0002 0 NA
55.00 0.03000 55.0 0.00293 0 -0.000 -1.0000 -0.000 -0.0001 0 NA
60.00 0.03000 60.0 0.00347 0 -0.000 -1.0000 -0.000 -0.0002 0 NA
65.00 0.03000 65.0 0.00408 0 -0.000 -1.0000 -0.000 -0.0002 0 NA
70.00 0.03000 70.0 0.00473 0 -0.000 -1.0000 -0.000 -0.0002 0 NA
75.00 0.03000 75.0 0.00542 0 -0.000 -1.0000 -0.000 -0.0002 0 NA
80.00 0.03000 80.0 0.00617 0 -0.000 -1.0000 -0.000 -0.0001 0 NA
85.00 0.03000 85.0 0.00695 0 -0.000 -1.0000 -0.000 -0.0002 0 NA
90.00 0.03000 90.0 0.00776 0 -0.000 -1.0000 -0.000 -0.0001 0 NA
95.00 0.03000 95.0 0.00860 0 -0.000 -1.0000 -0.000 -0.0002 0 NA
100.00 0.03000 100.0 0.00947 0 -0.000 -1.0000 -0.000 -0.0002 0 NA
105.00 0.03000 105.0 0.01037 0 -0.000 -1.0000 -0.000 -0.0002 0 NA
110.00 0.03000 110.0 0.01131 0 -0.000 -1.0000 -0.000 -0.0002 0 NA
115.00 0.03000 115.0 0.01227 0 -0.000 -1.0000 -0.000 -0.0002 0 NA
120.00 0.03000 120.0 0.01325 0 -0.000 -1.0000 -0.000 -0.0002 0 NA
125.00 0.03000 125.0 0.01425 0 -0.000 -1.0000 -0.000 -0.0001 0 NA
130.00 0.03000 130.0 0.01528 0 -0.000 -1.0000 -0.000 -0.0002 0 NA
135.00 0.03000 135.0 0.01633 0 -0.000 -1.0000 -0.000 -0.0002 0 NA
140.00 0.03000 140.0 0.01740 0 -0.000 -1.0000 -0.000 -0.0002 0 NA
145.00 0.03000 145.0 0.01850 0 -0.000 -1.0000 -0.000 -0.0002 0 NA
150.00 0.03000 150.0 0.01961 0 -0.000 -1.0000 -0.000 -0.0001 0 NA
155.00 0.03000 155.0 0.02075 0 -0.000 -1.0000 -0.000 -0.0001 0 NA
160.00 0.03000 160.0 0.02191 0 -0.000 -1.0000 -0.000 -0.0001 0 NA
165.00 0.03000 165.0 0.02307 0 -0.000 -1.0000 -0.000 -0.0001 0 NA
170.00 0.03000 170.0 0.02427 0 -0.000 -1.0000 -0.000 -0.0002 0 NA
175.00 0.03000 175.0 0.02548 0 -0.000 -1.0000 -0.000 -0.0001 0 NA
180.00 0.03000 180.0 0.02671 0 -0.000 -1.0000 -0.000 -0.0001 0 NA
185.00 0.03000 185.0 0.02796 0 -0.000 -1.0000 -0.000 -0.0002 0 NA
190.00 0.03000 190.0 0.02923 0 -0.000 -1.0000 -0.000 -0.0001 0 NA
195.00 0.03000 195.0 0.03050 1 -0.000 -1.0000 -0.000 -0.0002 0 NA
0.00 0.03000 0.1 0.00000 0 -5.000 -1.0000 -5.000 -0.0002 0 NA
5.00 0.03000 5.0 0.00000 0 -5.000 -1.0000 -5.000 -0.0002 0 NA
10.00 0.03000 10.0 0.00000 0 -5.000 -1.0000 -5.000 -0.0002 0 NA
15.00 0.03000 15.0 0.00000 0 -5.000 -1.0000 -5.000 -0.0002 0 NA
20.00 0.03000 20.0 0.00000 0 -5.000 -1.0000 -5.000 -0.0002 0 NA
25.00 0.03000 25.0 0.00000 0 -5.000 -1.0000 -4.999 -0.0002 0 NA
30.00 0.03000 30.0 0.00000 0 -5.000 -1.0000 -4.999 -0.0001 0 NA
35.00 0.03000 35.0 0.00000 0 -5.000 -1.0000 -5.000 -0.0001 0 NA
40.00 0.03000 40.0 0.00007 0 -5.000 -1.0000 -4.999 -0.0002 0 NA
45.00 0.03000 45.0 0.00014 0 -5.000 -1.0000 -4.999 -0.0002 0 NA
50.00 0.03000 50.0 0.00022 0 -5.000 -1.0000 -5.000 -0.0002 0 NA
55.00 0.03000 55.0 0.00035 0 -5.000 -1.0000 -5.000 -0.0002 0 NA
60.00 0.03000 60.0 0.00051 0 -5.000 -1.0000 -5.000 -0.0001 0 NA
65.00 0.03000 65.0 0.00071 0 -5.000 -1.0000 -5.000 -0.0002 0 NA
70.00 0.03000 70.0 0.00096 0 -5.000 -1.0000 -4.999 -0.0001 0 NA
75.00 0.03000 75.0 0.00125 0 -5.000 -1.0000 -5.000 -0.0001 0 NA
80.00 0.03000 80.0 0.00160 0 -5.000 -1.0000 -4.999 -0.0001 0 NA
85.00 0.03000 85.0 0.00199 0 -5.000 -1.0000 -4.999 -0.0002 0 NA
90.00 0.03000 90.0 0.00243 0 -5.000 -1.0000 -4.999 -0.0002 0 NA
95.00 0.03000 95.0 0.00291 0 -5.000 -1.0000 -5.000 -0.0001 0 NA
100.00 0.03000 100.0 0.00345 0 -5.000 -1.0000 -5.000 -0.0001 0 NA
105.00 0.03000 105.0 0.00404 0 -5.000 -1.0000 -4.999 -0.0002 0 NA
110.00 0.03000 110.0 0.00468 0 -5.000 -1.0000 -5.000 -0.0002 0 NA
115.00 0.03000 115.0 0.00536 0 -5.000 -1.0000 -4.999 -0.0001 0 NA
120.00 0.03000 120.0 0.00609 0 -5.000 -1.0000 -5.000 -0.0002 0 NA
125.00 0.03000 125.0 0.00686 0 -5.000 -1.0000 -5.000 -0.0001 0 NA
130.00 0.03000 130.0 0.00766 0 -5.000 -1.0000 -5.000 -0.0002 0 NA
135.00 0.03000 135.0 0.00850 0 -5.000 -1.0000 -4.999 -0.0001 0 NA
140.00 0.03000 140.0 0.00937 0 -5.000 -1.0000 -5.000 -0.0002 0 NA
145.00 0.03000 145.0 0.01026 0 -5.000 -1.0000 -5.000 -0.0002 0 NA
150.00 0.03000 150.0 0.01119 0 -5.000 -1.0000 -5.000 -0.0001 0 NA
155.00 0.03000 155.0 0.01213 0 -5.000 -1.0000 -5.000 -0.0001 0 NA
160.00 0.03000 160.0 0.01312 0 -5.000 -1.0000 -5.000 -0.0002 0 NA
165.00 0.03000 165.0 0.01412 0 -5.000 -1.0000 -5.000 -0.0002 0 NA
170.00 0.03000 170.0 0.01515 0 -5.000 -1.0000 -5.000 -0.0001 0 NA
175.00 0.03000 175.0 0.01619 0 -5.000 -1.0000 -4.999 -0.0002 0 NA
180.00 0.03000 180.0 0.01727 0 -5.000 -1.0000 -5.000 -0.0001 0 NA
185.00 0.03000 185.0 0.01836 0 -5.000 -1.0000 -5.000 -0.0002 0 NA
190.00 0.03000 190.0 0.01948 0 -5.000 -1.0000 -4.999 -0.0001 0 NA
195.00 0.03000 195.0 0.02061 0 -5.000 -1.0000 -5.000 -0.0001 0 NA
200.00 0.03000 200.0 0.02177 0 -5.000 -1.0000 -5.000 -0.0002 0 NA
205.00 0.03000 205.0 0.02294 0 -5.000 -1.0000 -5.000 -0.0001 0 NA
210.00 0.03000 210.0 0.02413 0 -5.000 -1.0000 -5.000 -0.0002 0 NA
215.00 0.03000 215.0 0.02534 0 -5.000 -1.0000 -4.999 -0.0002 0 NA
220.00 0.03000 220.0 0.02658 0 -5.000 -1.0000 -4.999 -0.0002 0 NA
225.00 0.03000 225.1 0.02783 0 -5.000 -1.0000 -4.999 -0.0001 0 NA
230.00 0.03000 230.1 0.02910 0 -5.000 -1.0000 -4.999 -0.0002 0 NA
235.00 0.03000 235.1 0.03037 1 -5.000 -1.0000 -4.999 -0.0002 0 NA
0.00 0.03000 0.1 0.00000 0 -10.000 -0.5000 -9.999 -0.0002 0 NA
5.00 0.03000 5.0 0.00000 0 -10.000 -0.5000 -9.999 -0.0001 0 NA
10.00 0.03000 10.0 0.00000 0 -10.000 -0.5000 -9.999 -0.0002 0 NA
15.00 0.03000 15.0 0.00000 0 -10.000 -0.5000 -9.999 -0.0001 0 NA
20.00 0.03000 20.0 0.00000 0 -10.000 -0.5000 -9.999 -0.0001 0 NA
25.00 0.03000 25.0 0.00000 0 -10.000 -0.5000 -10.000 -0.0002 0 NA
30.00 0.03000 30.0 0.00000 0 -10.000 -0.5000 -9.999 -0.0001 0 NA
35.00 0.03000 35.0 0.00000 0 -10.000 -0.5000 -10.000 -0.0001 0 NA
40.00 0.03000 40.0 0.00000 0 -10.000 -0.5000 -9.999 -0.0002 0 NA
45.00 0.03000 45.0 0.00000 0 -10.000 -0.5000 -9.999 -0.0001 0 NA
50.00 0.03000 50.0 0.00000 0 -10.000 -0.5000 -10.000 -0.0001 0 NA
55.00 0.03000 55.0 0.00000 0 -10.000 -0.5000 -9.999 -0.0002 0 NA
60.00 0.03000 60.0 0.00000 0 -10.000 -0.5000 -9.999 -0.0001 0 NA
65.00 0.03000 65.0 0.00000 0 -10.000 -0.5000 -10.000 -0.0002 0 NA
70.00 0.03000 70.0 0.00000 0 -10.000 -0.5000 -10.000 -0.0001 0 NA
75.00 0.03000 75.0 0.00006 0 -10.000 -0.5000 -10.000 -0.0002 0 NA
80.00 0.03000 80.0 0.00009 0 -10.000 -0.5000 -10.000 -0.0001 0 NA
85.00 0.03000 85.0 0.00015 0 -10.000 -0.5000 -10.000 -0.0002 0 NA
90.00 0.03000 90.0 0.00024 0 -10.000 -0.5000 -9.999 -0.0002 0 NA
95.00 0.03000 95.0 0.00037 0 -10.000 -0.5000 -10.000 -0.0001 0 NA
100.00 0.03000 100.0 0.00054 0 -10.000 -0.5000 -10.000 -0.0001 0 NA
105.00 0.03000 105.0 0.00073 0 -10.000 -0.5000 -9.999 -0.0001 0 NA
110.00 0.03000 110.0 0.00098 0 -10.000 -0.5000 -9.999 -0.0001 0 NA
115.00 0.03000 115.0 0.00127 0 -10.000 -0.5000 -10.000 -0.0002 0 NA
120.00 0.03000 120.0 0.00161 0 -10.000 -0.5000 -9.999 -0.0001 0 NA
125.00 0.03000 125.0 0.00199 0 -10.000 -0.5000 -10.000 -0.0001 0 NA
130.00 0.03000 130.0 0.00242 0 -10.000 -0.5000 -9.999 -0.0001 0 NA
135.00 0.03000 135.0 0.00291 0 -10.000 -0.5000 -10.000 -0.0001 0 NA
140.00 0.03000 140.0 0.00344 0 -10.000 -0.5000 -9.999 -0.0001 0 NA
145.00 0.03000 145.0 0.00402 0 -10.000 -0.5000 -9.999 -0.0001 0 NA
150.00 0.03000 150.0 0.00464 0 -10.000 -0.5000 -10.000 -0.0001 0 NA
155.00 0.03000 155.0 0.00532 0 -10.000 -0.5000 -9.999 -0.0001 0 NA
160.00 0.03000 160.0 0.00603 0 -10.000 -0.5000 -9.999 -0.0001 0 NA
165.00 0.03000 165.0 0.00680 0 -10.000 -0.5000 -9.999 -0.0001 0 NA
170.00 0.03000 170.0 0.00759 0 -10.000 -0.5000 -9.999 -0.0002 0 NA
175.00 0.03000 175.0 0.00842 0 -10.000 -0.5000 -9.999 -0.0001 0 NA
180.00 0.03000 180.0 0.00928 0 -10.000 -0.5000 -9.999 -0.0001 0 NA
185.00 0.03000 185.0 0.01017 0 -10.000 -0.5000 -9.999 -0.0002 0 NA
190.00 0.03000 190.0 0.01109 0 -10.000 -0.5000 -9.999 -0.0001 0 NA
195.00 0.03000 195.0 0.01204 0 -10.000 -0.5000 -10.000 -0.0001 0 NA
200.00 0.03000 200.0 0.01301 0 -10.000 -0.5000 -10.000 -0.0001 0 NA
205.00 0.03000 205.0 0.01401 0 -10.000 -0.5000 -10.000 -0.0002 0 NA
210.00 0.03000 210.0 0.01504 0 -10.000 -0.5000 -9.999 -0.0002 0 NA
215.00 0.03000 215.0 0.01609 0 -10.000 -0.5000 -9.999 -0.0001 0 NA
220.00 0.03000 220.0 0.01716 0 -10.000 -0.5000 -10.000 -0.0001 0 NA
225.00 0.03000 225.0 0.01825 0 -10.000 -0.5000 -9.999 -0.0001 0 NA
230.00 0.03000 230.1 0.01937 0 -10.000 -0.5000 -10.000 -0.0002 0 NA
235.00 0.03000 235.1 0.02051 0 -10.000 -0.5000 -10.000 -0.0002 0 NA
240.00 0.03000 240.1 0.02166 0 -10.000 -0.5000 -9.999 -0.0001 0 NA
245.00 0.03000 245.1 0.02284 0 -10.000 -0.5000 -10.000 -0.0001 0 NA
250.00 0.03000 250.1 0.02403 0 -10.000 -0.5000 -9.999 -0.0001 0 NA
255.00 0.03000 255.1 0.02524 0 -10.000 -0.5000 -10.000 -0.0001 0 NA
260.00 0.03000 260.1 0.02647 0 -10.000 -0.5000 -9.999 -0.0002 0 NA
265.00 0.03000 265.0 0.02772 0 -10.000 -0.5000 -9.999 -0.0001 0 NA
270.00 0.03000 270.1 0.02900 0 -10.000 -0.5000 -10.000 -0.0001 0 NA
275.00 0.03000 275.0 0.03028 1 -10.000 -0.5000 -9.999 -0.0002 0 NA
0.00 0.03000 0.1 0.00000 0 -15.000 -0.3333 -14.999 -0.0001 0 NA
5.00 0.03000 5.0 0.00000 0 -15.000 -0.3333 -15.000 -0.0001 0 NA
10.00 0.03000 10.0 0.00000 0 -15.000 -0.3333 -14.999 -0.0001 0 NA
15.00 0.03000 15.0 0.00000 0 -15.000 -0.3333 -14.999 -0.0002 0 NA
20.00 0.03000 20.0 0.00000 0 -15.000 -0.3333 -14.999 -0.0001 0 NA
25.00 0.03000 25.0 0.00000 0 -15.000 -0.3333 -14.999 -0.0001 0 NA
30.00 0.03000 30.0 0.00000 0 -15.000 -0.3333 -14.999 -0.0001 0 NA
35.00 0.03000 35.0 0.00000 0 -15.000 -0.3333 -14.999 -0.0002 0 NA
40.00 0.03000 40.0 0.00000 0 -15.000 -0.3333 -14.999 -0.0001 0 NA
45.00 0.03000 45.0 0.00000 0 -15.000 -0.3333 -14.999 -0.0001 0 NA
50.00 0.03000 50.0 0.00000 0 -15.000 -0.3333 -14.999 -0.0001 0 NA
55.00 0.03000 55.0 0.00000 0 -15.000 -0.3333 -14.999 -0.0001 0 NA
60.00 0.03000 60.0 0.00000 0 -15.000 -0.3333 -14.999 -0.0001 0 NA
65.00 0.03000 65.0 0.00000 0 -15.000 -0.3333 -14.999 -0.0002 0 NA
70.00 0.03000 70.0 0.00000 0 -15.000 -0.3333 -14.999 -0.0001 0 NA
75.00 0.03000 75.0 0.00000 0 -15.000 -0.3333 -15.000 -0.0001 0 NA
80.00 0.03000 80.0 0.00000 0 -15.000 -0.3333 -14.999 -0.0001 0 NA
85.00 0.03000 85.0 0.00000 0 -15.000 -0.3333 -14.999 -0.0001 0 NA
90.00 0.03000 90.0 0.00000 0 -15.000 -0.3333 -14.999 -0.0002 0 NA
95.00 0.03000 95.0 0.00000 0 -15.000 -0.3333 -14.999 -0.0001 0 NA
100.00 0.03000 100.0 0.00000 0 -15.000 -0.3333 -14.999 -0.0001 0 NA
105.00 0.03000 105.0 0.00000 0 -15.000 -0.3333 -14.999 -0.0001 0 NA
110.00 0.03000 110.0 0.00005 0 -15.000 -0.3333 -14.999 -0.0001 0 NA
115.00 0.03000 115.0 0.00007 0 -15.000 -0.3333 -14.999 -0.0001 0 NA
120.00 0.03000 120.0 0.00012 0 -15.000 -0.3333 -14.999 -0.0001 0 NA
125.00 0.03000 125.0 0.00018 0 -15.000 -0.3333 -14.999 -0.0001 0 NA
130.00 0.03000 130.0 0.00027 0 -15.000 -0.3333 -15.000 -0.0002 0 NA
135.00 0.03000 135.0 0.00040 0 -15.000 -0.3333 -14.999 -0.0001 0 NA
140.00 0.03000 140.0 0.00056 0 -15.000 -0.3333 -14.999 -0.0001 0 NA
145.00 0.03000 145.0 0.00077 0 -15.000 -0.3333 -14.999 -0.0001 0 NA
150.00 0.03000 150.0 0.00100 0 -15.000 -0.3333 -14.999 -0.0001 0 NA
155.00 0.03000 155.0 0.00129 0 -15.000 -0.3333 -14.999 -0.0001 0 NA
160.00 0.03000 160.0 0.00163 0 -15.000 -0.3333 -14.999 -0.0001 0 NA
165.00 0.03000 165.0 0.00201 0 -15.000 -0.3333 -14.999 -0.0001 0 NA
170.00 0.03000 170.0 0.00244 0 -15.000 -0.3333 -14.999 -0.0001 0 NA
175.00 0.03000 175.0 0.00292 0 -15.000 -0.3333 -14.999 -0.0001 0 NA
180.00 0.03000 180.0 0.00344 0 -15.000 -0.3333 -14.999 -0.0002 0 NA
185.00 0.03000 185.0 0.00401 0 -15.000 -0.3333 -14.999 -0.0001 0 NA
190.00 0.03000 190.0 0.00463 0 -15.000 -0.3333 -14.999 -0.0001 0 NA
195.00 0.03000 195.0 0.00530 0 -15.000 -0.3333 -15.000 -0.0001 0 NA
200.00 0.03000 200.0 0.00601 0 -15.000 -0.3333 -14.999 -0.0001 0 NA
205.00 0.03000 205.0 0.00676 0 -15.000 -0.3333 -15.000 -0.0001 0 NA
210.00 0.03000 210.0 0.00754 0 -15.000 -0.3333 -15.000 -0.0002 0 NA
215.00 0.03000 215.0 0.00837 0 -15.000 -0.3333 -14.999 -0.0002 0 NA
220.00 0.03000 220.0 0.00922 0 -15.000 -0.3333 -14.999 -0.0002 0 NA
225.00 0.03000 225.0 0.01012 0 -15.000 -0.3333 -14.999 -0.0002 0 NA
230.00 0.03000 230.1 0.01103 0 -15.000 -0.3333 -14.999 -0.0001 0 NA
235.00 0.03000 235.1 0.01198 0 -15.000 -0.3333 -14.999 -0.0001 0 NA
240.00 0.03000 240.1 0.01295 0 -15.000 -0.3333 -14.999 -0.0002 0 NA
245.00 0.03000 245.1 0.01395 0 -15.000 -0.3333 -14.999 -0.0001 0 NA
250.00 0.03000 250.1 0.01498 0 -15.000 -0.3333 -14.999 -0.0002 0 NA
255.00 0.03000 255.1 0.01603 0 -15.000 -0.3333 -14.999 -0.0002 0 NA
260.00 0.03000 260.1 0.01710 0 -15.000 -0.3333 -14.999 -0.0001 0 NA
265.00 0.03000 265.0 0.01819 0 -15.000 -0.3333 -14.999 -0.0002 0 NA
270.00 0.03000 270.1 0.01931 0 -15.000 -0.3333 -14.999 -0.0002 0 NA
275.00 0.03000 275.0 0.02044 0 -15.000 -0.3333 -14.999 -0.0002 0 NA
280.00 0.03000 280.1 0.02161 0 -15.000 -0.3333 -14.999 -0.0001 0 NA
285.00 0.03000 285.0 0.02278 0 -15.000 -0.3333 -14.999 -0.0001 0 NA
290.00 0.03000 290.1 0.02398 0 -15.000 -0.3333 -15.000 -0.0001 0 NA
295.00 0.03000 295.0 0.02519 0 -15.000 -0.3333 -14.999 -0.0002 0 NA
300.00 0.03000 300.0 0.02643 0 -15.000 -0.3333 -14.999 -0.0001 0 NA
305.00 0.03000 305.0 0.02769 0 -15.000 -0.3333 -14.999 -0.0001 0 NA
310.00 0.03000 310.1 0.02896 0 -15.000 -0.3333 -14.999 -0.0001 0 NA
315.00 0.03000 315.0 0.03025 1 -15.000 -0.3333 -14.999 -0.0002 0 NA
0.00 0.03000 0.1 0.00000 0 -20.000 -0.2500 -20.000 -0.0001 0 NA
5.00 0.03000 5.0 0.00000 0 -20.000 -0.2500 -19.999 -0.0001 0 NA
10.00 0.03000 10.0 0.00000 0 -20.000 -0.2500 -20.000 -0.0001 0 NA
15.00 0.03000 15.0 0.00000 0 -20.000 -0.2500 -20.000 -0.0001 0 NA
20.00 0.03000 20.0 0.00000 0 -20.000 -0.2500 -20.000 -0.0001 0 NA
25.00 0.03000 25.0 0.00000 0 -20.000 -0.2500 -20.000 -0.0001 0 NA
30.00 0.03000 30.0 0.00000 0 -20.000 -0.2500 -20.000 -0.0001 0 NA
35.00 0.03000 35.0 0.00000 0 -20.000 -0.2500 -20.000 -0.0001 0 NA
40.00 0.03000 40.0 0.00000 0 -20.000 -0.2500 -20.000 -0.0002 0 NA
45.00 0.03000 45.0 0.00000 0 -20.000 -0.2500 -20.000 -0.0001 0 NA
50.00 0.03000 50.0 0.00000 0 -20.000 -0.2500 -20.000 -0.0001 0 NA
55.00 0.03000 55.0 0.00000 0 -20.000 -0.2500 -20.000 -0.0002 0 NA
60.00 0.03000 60.0 0.00000 0 -20.000 -0.2500 -20.000 -0.0002 0 NA
65.00 0.03000 65.0 0.00000 0 -20.000 -0.2500 -20.000 -0.0001 0 NA
70.00 0.03000 70.0 0.00000 0 -20.000 -0.2500 -20.000 -0.0001 0 NA
75.00 0.03000 75.0 0.00000 0 -20.000 -0.2500 -20.000 -0.0001 0 NA
80.00 0.03000 80.0 0.00000 0 -20.000 -0.2500 -20.000 -0.0001 0 NA
85.00 0.03000 85.0 0.00000 0 -20.000 -0.2500 -20.000 -0.0001 0 NA
90.00 0.03000 90.0 0.00000 0 -20.000 -0.2500 -20.000 -0.0001 0 NA
95.00 0.03000 95.0 0.00000 0 -20.000 -0.2500 -20.000 -0.0002 0 NA
100.00 0.03000 100.0 0.00000 0 -20.000 -0.2500 -20.000 -0.0001 0 NA
105.00 0.03000 105.0 0.00000 0 -20.000 -0.2500 -20.000 -0.0001 0 NA
110.00 0.03000 110.0 0.00000 0 -20.000 -0.2500 -20.000 -0.0001 0 NA
115.00 0.03000 115.0 0.00000 0 -20.000 -0.2500 -20.000 -0.0001 0 NA
120.00 0.03000 120.0 0.00000 0 -20.000 -0.2500 -20.000 -0.0001 0 NA
125.00 0.03000 125.0 0.00000 0 -20.000 -0.2500 -20.000 -0.0001 0 NA
130.00 0.03000 130.0 0.00000 0 -20.000 -0.2500 -20.000 -0.0001 0 NA
135.00 0.03000 135.0 0.00000 0 -20.000 -0.2500 -20.000 -0.0001 0 NA
140.00 0.03000 140.0 0.00000 0 -20.000 -0.2500 -20.000 -0.0001 0 NA
145.00 0.03000 145.0 0.00005 0 -20.000 -0.2500 -20.000 -0.0001 0 NA
150.00 0.03000 150.0 0.00007 0 -20.000 -0.2500 -20.000 -0.0001 0 NA
155.00 0.03000 155.0 0.00009 0 -20.000 -0.2500 -20.000 -0.0001 0 NA
160.00 0.03000 160.0 0.00014 0 -20.000 -0.2500 -20.000 -0.0001 0 NA
165.00 0.03000 165.0 0.00021 0 -20.000 -0.2500 -20.000 -0.0001 0 NA
170.00 0.03000 170.0 0.00031 0 -20.000 -0.2500 -20.000 -0.0001 0 NA
175.00 0.03000 175.0 0.00043 0 -20.000 -0.2500 -20.000 -0.0001 0 NA
180.00 0.03000 180.0 0.00060 0 -20.000 -0.2500 -20.000 -0.0001 0 NA
185.00 0.03000 185.0 0.00080 0 -20.000 -0.2500 -20.000 -0.0001 0 NA
190.00 0.03000 190.0 0.00104 0 -20.000 -0.2500 -20.000 -0.0001 0 NA
195.00 0.03000 195.0 0.00133 0 -20.000 -0.2500 -20.000 -0.0001 0 NA
200.00 0.03000 200.0 0.00166 0 -20.000 -0.2500 -20.000 -0.0001 0 NA
205.00 0.03000 205.0 0.00205 0 -20.000 -0.2500 -20.000 -0.0001 0 NA
210.00 0.03000 210.0 0.00247 0 -20.000 -0.2500 -20.000 -0.0001 0 NA
215.00 0.03000 215.0 0.00294 0 -20.000 -0.2500 -20.000 -0.0001 0 NA
220.00 0.03000 220.0 0.00346 0 -20.000 -0.2500 -19.999 -0.0001 0 NA
225.00 0.03000 225.1 0.00403 0 -20.000 -0.2500 -20.000 -0.0001 0 NA
230.00 0.03000 230.1 0.00464 0 -20.000 -0.2500 -20.000 -0.0001 0 NA
235.00 0.03000 235.1 0.00530 0 -20.000 -0.2500 -20.000 -0.0001 0 NA
240.00 0.03000 240.1 0.00600 0 -20.000 -0.2500 -20.000 -0.0002 0 NA
245.00 0.03000 245.1 0.00674 0 -20.000 -0.2500 -20.000 -0.0001 0 NA
250.00 0.03000 250.1 0.00752 0 -20.000 -0.2500 -20.000 -0.0001 0 NA
255.00 0.03000 255.1 0.00834 0 -20.000 -0.2500 -20.000 -0.0001 0 NA
260.00 0.03000 260.1 0.00919 0 -20.000 -0.2500 -20.000 -0.0002 0 NA
265.00 0.03000 265.0 0.01007 0 -20.000 -0.2500 -20.000 -0.0001 0 NA
270.00 0.03000 270.1 0.01099 0 -20.000 -0.2500 -20.000 -0.0002 0 NA
275.00 0.03000 275.0 0.01192 0 -20.000 -0.2500 -20.000 -0.0001 0 NA
280.00 0.03000 280.1 0.01290 0 -20.000 -0.2500 -20.000 -0.0001 0 NA
285.00 0.03000 285.0 0.01391 0 -20.000 -0.2500 -20.000 -0.0001 0 NA
290.00 0.03000 290.1 0.01492 0 -20.000 -0.2500 -20.000 -0.0001 0 NA
295.00 0.03000 295.0 0.01597 0 -20.000 -0.2500 -20.000 -0.0001 0 NA
300.00 0.03000 300.0 0.01703 0 -20.000 -0.2500 -20.000 -0.0001 0 NA
305.00 0.03000 305.0 0.01813 0 -20.000 -0.2500 -20.000 -0.0001 0 NA
310.00 0.03000 310.1 0.01924 0 -20.000 -0.2500 -20.000 -0.0001 0 NA
315.00 0.03000 315.0 0.02038 0 -20.000 -0.2500 -20.000 -0.0001 0 NA
320.00 0.03000 320.1 0.02155 0 -20.000 -0.2500 -20.000 -0.0001 0 NA
325.00 0.03000 325.0 0.02272 0 -20.000 -0.2500 -20.000 -0.0001 0 NA
330.00 0.03000 330.0 0.02392 0 -20.000 -0.2500 -20.000 -0.0002 0 NA
335.00 0.03000 335.0 0.02515 0 -20.000 -0.2500 -20.000 -0.0001 0 NA
340.00 0.03000 340.1 0.02639 0 -20.000 -0.2500 -20.000 -0.0001 0 NA
345.00 0.03000 345.0 0.02764 0 -20.000 -0.2500 -20.000 -0.0002 0 NA
350.00 0.03000 350.0 0.02892 0 -20.000 -0.2500 -20.000 -0.0001 0 NA
355.00 0.03000 355.0 0.03022 1 -20.000 -0.2500 -20.000 -0.0001 0 NA
0.00 0.03000 0.1 0.00000 0 -25.000 -0.2000 -25.001 -0.0001 0 NA
5.00 0.03000 5.0 0.00000 0 -25.000 -0.2000 -25.001 -0.0001 0 NA
10.00 0.03000 10.0 0.00000 0 -25.000 -0.2000 -25.001 -0.0001 0 NA
15.00 0.03000 15.0 0.00000 0 -25.000 -0.2000 -25.001 -0.0001 0 NA
20.00 0.03000 20.0 0.00000 0 -25.000 -0.2000 -25.001 -0.0001 0 NA
25.00 0.03000 25.0 0.00000 0 -25.000 -0.2000 -25.001 -0.0001 0 NA
30.00 0.03000 30.0 0.00000 0 -25.000 -0.2000 -25.001 -0.0001 0 NA
35.00 0.03000 35.0 0.00000 0 -25.000 -0.2000 -25.001 -0.0001 0 NA
40.00 0.03000 40.0 0.00000 0 -25.000 -0.2000 -25.001 -0.0001 0 NA
45.00 0.03000 45.0 0.00000 0 -25.000 -0.2000 -25.001 -0.0001 0 NA
50.00 0.03000 50.0 0.00000 0 -25.000 -0.2000 -25.001 -0.0001 0 NA
55.00 0.03000 55.0 0.00000 0 -25.000 -0.2000 -25.001 -0.0001 0 NA
60.00 0.03000 60.0 0.00000 0 -25.000 -0.2000 -25.001 -0.0001 0 NA
65.00 0.03000 65.0 0.00000 0 -25.000 -0.2000 -25.001 -0.0001 0 NA
70.00 0.03000 70.0 0.00000 0 -25.000 -0.2000 -25.001 -0.0001 0 NA
75.00 0.03000 75.0 0.00000 0 -25.000 -0.2000 -25.001 -0.0001 0 NA
80.00 0.03000 80.0 0.00000 0 -25.000 -0.2000 -25.001 -0.0001 0 NA
85.00 0.03000 85.0 0.00000 0 -25.000 -0.2000 -25.001 -0.0001 0 NA
90.00 0.03000 90.0 0.00000 0 -25.000 -0.2000 -25.001 -0.0002 0 NA
95.00 0.03000 95.0 0.00000 0 -25.000 -0.2000 -25.001 -0.0001 0 NA
100.00 0.03000 100.0 0.00000 0 -25.000 -0.2000 -25.001 -0.0001 0 NA
105.00 0.03000 105.0 0.00000 0 -25.000 -0.2000 -25.001 -0.0001 0 NA
110.00 0.03000 110.0 0.00000 0 -25.000 -0.2000 -25.001 -0.0001 0 NA
115.00 0.03000 115.0 0.00000 0 -25.000 -0.2000 -25.001 -0.0001 0 NA
120.00 0.03000 120.0 0.00000 0 -25.000 -0.2000 -25.001 -0.0001 0 NA
125.00 0.03000 125.0 0.00000 0 -25.000 -0.2000 -25.001 -0.0001 0 NA
130.00 0.03000 130.0 0.00000 0 -25.000 -0.2000 -25.001 -0.0001 0 NA
135.00 0.03000 135.0 0.00000 0 -25.000 -0.2000 -25.001 -0.0001 0 NA
140.00 0.03000 140.0 0.00000 0 -25.000 -0.2000 -25.001 -0.0002 0 NA
145.00 0.03000 145.0 0.00000 0 -25.000 -0.2000 -25.001 -0.0002 0 NA
150.00 0.03000 150.0 0.00000 0 -25.000 -0.2000 -25.001 -0.0001 0 NA
155.00 0.03000 155.0 0.00000 0 -25.000 -0.2000 -25.001 -0.0002 0 NA
160.00 0.03000 160.0 0.00000 0 -25.000 -0.2000 -25.001 -0.0002 0 NA
165.00 0.03000 165.0 0.00000 0 -25.000 -0.2000 -25.001 -0.0001 0 NA
170.00 0.03000 170.0 0.00000 0 -25.000 -0.2000 -25.001 -0.0001 0 NA
175.00 0.03000 175.0 0.00000 0 -25.000 -0.2000 -25.001 -0.0001 0 NA
180.00 0.03000 180.0 0.00000 0 -25.000 -0.2000 -25.001 -0.0001 0 NA
185.00 0.03000 185.0 0.00006 0 -25.000 -0.2000 -25.001 -0.0001 0 NA
190.00 0.03000 190.0 0.00008 0 -25.000 -0.2000 -25.001 -0.0002 0 NA
195.00 0.03000 195.0 0.00012 0 -25.000 -0.2000 -25.001 -0.0001 0 NA
200.00 0.03000 200.0 0.00017 0 -25.000 -0.2000 -25.001 -0.0001 0 NA
205.00 0.03000 205.0 0.00024 0 -25.000 -0.2000 -25.001 -0.0001 0 NA
210.00 0.03000 210.0 0.00035 0 -25.000 -0.2000 -25.001 -0.0001 0 NA
215.00 0.03000 215.0 0.00048 0 -25.000 -0.2000 -25.001 -0.0001 0 NA
220.00 0.03000 220.0 0.00064 0 -25.000 -0.2000 -25.001 -0.0002 0 NA
225.00 0.03000 225.1 0.00085 0 -25.000 -0.2000 -25.001 -0.0001 0 NA
230.00 0.03000 230.1 0.00109 0 -25.000 -0.2000 -25.001 -0.0001 0 NA
235.00 0.03000 235.1 0.00137 0 -25.000 -0.2000 -25.001 -0.0002 0 NA
240.00 0.03000 240.1 0.00170 0 -25.000 -0.2000 -25.001 -0.0001 0 NA
245.00 0.03000 245.1 0.00208 0 -25.000 -0.2000 -25.001 -0.0001 0 NA
250.00 0.03000 250.1 0.00250 0 -25.000 -0.2000 -25.001 -0.0001 0 NA
255.00 0.03000 255.1 0.00298 0 -25.000 -0.2000 -25.001 -0.0001 0 NA
260.00 0.03000 260.1 0.00349 0 -25.000 -0.2000 -25.001 -0.0001 0 NA
265.00 0.03000 265.0 0.00405 0 -25.000 -0.2000 -25.001 -0.0001 0 NA
270.00 0.03000 270.1 0.00466 0 -25.000 -0.2000 -25.001 -0.0001 0 NA
275.00 0.03000 275.0 0.00531 0 -25.000 -0.2000 -25.001 -0.0001 0 NA
280.00 0.03000 280.1 0.00600 0 -25.000 -0.2000 -25.001 -0.0001 0 NA
285.00 0.03000 285.0 0.00673 0 -25.000 -0.2000 -25.001 -0.0002 0 NA
290.00 0.03000 290.1 0.00751 0 -25.000 -0.2000 -25.001 -0.0001 0 NA
295.00 0.03000 295.0 0.00832 0 -25.000 -0.2000 -25.001 -0.0001 0 NA
300.00 0.03000 300.0 0.00916 0 -25.000 -0.2000 -25.001 -0.0001 0 NA
305.00 0.03000 305.0 0.01005 0 -25.000 -0.2000 -25.001 -0.0001 0 NA
310.00 0.03000 310.1 0.01096 0 -25.000 -0.2000 -25.001 -0.0001 0 NA
315.00 0.03000 315.0 0.01189 0 -25.000 -0.2000 -25.001 -0.0001 0 NA
320.00 0.03000 320.1 0.01286 0 -25.000 -0.2000 -25.001 -0.0001 0 NA
325.00 0.03000 325.0 0.01386 0 -25.000 -0.2000 -25.001 -0.0001 0 NA
330.00 0.03000 330.0 0.01488 0 -25.000 -0.2000 -25.001 -0.0001 0 NA
335.00 0.03000 335.0 0.01594 0 -25.000 -0.2000 -25.001 -0.0001 0 NA
340.00 0.03000 340.1 0.01701 0 -25.000 -0.2000 -25.001 -0.0001 0 NA
345.00 0.03000 345.0 0.01810 0 -25.000 -0.2000 -25.001 -0.0001 0 NA
350.00 0.03000 350.0 0.01922 0 -25.000 -0.2000 -25.001 -0.0001 0 NA
355.00 0.03000 355.0 0.02036 0 -25.000 -0.2000 -25.001 -0.0001 0 NA
360.00 0.03000 360.0 0.02151 0 -25.000 -0.2000 -25.001 -0.0001 0 NA
365.00 0.03000 365.0 0.02270 0 -25.000 -0.2000 -25.001 -0.0001 0 NA
370.00 0.03000 370.0 0.02390 0 -25.000 -0.2000 -25.001 -0.0001 0 NA
375.00 0.03000 375.0 0.02512 0 -25.000 -0.2000 -25.001 -0.0001 0 NA
380.00 0.03000 380.0 0.02637 0 -25.000 -0.2000 -25.001 -0.0001 0 NA
385.00 0.03000 385.0 0.02766 0 -25.000 -0.2000 -25.001 -0.0001 0 NA
390.00 0.03000 390.0 0.02898 0 -25.000 -0.2000 -25.001 -0.0001 0 NA
395.00 0.03000 395.0 0.03029 1 -25.000 -0.2000 -25.001 -0.0001 0 NA
0.00 0.03000 0.1 0.00000 0 -30.000 -0.1667 -30.001 -0.0000 0 NA
5.00 0.03000 5.0 0.00000 0 -30.000 -0.1667 -30.001 -0.0000 0 NA
10.00 0.03000 10.0 0.00000 0 -30.000 -0.1667 -30.001 -0.0000 0 NA
15.00 0.03000 15.0 0.00000 0 -30.000 -0.1667 -30.001 -0.0000 0 NA
20.00 0.03000 20.0 0.00000 0 -30.000 -0.1667 -30.001 -0.0000 0 NA
25.00 0.03000 25.0 0.00000 0 -30.000 -0.1667 -30.001 -0.0000 0 NA
30.00 0.03000 30.0 0.00000 0 -30.000 -0.1667 -30.001 -0.0001 0 NA
35.00 0.03000 35.0 0.00000 0 -30.000 -0.1667 -30.001 -0.0001 0 NA
40.00 0.03000 40.0 0.00000 0 -30.000 -0.1667 -30.000 -0.0001 0 NA
45.00 0.03000 45.0 0.00000 0 -30.000 -0.1667 -30.000 -0.0001 0 NA
50.00 0.03000 50.0 0.00000 0 -30.000 -0.1667 -30.001 -0.0001 0 NA
55.00 0.03000 55.0 0.00000 0 -30.000 -0.1667 -30.001 -0.0001 0 NA
60.00 0.03000 60.0 0.00000 0 -30.000 -0.1667 -30.001 -0.0001 0 NA
65.00 0.03000 65.0 0.00000 0 -30.000 -0.1667 -30.001 -0.0001 0 NA
70.00 0.03000 70.0 0.00000 0 -30.000 -0.1667 -30.001 -0.0001 0 NA
75.00 0.03000 75.0 0.00000 0 -30.000 -0.1667 -30.000 -0.0001 0 NA
80.00 0.03000 80.0 0.00000 0 -30.000 -0.1667 -30.001 -0.0001 0 NA
85.00 0.03000 85.0 0.00000 0 -30.000 -0.1667 -30.001 -0.0001 0 NA
90.00 0.03000 90.0 0.00000 0 -30.000 -0.1667 -30.001 -0.0001 0 NA
95.00 0.03000 95.0 0.00000 0 -30.000 -0.1667 -30.001 -0.0001 0 NA
100.00 0.03000 100.0 0.00000 0 -30.000 -0.1667 -30.001 -0.0001 0 NA
105.00 0.03000 105.0 0.00000 0 -30.000 -0.1667 -30.001 -0.0001 0 NA
110.00 0.03000 110.0 0.00000 0 -30.000 -0.1667 -30.000 -0.0001 0 NA
115.00 0.03000 115.0 0.00000 0 -30.000 -0.1667 -30.001 -0.0001 0 NA
120.00 0.03000 120.0 0.00000 0 -30.000 -0.1667 -30.001 -0.0001 0 NA
125.00 0.03000 125.0 0.00000 0 -30.000 -0.1667 -30.001 -0.0001 0 NA
130.00 0.03000 130.0 0.00000 0 -30.000 -0.1667 -30.000 -0.0001 0 NA
135.00 0.03000 135.0 0.00000 0 -30.000 -0.1667 -30.001 -0.0001 0 NA
140.00 0.03000 140.0 0.00000 0 -30.000 -0.1667 -30.001 -0.0001 0 NA
145.00 0.03000 145.0 0.00000 0 -30.000 -0.1667 -30.001 -0.0001 0 NA
150.00 0.03000 150.0 0.00000 0 -30.000 -0.1667 -30.001 -0.0001 0 NA
155.00 0.03000 155.0 0.00000 0 -30.000 -0.1667 -30.000 -0.0001 0 NA
160.00 0.03000 160.0 0.00000 0 -30.000 -0.1667 -30.001 -0.0001 0 NA
165.00 0.03000 165.0 0.00000 0 -30.000 -0.1667 -30.001 -0.0001 0 NA
170.00 0.03000 170.0 0.00000 0 -30.000 -0.1667 -30.001 -0.0001 0 NA
175.00 0.03000 175.0 0.00000 0 -30.000 -0.1667 -30.001 -0.0001 0 NA
180.00 0.03000 180.0 0.00000 0 -30.000 -0.1667 -30.001 -0.0001 0 NA
185.00 0.03000 185.0 0.00000 0 -30.000 -0.1667 -30.001 -0.0001 0 NA
190.00 0.03000 190.0 0.00000 0 -30.000 -0.1667 -30.001 -0.0001 0 NA
195.00 0.03000 195.0 0.00000 0 -30.000 -0.1667 -30.001 -0.0001 0 NA
200.00 0.03000 200.0 0.00000 0 -30.000 -0.1667 -30.000 -0.0001 0 NA
205.00 0.03000 205.0 0.00000 0 -30.000 -0.1667 -30.001 -0.0001 0 NA
210.00 0.03000 210.0 0.00000 0 -30.000 -0.1667 -30.001 -0.0001 0 NA
215.00 0.03000 215.0 0.00000 0 -30.000 -0.1667 -30.001 -0.0001 0 NA
220.00 0.03000 220.0 0.00005 0 -30.000 -0.1667 -30.001 -0.0001 0 NA
225.00 0.03000 225.1 0.00007 0 -30.000 -0.1667 -30.001 -0.0001 0 NA
230.00 0.03000 230.1 0.00010 0 -30.000 -0.1667 -30.001 -0.0001 0 NA
235.00 0.03000 235.1 0.00014 0 -30.000 -0.1667 -30.001 -0.0001 0 NA
240.00 0.03000 240.1 0.00020 0 -30.000 -0.1667 -30.001 -0.0001 0 NA
245.00 0.03000 245.1 0.00028 0 -30.000 -0.1667 -30.001 -0.0001 0 NA
250.00 0.03000 250.1 0.00038 0 -30.000 -0.1667 -30.001 -0.0001 0 NA
255.00 0.03000 255.1 0.00052 0 -30.000 -0.1667 -30.001 -0.0001 0 NA
260.00 0.03000 260.1 0.00069 0 -30.000 -0.1667 -30.000 -0.0001 0 NA
265.00 0.03000 265.0 0.00089 0 -30.000 -0.1667 -30.001 -0.0001 0 NA
270.00 0.03000 270.1 0.00113 0 -30.000 -0.1667 -30.001 -0.0001 0 NA
275.00 0.03000 275.0 0.00142 0 -30.000 -0.1667 -30.001 -0.0001 0 NA
280.00 0.03000 280.1 0.00176 0 -30.000 -0.1667 -30.001 -0.0001 0 NA
285.00 0.03000 285.0 0.00213 0 -30.000 -0.1667 -30.001 -0.0001 0 NA
290.00 0.03000 290.1 0.00255 0 -30.000 -0.1667 -30.001 -0.0001 0 NA
295.00 0.03000 295.0 0.00302 0 -30.000 -0.1667 -30.001 -0.0001 0 NA
300.00 0.03000 300.0 0.00354 0 -30.000 -0.1667 -30.001 -0.0001 0 NA
305.00 0.03000 305.0 0.00410 0 -30.000 -0.1667 -30.001 -0.0001 0 NA
310.00 0.03000 310.1 0.00469 0 -30.000 -0.1667 -30.000 -0.0001 0 NA
315.00 0.03000 315.0 0.00534 0 -30.000 -0.1667 -30.001 -0.0001 0 NA
320.00 0.03000 320.1 0.00603 0 -30.000 -0.1667 -30.001 -0.0001 0 NA
325.00 0.03000 325.1 0.00677 0 -30.000 -0.1667 -30.001 -0.0001 0 NA
330.00 0.03000 330.0 0.00754 0 -30.000 -0.1667 -30.001 -0.0001 0 NA
335.00 0.03000 335.0 0.00836 0 -30.000 -0.1667 -30.001 -0.0001 0 NA
340.00 0.03000 340.1 0.00920 0 -30.000 -0.1667 -30.001 -0.0001 0 NA
345.00 0.03000 345.0 0.01008 0 -30.000 -0.1667 -30.001 -0.0001 0 NA
350.00 0.03000 350.0 0.01099 0 -30.000 -0.1667 -30.001 -0.0001 0 NA
355.00 0.03000 355.0 0.01193 0 -30.000 -0.1667 -30.001 -0.0001 0 NA
360.00 0.03000 360.0 0.01291 0 -30.000 -0.1667 -30.001 -0.0001 0 NA
365.00 0.03000 365.0 0.01390 0 -30.000 -0.1667 -30.001 -0.0001 0 NA
370.00 0.03000 370.0 0.01492 0 -30.000 -0.1667 -30.001 -0.0001 0 NA
375.00 0.03000 375.0 0.01597 0 -30.000 -0.1667 -30.001 -0.0001 0 NA
380.00 0.03000 380.0 0.01705 0 -30.000 -0.1667 -30.001 -0.0001 0 NA
385.00 0.03000 385.0 0.01815 0 -30.000 -0.1667 -30.001 -0.0001 0 NA
390.00 0.03000 390.0 0.01928 0 -30.000 -0.1667 -30.001 -0.0001 0 NA
395.00 0.03000 395.0 0.02043 0 -30.000 -0.1667 -30.001 -0.0001 0 NA
400.00 0.03000 400.0 0.02158 0 -30.000 -0.1667 -30.001 -0.0001 0 NA
405.00 0.03000 405.0 0.02279 0 -30.000 -0.1667 -30.001 -0.0001 0 NA
410.00 0.03000 410.0 0.02399 0 -30.000 -0.1667 -30.001 -0.0001 0 NA
415.00 0.03000 415.0 0.02522 0 -30.000 -0.1667 -30.001 -0.0001 0 NA
420.00 0.03000 420.0 0.02647 0 -30.000 -0.1667 -30.001 -0.0001 0 NA
425.00 0.03000 425.0 0.02774 0 -30.000 -0.1667 -30.000 -0.0001 0 NA
430.00 0.03000 430.0 0.02902 0 -30.000 -0.1667 -30.001 -0.0001 0 NA
435.00 0.03000 435.0 0.03032 1 -30.000 -0.1667 -30.001 -0.0001 0 NA
0.00 0.03000 0.1 0.00000 0 -35.000 -0.1429 -35.000 -0.0001 0 NA
5.00 0.03000 5.0 0.00000 0 -35.000 -0.1429 -35.000 -0.0001 0 NA
10.00 0.03000 10.0 0.00000 0 -35.000 -0.1429 -35.000 -0.0001 0 NA
15.00 0.03000 15.0 0.00000 0 -35.000 -0.1429 -35.000 -0.0001 0 NA
20.00 0.03000 20.0 0.00000 0 -35.000 -0.1429 -35.000 -0.0001 0 NA
25.00 0.03000 25.0 0.00000 0 -35.000 -0.1429 -35.000 -0.0001 0 NA
30.00 0.03000 30.0 0.00000 0 -35.000 -0.1429 -35.000 -0.0001 0 NA
35.00 0.03000 35.0 0.00000 0 -35.000 -0.1429 -35.000 -0.0001 0 NA
40.00 0.03000 40.0 0.00000 0 -35.000 -0.1429 -35.000 -0.0001 0 NA
45.00 0.03000 45.0 0.00000 0 -35.000 -0.1429 -35.000 -0.0001 0 NA
50.00 0.03000 50.0 0.00000 0 -35.000 -0.1429 -35.000 -0.0001 0 NA
55.00 0.03000 55.0 0.00000 0 -35.000 -0.1429 -35.000 -0.0001 0 NA
60.00 0.03000 60.0 0.00000 0 -35.000 -0.1429 -35.000 -0.0001 0 NA
65.00 0.03000 65.0 0.00000 0 -35.000 -0.1429 -34.999 -0.0001 0 NA
70.00 0.03000 70.0 0.00000 0 -35.000 -0.1429 -35.000 -0.0001 0 NA
75.00 0.03000 75.0 0.00000 0 -35.000 -0.1429 -34.999 -0.0001 0 NA
80.00 0.03000 80.0 0.00000 0 -35.000 -0.1429 -35.000 -0.0001 0 NA
85.00 0.03000 85.0 0.00000 0 -35.000 -0.1429 -35.000 -0.0001 0 NA
90.00 0.03000 90.0 0.00000 0 -35.000 -0.1429 -35.000 -0.0001 0 NA
95.00 0.03000 95.0 0.00000 0 -35.000 -0.1429 -35.000 -0.0001 0 NA
100.00 0.03000 100.0 0.00000 0 -35.000 -0.1429 -35.000 -0.0001 0 NA
105.00 0.03000 105.0 0.00000 0 -35.000 -0.1429 -35.000 -0.0001 0 NA
110.00 0.03000 110.0 0.00000 0 -35.000 -0.1429 -35.000 -0.0001 0 NA
115.00 0.03000 115.0 0.00000 0 -35.000 -0.1429 -35.000 -0.0001 0 NA
120.00 0.03000 120.0 0.00000 0 -35.000 -0.1429 -35.000 -0.0001 0 NA
125.00 0.03000 125.0 0.00000 0 -35.000 -0.1429 -35.000 -0.0001 0 NA
130.00 0.03000 130.0 0.00000 0 -35.000 -0.1429 -35.000 -0.0001 0 NA
135.00 0.03000 135.0 0.00000 0 -35.000 -0.1429 -35.000 -0.0001 0 NA
140.00 0.03000 140.0 0.00000 0 -35.000 -0.1429 -34.999 -0.0001 0 NA
145.00 0.03000 145.0 0.00000 0 -35.000 -0.1429 -35.000 -0.0001 0 NA
150.00 0.03000 150.0 0.00000 0 -35.000 -0.1429 -35.000 -0.0001 0 NA
155.00 0.03000 155.0 0.00000 0 -35.000 -0.1429 -35.000 -0.0001 0 NA
160.00 0.03000 160.0 0.00000 0 -35.000 -0.1429 -35.000 -0.0001 0 NA
165.00 0.03000 165.0 0.00000 0 -35.000 -0.1429 -34.999 -0.0001 0 NA
170.00 0.03000 170.0 0.00000 0 -35.000 -0.1429 -35.000 -0.0001 0 NA
175.00 0.03000 175.0 0.00000 0 -35.000 -0.1429 -35.000 -0.0001 0 NA
180.00 0.03000 180.0 0.00000 0 -35.000 -0.1429 -35.000 -0.0001 0 NA
185.00 0.03000 185.0 0.00000 0 -35.000 -0.1429 -35.000 -0.0001 0 NA
190.00 0.03000 190.0 0.00000 0 -35.000 -0.1429 -34.999 -0.0001 0 NA
195.00 0.03000 195.0 0.00000 0 -35.000 -0.1429 -35.000 -0.0001 0 NA
200.00 0.03000 200.0 0.00000 0 -35.000 -0.1429 -35.000 -0.0001 0 NA
205.00 0.03000 205.0 0.00000 0 -35.000 -0.1429 -35.000 -0.0001 0 NA
210.00 0.03000 210.0 0.00000 0 -35.000 -0.1429 -34.999 -0.0001 0 NA
215.00 0.03000 215.0 0.00000 0 -35.000 -0.1429 -35.000 -0.0001 0 NA
220.00 0.03000 220.0 0.00000 0 -35.000 -0.1429 -35.000 -0.0001 0 NA
225.00 0.03000 225.0 0.00000 0 -35.000 -0.1429 -35.000 -0.0001 0 NA
230.00 0.03000 230.1 0.00000 0 -35.000 -0.1429 -35.000 -0.0001 0 NA
235.00 0.03000 235.1 0.00000 0 -35.000 -0.1429 -35.000 -0.0001 0 NA
240.00 0.03000 240.1 0.00000 0 -35.000 -0.1429 -34.999 -0.0001 0 NA
245.00 0.03000 245.1 0.00000 0 -35.000 -0.1429 -35.000 -0.0001 0 NA
250.00 0.03000 250.1 0.00000 0 -35.000 -0.1429 -35.000 -0.0001 0 NA
255.00 0.03000 255.1 0.00005 0 -35.000 -0.1429 -35.000 -0.0001 0 NA
260.00 0.03000 260.1 0.00006 0 -35.000 -0.1429 -35.000 -0.0001 0 NA
265.00 0.03000 265.0 0.00008 0 -35.000 -0.1429 -35.000 -0.0001 0 NA
270.00 0.03000 270.1 0.00012 0 -35.000 -0.1429 -35.000 -0.0001 0 NA
275.00 0.03000 275.0 0.00017 0 -35.000 -0.1429 -35.000 -0.0001 0 NA
280.00 0.03000 280.1 0.00022 0 -35.000 -0.1429 -35.000 -0.0001 0 NA
285.00 0.03000 285.0 0.00031 0 -35.000 -0.1429 -35.000 -0.0001 0 NA
290.00 0.03000 290.1 0.00042 0 -35.000 -0.1429 -35.000 -0.0001 0 NA
295.00 0.03000 295.0 0.00056 0 -35.000 -0.1429 -35.000 -0.0001 0 NA
300.00 0.03000 300.0 0.00073 0 -35.000 -0.1429 -35.000 -0.0001 0 NA
305.00 0.03000 305.0 0.00094 0 -35.000 -0.1429 -35.000 -0.0001 0 NA
310.00 0.03000 310.1 0.00119 0 -35.000 -0.1429 -35.000 -0.0001 0 NA
315.00 0.03000 315.0 0.00148 0 -35.000 -0.1429 -35.000 -0.0001 0 NA
320.00 0.03000 320.1 0.00181 0 -35.000 -0.1429 -35.000 -0.0001 0 NA
325.00 0.03000 325.0 0.00219 0 -35.000 -0.1429 -35.000 -0.0001 0 NA
330.00 0.03000 330.0 0.00261 0 -35.000 -0.1429 -35.000 -0.0001 0 NA
335.00 0.03000 335.0 0.00307 0 -35.000 -0.1429 -35.000 -0.0001 0 NA
340.00 0.03000 340.1 0.00358 0 -35.000 -0.1429 -35.000 -0.0001 0 NA
345.00 0.03000 345.0 0.00414 0 -35.000 -0.1429 -35.000 -0.0001 0 NA
350.00 0.03000 350.1 0.00474 0 -35.000 -0.1429 -35.000 -0.0001 0 NA
355.00 0.03000 355.0 0.00538 0 -35.000 -0.1429 -35.000 -0.0001 0 NA
360.00 0.03000 360.0 0.00606 0 -35.000 -0.1429 -35.000 -0.0001 0 NA
365.00 0.03000 365.0 0.00679 0 -35.000 -0.1429 -35.000 -0.0001 0 NA
370.00 0.03000 370.0 0.00756 0 -35.000 -0.1429 -35.000 -0.0001 0 NA
375.00 0.03000 375.0 0.00837 0 -35.000 -0.1429 -35.000 -0.0001 0 NA
380.00 0.03000 380.0 0.00921 0 -35.000 -0.1429 -35.000 -0.0001 0 NA
385.00 0.03000 385.0 0.01009 0 -35.000 -0.1429 -35.000 -0.0001 0 NA
390.00 0.03000 390.0 0.01100 0 -35.000 -0.1429 -35.000 -0.0001 0 NA
395.00 0.03000 395.0 0.01193 0 -35.000 -0.1429 -35.000 -0.0001 0 NA
400.00 0.03000 400.0 0.01291 0 -35.000 -0.1429 -35.000 -0.0001 0 NA
405.00 0.03000 405.0 0.01391 0 -35.000 -0.1429 -35.000 -0.0001 0 NA
410.00 0.03000 410.0 0.01494 0 -35.000 -0.1429 -35.000 -0.0001 0 NA
415.00 0.03000 415.0 0.01598 0 -35.000 -0.1429 -34.999 -0.0001 0 NA
420.00 0.03000 420.0 0.01706 0 -35.000 -0.1429 -35.000 -0.0001 0 NA
425.00 0.03000 425.0 0.01816 0 -35.000 -0.1429 -35.000 -0.0001 0 NA
430.00 0.03000 430.0 0.01928 0 -35.000 -0.1429 -35.000 -0.0001 0 NA
435.00 0.03000 435.0 0.02044 0 -35.000 -0.1429 -35.000 -0.0001 0 NA
440.00 0.03000 440.0 0.02160 0 -35.000 -0.1429 -35.000 -0.0001 0 NA
445.00 0.03000 445.0 0.02279 0 -35.000 -0.1429 -35.000 -0.0001 0 NA
450.00 0.03000 450.0 0.02401 0 -35.000 -0.1429 -34.999 -0.0001 0 NA
0.00 0.03000 0.1 0.00000 0 -40.000 -0.1250 -39.999 -0.0001 0 NA
5.00 0.03000 5.0 0.00000 0 -40.000 -0.1250 -39.999 -0.0001 0 NA
10.00 0.03000 10.0 0.00000 0 -40.000 -0.1250 -39.999 -0.0001 0 NA
15.00 0.03000 15.0 0.00000 0 -40.000 -0.1250 -39.999 -0.0001 0 NA
20.00 0.03000 20.0 0.00000 0 -40.000 -0.1250 -39.999 -0.0001 0 NA
25.00 0.03000 25.0 0.00000 0 -40.000 -0.1250 -40.000 -0.0001 0 NA
30.00 0.03000 30.0 0.00000 0 -40.000 -0.1250 -39.999 -0.0001 0 NA
35.00 0.03000 35.0 0.00000 0 -40.000 -0.1250 -40.000 -0.0001 0 NA
40.00 0.03000 40.0 0.00000 0 -40.000 -0.1250 -39.999 -0.0001 0 NA
45.00 0.03000 45.0 0.00000 0 -40.000 -0.1250 -39.999 -0.0001 0 NA
50.00 0.03000 50.0 0.00000 0 -40.000 -0.1250 -39.999 -0.0001 0 NA
55.00 0.03000 55.0 0.00000 0 -40.000 -0.1250 -39.999 -0.0001 0 NA
60.00 0.03000 60.0 0.00000 0 -40.000 -0.1250 -39.999 -0.0001 0 NA
65.00 0.03000 65.0 0.00000 0 -40.000 -0.1250 -39.999 -0.0001 0 NA
70.00 0.03000 70.0 0.00000 0 -40.000 -0.1250 -40.000 -0.0001 0 NA
75.00 0.03000 75.0 0.00000 0 -40.000 -0.1250 -40.000 -0.0001 0 NA
80.00 0.03000 80.0 0.00000 0 -40.000 -0.1250 -39.999 -0.0001 0 NA
85.00 0.03000 85.0 0.00000 0 -40.000 -0.1250 -39.999 -0.0001 0 NA
90.00 0.03000 90.0 0.00000 0 -40.000 -0.1250 -40.000 -0.0001 0 NA
95.00 0.03000 95.0 0.00000 0 -40.000 -0.1250 -39.999 -0.0001 0 NA
100.00 0.03000 100.0 0.00000 0 -40.000 -0.1250 -39.999 -0.0001 0 NA
105.00 0.03000 105.0 0.00000 0 -40.000 -0.1250 -40.000 -0.0001 0 NA
110.00 0.03000 110.0 0.00000 0 -40.000 -0.1250 -39.999 -0.0001 0 NA
115.00 0.03000 115.0 0.00000 0 -40.000 -0.1250 -39.999 -0.0001 0 NA
120.00 0.03000 120.0 0.00000 0 -40.000 -0.1250 -39.999 -0.0001 0 NA
125.00 0.03000 125.0 0.00000 0 -40.000 -0.1250 -39.999 -0.0001 0 NA
130.00 0.03000 130.0 0.00000 0 -40.000 -0.1250 -40.000 -0.0001 0 NA
135.00 0.03000 135.0 0.00000 0 -40.000 -0.1250 -39.999 -0.0001 0 NA
140.00 0.03000 140.0 0.00000 0 -40.000 -0.1250 -39.999 -0.0001 0 NA
145.00 0.03000 145.0 0.00000 0 -40.000 -0.1250 -39.999 -0.0001 0 NA
150.00 0.03000 150.0 0.00000 0 -40.000 -0.1250 -39.999 -0.0001 0 NA
155.00 0.03000 155.0 0.00000 0 -40.000 -0.1250 -39.999 -0.0001 0 NA
160.00 0.03000 160.0 0.00000 0 -40.000 -0.1250 -39.999 -0.0001 0 NA
165.00 0.03000 165.0 0.00000 0 -40.000 -0.1250 -39.999 -0.0001 0 NA
170.00 0.03000 170.0 0.00000 0 -40.000 -0.1250 -39.999 -0.0001 0 NA
175.00 0.03000 175.0 0.00000 0 -40.000 -0.1250 -40.000 -0.0001 0 NA
180.00 0.03000 180.0 0.00000 0 -40.000 -0.1250 -39.999 -0.0001 0 NA
185.00 0.03000 185.0 0.00000 0 -40.000 -0.1250 -39.999 -0.0001 0 NA
190.00 0.03000 190.0 0.00000 0 -40.000 -0.1250 -39.999 -0.0001 0 NA
195.00 0.03000 195.0 0.00000 0 -40.000 -0.1250 -40.000 -0.0001 0 NA
200.00 0.03000 200.0 0.00000 0 -40.000 -0.1250 -39.999 -0.0001 0 NA
205.00 0.03000 205.0 0.00000 0 -40.000 -0.1250 -39.999 -0.0001 0 NA
210.00 0.03000 210.0 0.00000 0 -40.000 -0.1250 -40.000 -0.0001 0 NA
215.00 0.03000 215.0 0.00000 0 -40.000 -0.1250 -39.999 -0.0001 0 NA
220.00 0.03000 220.0 0.00000 0 -40.000 -0.1250 -40.000 -0.0001 0 NA
225.00 0.03000 225.0 0.00000 0 -40.000 -0.1250 -39.999 -0.0001 0 NA
230.00 0.03000 230.1 0.00000 0 -40.000 -0.1250 -39.999 -0.0001 0 NA
235.00 0.03000 235.1 0.00000 0 -40.000 -0.1250 -40.000 -0.0001 0 NA
240.00 0.03000 240.1 0.00000 0 -40.000 -0.1250 -39.999 -0.0001 0 NA
245.00 0.03000 245.1 0.00000 0 -40.000 -0.1250 -40.000 -0.0001 0 NA
250.00 0.03000 250.1 0.00000 0 -40.000 -0.1250 -39.999 -0.0001 0 NA
255.00 0.03000 255.1 0.00000 0 -40.000 -0.1250 -39.999 -0.0001 0 NA
260.00 0.03000 260.1 0.00000 0 -40.000 -0.1250 -39.999 -0.0001 0 NA
265.00 0.03000 265.0 0.00000 0 -40.000 -0.1250 -40.000 -0.0001 0 NA
270.00 0.03000 270.1 0.00000 0 -40.000 -0.1250 -39.999 -0.0001 0 NA
275.00 0.03000 275.0 0.00000 0 -40.000 -0.1250 -39.999 -0.0001 0 NA
280.00 0.03000 280.1 0.00000 0 -40.000 -0.1250 -39.999 -0.0001 0 NA
285.00 0.03000 285.0 0.00000 0 -40.000 -0.1250 -39.999 -0.0001 0 NA
290.00 0.03000 290.1 0.00000 0 -40.000 -0.1250 -39.999 -0.0001 0 NA
295.00 0.03000 295.0 0.00006 0 -40.000 -0.1250 -40.000 -0.0001 0 NA
300.00 0.03000 300.0 0.00007 0 -40.000 -0.1250 -39.999 -0.0001 0 NA
305.00 0.03000 305.0 0.00010 0 -40.000 -0.1250 -39.999 -0.0001 0 NA
310.00 0.03000 310.1 0.00014 0 -40.000 -0.1250 -39.999 -0.0001 0 NA
315.00 0.03000 315.0 0.00020 0 -40.000 -0.1250 -39.999 -0.0001 0 NA
320.00 0.03000 320.1 0.00026 0 -40.000 -0.1250 -39.999 -0.0001 0 NA
325.00 0.03000 325.0 0.00035 0 -40.000 -0.1250 -39.999 -0.0001 0 NA
330.00 0.03000 330.0 0.00046 0 -40.000 -0.1250 -40.000 -0.0001 0 NA
335.00 0.03000 335.0 0.00061 0 -40.000 -0.1250 -40.000 -0.0001 0 NA
340.00 0.03000 340.1 0.00078 0 -40.000 -0.1250 -39.999 -0.0001 0 NA
345.00 0.03000 345.0 0.00099 0 -40.000 -0.1250 -39.999 -0.0001 0 NA
350.00 0.03000 350.1 0.00124 0 -40.000 -0.1250 -39.999 -0.0001 0 NA
355.00 0.03000 355.0 0.00154 0 -40.000 -0.1250 -39.999 -0.0001 0 NA
360.00 0.03000 360.0 0.00187 0 -40.000 -0.1250 -39.999 -0.0001 0 NA
365.00 0.03000 365.0 0.00225 0 -40.000 -0.1250 -39.999 -0.0001 0 NA
370.00 0.03000 370.0 0.00266 0 -40.000 -0.1250 -39.999 -0.0001 0 NA
375.00 0.03000 375.0 0.00312 0 -40.000 -0.1250 -39.999 -0.0001 0 NA
380.00 0.03000 380.0 0.00363 0 -40.000 -0.1250 -39.999 -0.0001 0 NA
385.00 0.03000 385.0 0.00418 0 -40.000 -0.1250 -39.999 -0.0001 0 NA
390.00 0.03000 390.0 0.00478 0 -40.000 -0.1250 -39.999 -0.0001 0 NA
395.00 0.03000 395.0 0.00542 0 -40.000 -0.1250 -40.000 -0.0001 0 NA
400.00 0.03000 400.0 0.00610 0 -40.000 -0.1250 -39.999 -0.0001 0 NA
405.00 0.03000 400.0 0.00611 0 -40.000 -0.1250 -40.000 -0.0001 0 NA
410.00 0.03000 410.0 0.00759 0 -40.000 -0.1250 -40.000 -0.0001 0 NA
415.00 0.03000 415.0 0.00839 0 -40.000 -0.1250 -39.999 -0.0001 0 NA
420.00 0.03000 420.0 0.00923 0 -40.000 -0.1250 -40.000 -0.0001 0 NA
425.00 0.03000 425.0 0.01011 0 -40.000 -0.1250 -39.999 -0.0001 0 NA
430.00 0.03000 430.0 0.01101 0 -40.000 -0.1250 -39.999 -0.0001 0 NA
435.00 0.03000 435.0 0.01195 0 -40.000 -0.1250 -39.999 -0.0001 0 NA
440.00 0.03000 440.0 0.01292 0 -40.000 -0.1250 -39.999 -0.0001 0 NA
445.00 0.03000 445.0 0.01391 0 -40.000 -0.1250 -39.999 -0.0001 0 NA
450.00 0.03000 450.0 0.01494 0 -40.000 -0.1250 -39.999 -0.0001 0 NA
0.00 0.03000 0.1 0.00000 0 -45.000 -0.1111 -45.001 -0.0001 0 NA
5.00 0.03000 5.0 0.00000 0 -45.000 -0.1111 -45.001 -0.0001 0 NA
10.00 0.03000 10.0 0.00000 0 -45.000 -0.1111 -45.001 -0.0001 0 NA
15.00 0.03000 15.0 0.00000 0 -45.000 -0.1111 -45.001 -0.0001 0 NA
20.00 0.03000 20.0 0.00000 0 -45.000 -0.1111 -45.001 -0.0001 0 NA
25.00 0.03000 25.0 0.00000 0 -45.000 -0.1111 -45.001 -0.0001 0 NA
30.00 0.03000 30.0 0.00000 0 -45.000 -0.1111 -45.001 -0.0001 0 NA
35.00 0.03000 35.0 0.00000 0 -45.000 -0.1111 -45.001 -0.0001 0 NA
40.00 0.03000 40.0 0.00000 0 -45.000 -0.1111 -45.002 -0.0001 0 NA
45.00 0.03000 45.0 0.00000 0 -45.000 -0.1111 -45.001 -0.0001 0 NA
50.00 0.03000 50.0 0.00000 0 -45.000 -0.1111 -45.001 -0.0001 0 NA
55.00 0.03000 55.0 0.00000 0 -45.000 -0.1111 -45.001 -0.0001 0 NA
60.00 0.03000 60.0 0.00000 0 -45.000 -0.1111 -45.001 -0.0001 0 NA
65.00 0.03000 65.0 0.00000 0 -45.000 -0.1111 -45.001 -0.0001 0 NA
70.00 0.03000 70.0 0.00000 0 -45.000 -0.1111 -45.001 -0.0001 0 NA
75.00 0.03000 75.0 0.00000 0 -45.000 -0.1111 -45.001 -0.0001 0 NA
80.00 0.03000 80.0 0.00000 0 -45.000 -0.1111 -45.001 -0.0001 0 NA
85.00 0.03000 85.0 0.00000 0 -45.000 -0.1111 -45.001 -0.0001 0 NA
90.00 0.03000 90.0 0.00000 0 -45.000 -0.1111 -45.001 -0.0001 0 NA
95.00 0.03000 95.0 0.00000 0 -45.000 -0.1111 -45.001 -0.0001 0 NA
100.00 0.03000 100.0 0.00000 0 -45.000 -0.1111 -45.001 -0.0001 0 NA
105.00 0.03000 105.0 0.00000 0 -45.000 -0.1111 -45.001 -0.0001 0 NA
110.00 0.03000 110.0 0.00000 0 -45.000 -0.1111 -45.001 -0.0001 0 NA
115.00 0.03000 115.0 0.00000 0 -45.000 -0.1111 -45.002 -0.0001 0 NA
120.00 0.03000 120.0 0.00000 0 -45.000 -0.1111 -45.001 -0.0001 0 NA
125.00 0.03000 125.0 0.00000 0 -45.000 -0.1111 -45.001 -0.0001 0 NA
130.00 0.03000 130.0 0.00000 0 -45.000 -0.1111 -45.001 -0.0001 0 NA
135.00 0.03000 135.0 0.00000 0 -45.000 -0.1111 -45.001 -0.0001 0 NA
140.00 0.03000 140.0 0.00000 0 -45.000 -0.1111 -45.001 -0.0001 0 NA
145.00 0.03000 145.0 0.00000 0 -45.000 -0.1111 -45.001 -0.0001 0 NA
150.00 0.03000 150.0 0.00000 0 -45.000 -0.1111 -45.001 -0.0001 0 NA
155.00 0.03000 155.0 0.00000 0 -45.000 -0.1111 -45.001 -0.0001 0 NA
160.00 0.03000 160.0 0.00000 0 -45.000 -0.1111 -45.001 -0.0001 0 NA
165.00 0.03000 165.0 0.00000 0 -45.000 -0.1111 -45.001 -0.0001 0 NA
170.00 0.03000 170.0 0.00000 0 -45.000 -0.1111 -45.001 -0.0001 0 NA
175.00 0.03000 175.0 0.00000 0 -45.000 -0.1111 -45.001 -0.0001 0 NA
180.00 0.03000 180.0 0.00000 0 -45.000 -0.1111 -45.001 -0.0001 0 NA
185.00 0.03000 185.0 0.00000 0 -45.000 -0.1111 -45.002 -0.0001 0 NA
190.00 0.03000 190.0 0.00000 0 -45.000 -0.1111 -45.001 -0.0001 0 NA
195.00 0.03000 195.0 0.00000 0 -45.000 -0.1111 -45.002 -0.0001 0 NA
200.00 0.03000 200.0 0.00000 0 -45.000 -0.1111 -45.001 -0.0001 0 NA
205.00 0.03000 205.0 0.00000 0 -45.000 -0.1111 -45.001 -0.0001 0 NA
210.00 0.03000 210.0 0.00000 0 -45.000 -0.1111 -45.002 -0.0001 0 NA
215.00 0.03000 215.0 0.00000 0 -45.000 -0.1111 -45.001 -0.0001 0 NA
220.00 0.03000 220.0 0.00000 0 -45.000 -0.1111 -45.001 -0.0001 0 NA
225.00 0.03000 225.1 0.00000 0 -45.000 -0.1111 -45.002 -0.0001 0 NA
230.00 0.03000 230.1 0.00000 0 -45.000 -0.1111 -45.002 -0.0001 0 NA
235.00 0.03000 235.1 0.00000 0 -45.000 -0.1111 -45.001 -0.0001 0 NA
240.00 0.03000 240.1 0.00000 0 -45.000 -0.1111 -45.001 -0.0001 0 NA
245.00 0.03000 245.1 0.00000 0 -45.000 -0.1111 -45.001 -0.0001 0 NA
250.00 0.03000 250.1 0.00000 0 -45.000 -0.1111 -45.001 -0.0001 0 NA
255.00 0.03000 255.1 0.00000 0 -45.000 -0.1111 -45.002 -0.0001 0 NA
260.00 0.03000 260.1 0.00000 0 -45.000 -0.1111 -45.002 -0.0001 0 NA
265.00 0.03000 265.0 0.00000 0 -45.000 -0.1111 -45.001 -0.0001 0 NA
270.00 0.03000 270.1 0.00000 0 -45.000 -0.1111 -45.001 -0.0001 0 NA
275.00 0.03000 275.0 0.00000 0 -45.000 -0.1111 -45.001 -0.0001 0 NA
280.00 0.03000 280.1 0.00000 0 -45.000 -0.1111 -45.001 -0.0001 0 NA
285.00 0.03000 285.0 0.00000 0 -45.000 -0.1111 -45.001 -0.0001 0 NA
290.00 0.03000 290.1 0.00000 0 -45.000 -0.1111 -45.001 -0.0001 0 NA
295.00 0.03000 295.0 0.00000 0 -45.000 -0.1111 -45.001 -0.0001 0 NA
300.00 0.03000 300.0 0.00000 0 -45.000 -0.1111 -45.001 -0.0001 0 NA
305.00 0.03000 305.0 0.00000 0 -45.000 -0.1111 -45.001 -0.0001 0 NA
310.00 0.03000 310.1 0.00000 0 -45.000 -0.1111 -45.001 -0.0001 0 NA
315.00 0.03000 315.0 0.00000 0 -45.000 -0.1111 -45.001 -0.0001 0 NA
320.00 0.03000 320.1 0.00000 0 -45.000 -0.1111 -45.001 -0.0001 0 NA
325.00 0.03000 325.0 0.00000 0 -45.000 -0.1111 -45.001 -0.0001 0 NA
330.00 0.03000 330.0 0.00005 0 -45.000 -0.1111 -45.001 -0.0001 0 NA
335.00 0.03000 335.0 0.00007 0 -45.000 -0.1111 -45.001 -0.0001 0 NA
340.00 0.03000 340.1 0.00009 0 -45.000 -0.1111 -45.001 -0.0001 0 NA
345.00 0.03000 345.0 0.00012 0 -45.000 -0.1111 -45.001 -0.0001 0 NA
350.00 0.03000 350.1 0.00016 0 -45.000 -0.1111 -45.001 -0.0001 0 NA
355.00 0.03000 355.0 0.00021 0 -45.000 -0.1111 -45.002 -0.0001 0 NA
360.00 0.03000 360.0 0.00029 0 -45.000 -0.1111 -45.001 -0.0001 0 NA
365.00 0.03000 365.0 0.00038 0 -45.000 -0.1111 -45.001 -0.0001 0 NA
370.00 0.03000 370.0 0.00050 0 -45.000 -0.1111 -45.001 -0.0001 0 NA
375.00 0.03000 375.0 0.00065 0 -45.000 -0.1111 -45.001 -0.0001 0 NA
380.00 0.03000 380.0 0.00083 0 -45.000 -0.1111 -45.001 -0.0001 0 NA
385.00 0.03000 385.0 0.00105 0 -45.000 -0.1111 -45.001 -0.0001 0 NA
390.00 0.03000 390.0 0.00130 0 -45.000 -0.1111 -45.002 -0.0001 0 NA
395.00 0.03000 395.0 0.00159 0 -45.000 -0.1111 -45.001 -0.0001 0 NA
400.00 0.03000 400.0 0.00192 0 -45.000 -0.1111 -45.001 -0.0001 0 NA
405.00 0.03000 405.0 0.00231 0 -45.000 -0.1111 -45.001 -0.0001 0 NA
410.00 0.03000 410.0 0.00272 0 -45.000 -0.1111 -45.001 -0.0001 0 NA
415.00 0.03000 415.0 0.00319 0 -45.000 -0.1111 -45.001 -0.0001 0 NA
420.00 0.03000 420.0 0.00369 0 -45.000 -0.1111 -45.001 -0.0001 0 NA
425.00 0.03000 425.0 0.00424 0 -45.000 -0.1111 -45.001 -0.0001 0 NA
430.00 0.03000 430.0 0.00482 0 -45.000 -0.1111 -45.002 -0.0001 0 NA
435.00 0.03000 435.0 0.00546 0 -45.000 -0.1111 -45.002 -0.0001 0 NA
440.00 0.03000 440.0 0.00613 0 -45.000 -0.1111 -45.001 -0.0001 0 NA
445.00 0.03000 445.0 0.00685 0 -45.000 -0.1111 -45.001 -0.0001 0 NA
450.00 0.03000 450.0 0.00761 0 -45.000 -0.1111 -45.001 -0.0001 0 NA
