% * Sample: FQA12P20_4
% * Date / time: 2023-03-04 09:55:33.662825
% * R2CONTROL =  NOT SPECIFIED
% Column 1:  PSU1 nominal voltage setting (V)
% Column 2:  PSU1 nominal current setting (A)
% Column 3:  PSU1 voltage measurement (V)
% Column 4:  PSU1 current measurement (I)
% Column 5:  PSU1 limiter flag
% Column 6:  PSU2 nominal voltage setting (V)
% Column 7:  PSU2 nominal current setting (A)
% Column 8:  PSU2 voltage measurement (V)
% Column 9:  PSU2 current measurement (I)
% Column 10: PSU2 limiter flag
% Column 11: Heaterblock temperature (°C)
% * OPERATING POINT AT END OF PREHEAT / IDLE: U1 = -23.999 V  I1 = -0.9989 A  U2 = -4.787 V  I2 = -0.0001 A  T = 50.31 °C
-0.000 -6.0000 -0.000 -0.0006 0 -4.400 -1.0000 -4.400 -0.0001 0 50.12
-2.000 -6.0000 -2.000 -0.1543 0 -4.400 -1.0000 -4.400 -0.0001 0 49.81
-4.000 -6.0000 -4.000 -0.1623 0 -4.400 -1.0000 -4.400 -0.0001 0 49.62
-6.000 -6.0000 -6.000 -0.1689 0 -4.400 -1.0000 -4.400 -0.0001 0 49.56
-8.000 -6.0000 -7.999 -0.1750 0 -4.400 -1.0000 -4.400 -0.0001 0 49.62
-10.000 -6.0000 -9.999 -0.1809 0 -4.400 -1.0000 -4.400 -0.0001 0 49.75
-12.000 -5.0000 -11.999 -0.1866 0 -4.400 -1.0000 -4.400 -0.0001 0 49.88
-14.000 -4.2857 -13.998 -0.1921 0 -4.400 -1.0000 -4.400 -0.0001 0 50.00
-16.000 -3.7500 -15.998 -0.1974 0 -4.400 -1.0000 -4.400 -0.0001 0 50.06
-18.000 -3.3333 -17.998 -0.2022 0 -4.400 -1.0000 -4.400 -0.0001 0 50.06
-20.000 -3.0000 -19.999 -0.2067 0 -4.400 -1.0000 -4.400 -0.0001 0 50.06
-22.000 -2.7273 -21.998 -0.2111 0 -4.400 -1.0000 -4.400 -0.0001 0 50.06
-24.000 -2.5000 -23.999 -0.2153 0 -4.400 -1.0000 -4.400 -0.0001 0 50.00
-26.000 -2.3077 -25.999 -0.2198 0 -4.400 -1.0000 -4.400 -0.0001 0 50.00
-0.000 -6.0000 -0.000 -0.0009 0 -4.600 -1.0000 -4.600 -0.0001 0 50.00
-2.000 -6.0000 -2.000 -0.3443 0 -4.600 -1.0000 -4.599 -0.0001 0 49.94
-4.000 -6.0000 -4.001 -0.3649 0 -4.600 -1.0000 -4.599 -0.0001 0 49.94
-6.000 -6.0000 -6.000 -0.3809 0 -4.600 -1.0000 -4.599 -0.0001 0 49.94
-8.000 -6.0000 -7.999 -0.3956 0 -4.600 -1.0000 -4.599 -0.0001 0 49.94
-10.000 -6.0000 -9.999 -0.4101 0 -4.600 -1.0000 -4.599 -0.0001 0 50.00
-12.000 -5.0000 -11.999 -0.4245 0 -4.600 -1.0000 -4.600 -0.0001 0 50.06
-14.000 -4.2857 -13.998 -0.4388 0 -4.600 -1.0000 -4.599 -0.0001 0 50.06
-16.000 -3.7500 -15.998 -0.4533 0 -4.600 -1.0000 -4.599 -0.0001 0 50.06
-18.000 -3.3333 -17.998 -0.4677 0 -4.600 -1.0000 -4.599 -0.0001 0 50.06
-20.000 -3.0000 -19.999 -0.4822 0 -4.600 -1.0000 -4.600 -0.0001 0 50.06
-22.000 -2.7273 -21.998 -0.4968 0 -4.600 -1.0000 -4.600 -0.0001 0 50.12
-24.000 -2.5000 -23.999 -0.5120 0 -4.600 -1.0000 -4.600 -0.0001 0 50.12
-26.000 -2.3077 -25.999 -0.5277 0 -4.600 -1.0000 -4.599 -0.0001 0 50.12
-0.000 -6.0000 -0.000 -0.0011 0 -4.800 -1.0000 -4.800 -0.0001 0 50.12
-2.000 -6.0000 -2.000 -0.6478 0 -4.800 -1.0000 -4.800 -0.0001 0 49.94
-4.000 -6.0000 -4.000 -0.6899 0 -4.800 -1.0000 -4.800 -0.0001 0 49.81
-6.000 -6.0000 -6.000 -0.7229 0 -4.800 -1.0000 -4.800 -0.0001 0 49.81
-8.000 -6.0000 -7.999 -0.7544 0 -4.800 -1.0000 -4.800 -0.0001 0 49.88
-10.000 -6.0000 -9.999 -0.7855 0 -4.800 -1.0000 -4.800 -0.0001 0 49.94
-12.000 -5.0000 -11.999 -0.8170 0 -4.800 -1.0000 -4.800 -0.0001 0 50.00
-14.000 -4.2857 -13.998 -0.8497 0 -4.800 -1.0000 -4.800 -0.0001 0 50.06
-16.000 -3.7500 -15.998 -0.8831 0 -4.800 -1.0000 -4.800 -0.0001 0 50.12
-18.000 -3.3333 -17.998 -0.9172 0 -4.800 -1.0000 -4.800 -0.0001 0 50.19
-20.000 -3.0000 -19.999 -0.9532 0 -4.800 -1.0000 -4.800 -0.0001 0 50.19
-22.000 -2.7273 -21.998 -0.9907 0 -4.800 -1.0000 -4.800 -0.0001 0 50.19
-24.000 -2.5000 -23.999 -1.0314 0 -4.800 -1.0000 -4.800 -0.0001 0 50.19
-26.000 -2.3077 -25.999 -1.0752 0 -4.800 -1.0000 -4.799 -0.0001 0 50.19
-0.000 -6.0000 -0.000 -0.0012 0 -5.000 -1.0000 -4.999 -0.0001 0 50.19
-2.000 -6.0000 -2.000 -1.0645 0 -5.000 -1.0000 -4.999 -0.0001 0 49.88
-4.000 -6.0000 -4.000 -1.1416 0 -5.000 -1.0000 -4.999 -0.0001 0 49.69
-6.000 -6.0000 -6.000 -1.2003 0 -5.000 -1.0000 -5.000 -0.0001 0 49.62
-8.000 -6.0000 -7.999 -1.2558 0 -5.000 -1.0000 -4.999 -0.0001 0 49.69
-10.000 -6.0000 -9.999 -1.3121 0 -5.000 -1.0000 -5.000 -0.0001 0 49.81
-12.000 -5.0000 -11.999 -1.3697 0 -5.000 -1.0000 -4.999 -0.0001 0 50.00
-14.000 -4.2857 -13.998 -1.4294 0 -5.000 -1.0000 -4.999 -0.0001 0 50.12
-16.000 -3.7500 -15.998 -1.4922 0 -5.000 -1.0000 -4.999 -0.0001 0 50.25
-18.000 -3.3333 -17.998 -1.5581 0 -5.000 -1.0000 -5.000 -0.0001 0 50.31
-20.000 -3.0000 -19.999 -1.6290 0 -5.000 -1.0000 -4.999 -0.0001 0 50.31
-22.000 -2.7273 -21.998 -1.7070 0 -5.000 -1.0000 -5.000 -0.0001 0 50.31
-24.000 -2.5000 -23.999 -1.7930 0 -5.000 -1.0000 -4.999 -0.0001 0 50.38
-26.000 -2.3077 -25.998 -1.8910 0 -5.000 -1.0000 -5.000 -0.0001 0 50.44
