% * Sample: 801A_10_GENERALELECTRIC_BROWNBASE
% * Date / time: 2024-11-01 17:35:24.936980
% * R2CONTROL =  NOT SPECIFIED
% Column 1:  PSU1 nominal voltage setting (V)
% Column 2:  PSU1 nominal current setting (A)
% Column 3:  PSU1 voltage measurement (V)
% Column 4:  PSU1 current measurement (I)
% Column 5:  PSU1 limiter flag
% Column 6:  PSU2 nominal voltage setting (V)
% Column 7:  PSU2 nominal current setting (A)
% Column 8:  PSU2 voltage measurement (V)
% Column 9:  PSU2 current measurement (I)
% Column 10: PSU2 limiter flag
% Column 11: Heaterblock temperature (°C)
% * OPERATING POINT AT END OF PREHEAT / IDLE: U1 = 300.1 V  I1 = 0.02000 A  U2 = -19.185 V  I2 = -0.0002 A  T = NA °C
0.00 0.03000 0.1 0.00000 0 -0.000 -1.0000 -0.000 -0.0002 0 NA
5.00 0.03000 5.0 0.00009 0 -0.000 -1.0000 -0.000 -0.0002 0 NA
10.00 0.03000 10.0 0.00017 0 -0.000 -1.0000 -0.000 -0.0002 0 NA
15.00 0.03000 15.0 0.00028 0 -0.000 -1.0000 -0.000 -0.0002 0 NA
20.00 0.03000 20.0 0.00043 0 -0.000 -1.0000 -0.000 -0.0002 0 NA
25.00 0.03000 25.0 0.00063 0 -0.000 -1.0000 -0.000 -0.0002 0 NA
30.00 0.03000 30.0 0.00089 0 -0.000 -1.0000 -0.000 -0.0002 0 NA
35.00 0.03000 35.0 0.00120 0 -0.000 -1.0000 -0.000 -0.0002 0 NA
40.00 0.03000 40.0 0.00156 0 -0.000 -1.0000 -0.000 -0.0002 0 NA
45.00 0.03000 45.0 0.00198 0 -0.000 -1.0000 -0.000 -0.0002 0 NA
50.00 0.03000 50.0 0.00244 0 -0.000 -1.0000 -0.000 -0.0002 0 NA
55.00 0.03000 55.0 0.00296 0 -0.000 -1.0000 -0.000 -0.0002 0 NA
60.00 0.03000 60.0 0.00353 0 -0.000 -1.0000 -0.000 -0.0002 0 NA
65.00 0.03000 65.0 0.00415 0 -0.000 -1.0000 -0.000 -0.0002 0 NA
70.00 0.03000 70.0 0.00482 0 -0.000 -1.0000 -0.000 -0.0002 0 NA
75.00 0.03000 75.0 0.00554 0 -0.000 -1.0000 -0.000 -0.0002 0 NA
80.00 0.03000 80.0 0.00631 0 -0.000 -1.0000 -0.000 -0.0002 0 NA
85.00 0.03000 85.0 0.00711 0 -0.000 -1.0000 -0.000 -0.0002 0 NA
90.00 0.03000 90.0 0.00795 0 -0.000 -1.0000 -0.000 -0.0002 0 NA
95.00 0.03000 95.0 0.00881 0 -0.000 -1.0000 -0.000 -0.0002 0 NA
100.00 0.03000 100.0 0.00972 0 -0.000 -1.0000 -0.000 -0.0002 0 NA
105.00 0.03000 105.0 0.01064 0 -0.000 -1.0000 -0.000 -0.0002 0 NA
110.00 0.03000 110.0 0.01161 0 -0.000 -1.0000 -0.000 -0.0002 0 NA
115.00 0.03000 115.0 0.01259 0 -0.000 -1.0000 -0.000 -0.0002 0 NA
120.00 0.03000 120.0 0.01361 0 -0.000 -1.0000 -0.000 -0.0002 0 NA
125.00 0.03000 125.0 0.01464 0 -0.000 -1.0000 -0.000 -0.0002 0 NA
130.00 0.03000 130.0 0.01570 0 -0.000 -1.0000 -0.000 -0.0002 0 NA
135.00 0.03000 135.0 0.01679 0 -0.000 -1.0000 -0.000 -0.0002 0 NA
140.00 0.03000 140.0 0.01790 0 -0.000 -1.0000 -0.000 -0.0002 0 NA
145.00 0.03000 145.0 0.01902 0 -0.000 -1.0000 -0.000 -0.0002 0 NA
150.00 0.03000 150.0 0.02018 0 -0.000 -1.0000 -0.000 -0.0002 0 NA
155.00 0.03000 155.0 0.02136 0 -0.000 -1.0000 -0.000 -0.0002 0 NA
160.00 0.03000 160.0 0.02255 0 -0.000 -1.0000 -0.000 -0.0002 0 NA
165.00 0.03000 165.0 0.02376 0 -0.000 -1.0000 -0.000 -0.0002 0 NA
170.00 0.03000 170.0 0.02499 0 -0.000 -1.0000 -0.000 -0.0002 0 NA
175.00 0.03000 175.0 0.02624 0 -0.000 -1.0000 -0.000 -0.0002 0 NA
180.00 0.03000 180.0 0.02752 0 -0.000 -1.0000 -0.000 -0.0002 0 NA
185.00 0.03000 185.0 0.02881 0 -0.000 -1.0000 -0.000 -0.0002 0 NA
190.00 0.03000 190.0 0.03011 1 -0.000 -1.0000 -0.000 -0.0002 0 NA
0.00 0.03000 0.1 0.00000 0 -5.000 -1.0000 -5.000 -0.0002 0 NA
5.00 0.03000 5.0 0.00000 0 -5.000 -1.0000 -5.000 -0.0002 0 NA
10.00 0.03000 10.0 0.00000 0 -5.000 -1.0000 -5.000 -0.0002 0 NA
15.00 0.03000 15.0 0.00000 0 -5.000 -1.0000 -5.000 -0.0002 0 NA
20.00 0.03000 20.0 0.00000 0 -5.000 -1.0000 -5.000 -0.0002 0 NA
25.00 0.03000 25.0 0.00000 0 -5.000 -1.0000 -5.000 -0.0002 0 NA
30.00 0.03000 30.0 0.00000 0 -5.000 -1.0000 -5.000 -0.0002 0 NA
35.00 0.03000 35.0 0.00000 0 -5.000 -1.0000 -5.000 -0.0002 0 NA
40.00 0.03000 40.0 0.00007 0 -5.000 -1.0000 -5.000 -0.0002 0 NA
45.00 0.03000 45.0 0.00012 0 -5.000 -1.0000 -5.000 -0.0002 0 NA
50.00 0.03000 50.0 0.00020 0 -5.000 -1.0000 -5.000 -0.0002 0 NA
55.00 0.03000 55.0 0.00032 0 -5.000 -1.0000 -5.000 -0.0002 0 NA
60.00 0.03000 60.0 0.00048 0 -5.000 -1.0000 -5.000 -0.0002 0 NA
65.00 0.03000 65.0 0.00069 0 -5.000 -1.0000 -5.000 -0.0002 0 NA
70.00 0.03000 70.0 0.00095 0 -5.000 -1.0000 -5.000 -0.0002 0 NA
75.00 0.03000 75.0 0.00127 0 -5.000 -1.0000 -5.000 -0.0002 0 NA
80.00 0.03000 80.0 0.00163 0 -5.000 -1.0000 -5.000 -0.0002 0 NA
85.00 0.03000 85.0 0.00205 0 -5.000 -1.0000 -5.000 -0.0002 0 NA
90.00 0.03000 90.0 0.00251 0 -5.000 -1.0000 -5.000 -0.0002 0 NA
95.00 0.03000 95.0 0.00303 0 -5.000 -1.0000 -5.000 -0.0002 0 NA
100.00 0.03000 100.0 0.00360 0 -5.000 -1.0000 -5.000 -0.0002 0 NA
105.00 0.03000 105.0 0.00422 0 -5.000 -1.0000 -5.000 -0.0002 0 NA
110.00 0.03000 110.0 0.00489 0 -5.000 -1.0000 -5.000 -0.0002 0 NA
115.00 0.03000 115.0 0.00560 0 -5.000 -1.0000 -5.000 -0.0002 0 NA
120.00 0.03000 120.0 0.00636 0 -5.000 -1.0000 -5.000 -0.0002 0 NA
125.00 0.03000 125.0 0.00716 0 -5.000 -1.0000 -5.000 -0.0002 0 NA
130.00 0.03000 130.0 0.00799 0 -5.000 -1.0000 -5.000 -0.0002 0 NA
135.00 0.03000 135.0 0.00886 0 -5.000 -1.0000 -5.000 -0.0002 0 NA
140.00 0.03000 140.0 0.00975 0 -5.000 -1.0000 -5.000 -0.0002 0 NA
145.00 0.03000 145.0 0.01068 0 -5.000 -1.0000 -5.000 -0.0002 0 NA
150.00 0.03000 150.0 0.01164 0 -5.000 -1.0000 -5.000 -0.0002 0 NA
155.00 0.03000 155.0 0.01263 0 -5.000 -1.0000 -5.000 -0.0002 0 NA
160.00 0.03000 160.0 0.01363 0 -5.000 -1.0000 -4.999 -0.0002 0 NA
165.00 0.03000 165.0 0.01467 0 -5.000 -1.0000 -5.000 -0.0002 0 NA
170.00 0.03000 170.0 0.01574 0 -5.000 -1.0000 -5.000 -0.0002 0 NA
175.00 0.03000 175.0 0.01682 0 -5.000 -1.0000 -5.000 -0.0002 0 NA
180.00 0.03000 180.0 0.01793 0 -5.000 -1.0000 -5.000 -0.0002 0 NA
185.00 0.03000 185.0 0.01906 0 -5.000 -1.0000 -5.000 -0.0002 0 NA
190.00 0.03000 190.0 0.02022 0 -5.000 -1.0000 -5.000 -0.0002 0 NA
195.00 0.03000 195.0 0.02139 0 -5.000 -1.0000 -4.999 -0.0002 0 NA
200.00 0.03000 200.0 0.02258 0 -5.000 -1.0000 -5.000 -0.0002 0 NA
205.00 0.03000 205.0 0.02380 0 -5.000 -1.0000 -5.000 -0.0002 0 NA
210.00 0.03000 210.0 0.02504 0 -5.000 -1.0000 -5.000 -0.0002 0 NA
215.00 0.03000 215.0 0.02629 0 -5.000 -1.0000 -5.000 -0.0002 0 NA
220.00 0.03000 220.0 0.02757 0 -5.000 -1.0000 -5.000 -0.0002 0 NA
225.00 0.03000 225.1 0.02886 0 -5.000 -1.0000 -5.000 -0.0002 0 NA
230.00 0.03000 230.1 0.03017 1 -5.000 -1.0000 -5.000 -0.0002 0 NA
0.00 0.03000 0.1 0.00000 0 -10.000 -0.5000 -10.000 -0.0002 0 NA
5.00 0.03000 5.0 0.00000 0 -10.000 -0.5000 -10.000 -0.0002 0 NA
10.00 0.03000 10.0 0.00000 0 -10.000 -0.5000 -9.999 -0.0002 0 NA
15.00 0.03000 15.0 0.00000 0 -10.000 -0.5000 -10.000 -0.0002 0 NA
20.00 0.03000 20.0 0.00000 0 -10.000 -0.5000 -10.000 -0.0002 0 NA
25.00 0.03000 25.0 0.00000 0 -10.000 -0.5000 -10.000 -0.0002 0 NA
30.00 0.03000 30.0 0.00000 0 -10.000 -0.5000 -10.000 -0.0002 0 NA
35.00 0.03000 35.0 0.00000 0 -10.000 -0.5000 -9.999 -0.0002 0 NA
40.00 0.03000 40.0 0.00000 0 -10.000 -0.5000 -10.000 -0.0002 0 NA
45.00 0.03000 45.0 0.00000 0 -10.000 -0.5000 -10.000 -0.0002 0 NA
50.00 0.03000 50.0 0.00000 0 -10.000 -0.5000 -10.000 -0.0002 0 NA
55.00 0.03000 55.0 0.00000 0 -10.000 -0.5000 -10.000 -0.0002 0 NA
60.00 0.03000 60.0 0.00000 0 -10.000 -0.5000 -10.000 -0.0002 0 NA
65.00 0.03000 65.0 0.00000 0 -10.000 -0.5000 -9.999 -0.0002 0 NA
70.00 0.03000 70.0 0.00000 0 -10.000 -0.5000 -10.000 -0.0002 0 NA
75.00 0.03000 75.0 0.00005 0 -10.000 -0.5000 -10.000 -0.0002 0 NA
80.00 0.03000 80.0 0.00008 0 -10.000 -0.5000 -10.000 -0.0002 0 NA
85.00 0.03000 85.0 0.00014 0 -10.000 -0.5000 -10.000 -0.0002 0 NA
90.00 0.03000 90.0 0.00024 0 -10.000 -0.5000 -10.000 -0.0002 0 NA
95.00 0.03000 95.0 0.00037 0 -10.000 -0.5000 -10.000 -0.0002 0 NA
100.00 0.03000 100.0 0.00055 0 -10.000 -0.5000 -10.000 -0.0002 0 NA
105.00 0.03000 105.0 0.00078 0 -10.000 -0.5000 -9.999 -0.0002 0 NA
110.00 0.03000 110.0 0.00105 0 -10.000 -0.5000 -10.000 -0.0002 0 NA
115.00 0.03000 115.0 0.00136 0 -10.000 -0.5000 -10.000 -0.0002 0 NA
120.00 0.03000 120.0 0.00173 0 -10.000 -0.5000 -10.000 -0.0002 0 NA
125.00 0.03000 125.0 0.00215 0 -10.000 -0.5000 -10.000 -0.0002 0 NA
130.00 0.03000 130.0 0.00262 0 -10.000 -0.5000 -10.000 -0.0002 0 NA
135.00 0.03000 135.0 0.00315 0 -10.000 -0.5000 -10.000 -0.0002 0 NA
140.00 0.03000 140.0 0.00372 0 -10.000 -0.5000 -10.000 -0.0002 0 NA
145.00 0.03000 145.0 0.00434 0 -10.000 -0.5000 -10.000 -0.0002 0 NA
150.00 0.03000 150.0 0.00501 0 -10.000 -0.5000 -10.000 -0.0002 0 NA
155.00 0.03000 155.0 0.00572 0 -10.000 -0.5000 -10.000 -0.0002 0 NA
160.00 0.03000 160.0 0.00647 0 -10.000 -0.5000 -10.000 -0.0002 0 NA
165.00 0.03000 165.0 0.00726 0 -10.000 -0.5000 -10.000 -0.0002 0 NA
170.00 0.03000 170.0 0.00809 0 -10.000 -0.5000 -10.000 -0.0002 0 NA
175.00 0.03000 175.0 0.00895 0 -10.000 -0.5000 -10.000 -0.0002 0 NA
180.00 0.03000 180.0 0.00985 0 -10.000 -0.5000 -10.000 -0.0002 0 NA
185.00 0.03000 185.0 0.01078 0 -10.000 -0.5000 -10.000 -0.0002 0 NA
190.00 0.03000 190.0 0.01173 0 -10.000 -0.5000 -10.000 -0.0002 0 NA
195.00 0.03000 195.0 0.01271 0 -10.000 -0.5000 -10.000 -0.0002 0 NA
200.00 0.03000 200.0 0.01372 0 -10.000 -0.5000 -10.000 -0.0002 0 NA
205.00 0.03000 205.0 0.01476 0 -10.000 -0.5000 -10.000 -0.0002 0 NA
210.00 0.03000 210.0 0.01582 0 -10.000 -0.5000 -10.000 -0.0002 0 NA
215.00 0.03000 215.0 0.01690 0 -10.000 -0.5000 -10.000 -0.0002 0 NA
220.00 0.03000 220.0 0.01802 0 -10.000 -0.5000 -10.000 -0.0002 0 NA
225.00 0.03000 225.1 0.01916 0 -10.000 -0.5000 -10.000 -0.0002 0 NA
230.00 0.03000 230.1 0.02031 0 -10.000 -0.5000 -10.000 -0.0002 0 NA
235.00 0.03000 235.1 0.02156 0 -10.000 -0.5000 -10.000 -0.0002 0 NA
240.00 0.03000 240.1 0.02281 0 -10.000 -0.5000 -9.999 -0.0002 0 NA
245.00 0.03000 245.1 0.02403 0 -10.000 -0.5000 -10.000 -0.0002 0 NA
250.00 0.03000 250.1 0.02527 0 -10.000 -0.5000 -10.000 -0.0002 0 NA
255.00 0.03000 255.1 0.02654 0 -10.000 -0.5000 -10.000 -0.0002 0 NA
260.00 0.03000 260.1 0.02782 0 -10.000 -0.5000 -10.000 -0.0002 0 NA
265.00 0.03000 265.0 0.02911 0 -10.000 -0.5000 -10.000 -0.0002 0 NA
270.00 0.03000 270.1 0.03045 1 -10.000 -0.5000 -10.000 -0.0002 0 NA
0.00 0.03000 0.1 0.00000 0 -15.000 -0.3333 -14.999 -0.0002 0 NA
5.00 0.03000 5.0 0.00000 0 -15.000 -0.3333 -14.999 -0.0002 0 NA
10.00 0.03000 10.0 0.00000 0 -15.000 -0.3333 -15.000 -0.0002 0 NA
15.00 0.03000 15.0 0.00000 0 -15.000 -0.3333 -14.999 -0.0002 0 NA
20.00 0.03000 20.0 0.00000 0 -15.000 -0.3333 -15.000 -0.0002 0 NA
25.00 0.03000 25.0 0.00000 0 -15.000 -0.3333 -15.000 -0.0002 0 NA
30.00 0.03000 30.0 0.00000 0 -15.000 -0.3333 -15.000 -0.0002 0 NA
35.00 0.03000 35.0 0.00000 0 -15.000 -0.3333 -14.999 -0.0002 0 NA
40.00 0.03000 40.0 0.00000 0 -15.000 -0.3333 -15.000 -0.0002 0 NA
45.00 0.03000 45.0 0.00000 0 -15.000 -0.3333 -15.000 -0.0002 0 NA
50.00 0.03000 50.0 0.00000 0 -15.000 -0.3333 -14.999 -0.0002 0 NA
55.00 0.03000 55.0 0.00000 0 -15.000 -0.3333 -14.999 -0.0002 0 NA
60.00 0.03000 60.0 0.00000 0 -15.000 -0.3333 -15.000 -0.0002 0 NA
65.00 0.03000 65.0 0.00000 0 -15.000 -0.3333 -14.999 -0.0002 0 NA
70.00 0.03000 70.0 0.00000 0 -15.000 -0.3333 -15.000 -0.0002 0 NA
75.00 0.03000 75.0 0.00000 0 -15.000 -0.3333 -15.000 -0.0002 0 NA
80.00 0.03000 80.0 0.00000 0 -15.000 -0.3333 -15.000 -0.0002 0 NA
85.00 0.03000 85.0 0.00000 0 -15.000 -0.3333 -14.999 -0.0002 0 NA
90.00 0.03000 90.0 0.00000 0 -15.000 -0.3333 -14.999 -0.0002 0 NA
95.00 0.03000 95.0 0.00000 0 -15.000 -0.3333 -14.999 -0.0002 0 NA
100.00 0.03000 100.0 0.00000 0 -15.000 -0.3333 -14.999 -0.0002 0 NA
105.00 0.03000 105.0 0.00000 0 -15.000 -0.3333 -15.000 -0.0002 0 NA
110.00 0.03000 110.0 0.00005 0 -15.000 -0.3333 -14.999 -0.0002 0 NA
115.00 0.03000 115.0 0.00007 0 -15.000 -0.3333 -14.999 -0.0002 0 NA
120.00 0.03000 120.0 0.00012 0 -15.000 -0.3333 -15.000 -0.0002 0 NA
125.00 0.03000 125.0 0.00020 0 -15.000 -0.3333 -14.999 -0.0002 0 NA
130.00 0.03000 130.0 0.00030 0 -15.000 -0.3333 -15.000 -0.0002 0 NA
135.00 0.03000 135.0 0.00045 0 -15.000 -0.3333 -15.000 -0.0002 0 NA
140.00 0.03000 140.0 0.00064 0 -15.000 -0.3333 -14.999 -0.0002 0 NA
145.00 0.03000 145.0 0.00089 0 -15.000 -0.3333 -15.000 -0.0002 0 NA
150.00 0.03000 150.0 0.00117 0 -15.000 -0.3333 -15.000 -0.0002 0 NA
155.00 0.03000 155.0 0.00150 0 -15.000 -0.3333 -15.000 -0.0002 0 NA
160.00 0.03000 160.0 0.00189 0 -15.000 -0.3333 -15.000 -0.0002 0 NA
165.00 0.03000 165.0 0.00232 0 -15.000 -0.3333 -15.000 -0.0002 0 NA
170.00 0.03000 170.0 0.00280 0 -15.000 -0.3333 -15.000 -0.0002 0 NA
175.00 0.03000 175.0 0.00333 0 -15.000 -0.3333 -14.999 -0.0002 0 NA
180.00 0.03000 180.0 0.00391 0 -15.000 -0.3333 -14.999 -0.0002 0 NA
185.00 0.03000 185.0 0.00454 0 -15.000 -0.3333 -15.000 -0.0002 0 NA
190.00 0.03000 190.0 0.00521 0 -15.000 -0.3333 -14.999 -0.0002 0 NA
195.00 0.03000 195.0 0.00593 0 -15.000 -0.3333 -15.000 -0.0002 0 NA
200.00 0.03000 200.0 0.00668 0 -15.000 -0.3333 -14.999 -0.0002 0 NA
205.00 0.03000 205.0 0.00748 0 -15.000 -0.3333 -14.999 -0.0002 0 NA
210.00 0.03000 210.0 0.00830 0 -15.000 -0.3333 -15.000 -0.0002 0 NA
215.00 0.03000 215.0 0.00917 0 -15.000 -0.3333 -14.999 -0.0002 0 NA
220.00 0.03000 220.0 0.01007 0 -15.000 -0.3333 -14.999 -0.0002 0 NA
225.00 0.03000 225.1 0.01100 0 -15.000 -0.3333 -15.000 -0.0002 0 NA
230.00 0.03000 230.1 0.01195 0 -15.000 -0.3333 -14.999 -0.0002 0 NA
235.00 0.03000 235.1 0.01294 0 -15.000 -0.3333 -15.000 -0.0002 0 NA
240.00 0.03000 240.1 0.01396 0 -15.000 -0.3333 -15.000 -0.0002 0 NA
245.00 0.03000 245.1 0.01499 0 -15.000 -0.3333 -14.999 -0.0002 0 NA
250.00 0.03000 250.1 0.01607 0 -15.000 -0.3333 -15.000 -0.0002 0 NA
255.00 0.03000 255.1 0.01716 0 -15.000 -0.3333 -14.999 -0.0002 0 NA
260.00 0.03000 260.1 0.01827 0 -15.000 -0.3333 -15.000 -0.0002 0 NA
265.00 0.03000 265.0 0.01941 0 -15.000 -0.3333 -14.999 -0.0002 0 NA
270.00 0.03000 270.1 0.02058 0 -15.000 -0.3333 -14.999 -0.0002 0 NA
275.00 0.03000 275.1 0.02176 0 -15.000 -0.3333 -14.999 -0.0002 0 NA
280.00 0.03000 280.1 0.02297 0 -15.000 -0.3333 -15.000 -0.0002 0 NA
285.00 0.03000 285.0 0.02420 0 -15.000 -0.3333 -15.000 -0.0002 0 NA
290.00 0.03000 290.1 0.02546 0 -15.000 -0.3333 -14.999 -0.0002 0 NA
295.00 0.03000 295.0 0.02673 0 -15.000 -0.3333 -14.999 -0.0002 0 NA
300.00 0.03000 300.1 0.02803 0 -15.000 -0.3333 -15.000 -0.0002 0 NA
305.00 0.03000 305.1 0.02937 0 -15.000 -0.3333 -15.000 -0.0002 0 NA
310.00 0.03000 310.1 0.03071 1 -15.000 -0.3333 -14.999 -0.0002 0 NA
0.00 0.03000 0.1 0.00000 0 -20.000 -0.2500 -20.000 -0.0002 0 NA
5.00 0.03000 5.0 0.00000 0 -20.000 -0.2500 -20.000 -0.0002 0 NA
10.00 0.03000 10.0 0.00000 0 -20.000 -0.2500 -20.000 -0.0002 0 NA
15.00 0.03000 15.0 0.00000 0 -20.000 -0.2500 -20.000 -0.0002 0 NA
20.00 0.03000 20.0 0.00000 0 -20.000 -0.2500 -20.000 -0.0002 0 NA
25.00 0.03000 25.0 0.00000 0 -20.000 -0.2500 -20.000 -0.0002 0 NA
30.00 0.03000 30.0 0.00000 0 -20.000 -0.2500 -20.000 -0.0002 0 NA
35.00 0.03000 35.0 0.00000 0 -20.000 -0.2500 -20.000 -0.0002 0 NA
40.00 0.03000 40.0 0.00000 0 -20.000 -0.2500 -20.000 -0.0002 0 NA
45.00 0.03000 45.0 0.00000 0 -20.000 -0.2500 -20.000 -0.0002 0 NA
50.00 0.03000 50.0 0.00000 0 -20.000 -0.2500 -20.000 -0.0002 0 NA
55.00 0.03000 55.0 0.00000 0 -20.000 -0.2500 -20.000 -0.0002 0 NA
60.00 0.03000 60.0 0.00000 0 -20.000 -0.2500 -20.000 -0.0002 0 NA
65.00 0.03000 65.0 0.00000 0 -20.000 -0.2500 -20.000 -0.0002 0 NA
70.00 0.03000 70.0 0.00000 0 -20.000 -0.2500 -20.000 -0.0002 0 NA
75.00 0.03000 75.0 0.00000 0 -20.000 -0.2500 -20.000 -0.0002 0 NA
80.00 0.03000 80.0 0.00000 0 -20.000 -0.2500 -20.000 -0.0002 0 NA
85.00 0.03000 85.0 0.00000 0 -20.000 -0.2500 -20.000 -0.0002 0 NA
90.00 0.03000 90.0 0.00000 0 -20.000 -0.2500 -20.000 -0.0002 0 NA
95.00 0.03000 95.0 0.00000 0 -20.000 -0.2500 -20.000 -0.0002 0 NA
100.00 0.03000 100.0 0.00000 0 -20.000 -0.2500 -20.000 -0.0002 0 NA
105.00 0.03000 105.0 0.00000 0 -20.000 -0.2500 -20.000 -0.0002 0 NA
110.00 0.03000 110.0 0.00000 0 -20.000 -0.2500 -20.000 -0.0002 0 NA
115.00 0.03000 115.0 0.00000 0 -20.000 -0.2500 -20.000 -0.0002 0 NA
120.00 0.03000 120.0 0.00000 0 -20.000 -0.2500 -20.000 -0.0002 0 NA
125.00 0.03000 125.0 0.00000 0 -20.000 -0.2500 -20.000 -0.0002 0 NA
130.00 0.03000 130.0 0.00000 0 -20.000 -0.2500 -20.000 -0.0002 0 NA
135.00 0.03000 135.0 0.00000 0 -20.000 -0.2500 -20.000 -0.0002 0 NA
140.00 0.03000 140.0 0.00000 0 -20.000 -0.2500 -20.000 -0.0002 0 NA
145.00 0.03000 145.0 0.00000 0 -20.000 -0.2500 -20.000 -0.0002 0 NA
150.00 0.03000 150.0 0.00006 0 -20.000 -0.2500 -20.000 -0.0002 0 NA
155.00 0.03000 155.0 0.00010 0 -20.000 -0.2500 -20.000 -0.0002 0 NA
160.00 0.03000 160.0 0.00016 0 -20.000 -0.2500 -20.000 -0.0002 0 NA
165.00 0.03000 165.0 0.00025 0 -20.000 -0.2500 -20.000 -0.0002 0 NA
170.00 0.03000 170.0 0.00038 0 -20.000 -0.2500 -20.000 -0.0002 0 NA
175.00 0.03000 175.0 0.00055 0 -20.000 -0.2500 -20.000 -0.0002 0 NA
180.00 0.03000 180.0 0.00076 0 -20.000 -0.2500 -20.000 -0.0002 0 NA
185.00 0.03000 185.0 0.00102 0 -20.000 -0.2500 -20.000 -0.0002 0 NA
190.00 0.03000 190.0 0.00132 0 -20.000 -0.2500 -20.000 -0.0002 0 NA
195.00 0.03000 195.0 0.00167 0 -20.000 -0.2500 -20.000 -0.0002 0 NA
200.00 0.03000 200.0 0.00206 0 -20.000 -0.2500 -20.000 -0.0002 0 NA
205.00 0.03000 205.0 0.00251 0 -20.000 -0.2500 -20.000 -0.0002 0 NA
210.00 0.03000 210.0 0.00300 0 -20.000 -0.2500 -20.000 -0.0002 0 NA
215.00 0.03000 215.0 0.00354 0 -20.000 -0.2500 -20.000 -0.0002 0 NA
220.00 0.03000 220.0 0.00412 0 -20.000 -0.2500 -20.000 -0.0002 0 NA
225.00 0.03000 225.1 0.00475 0 -20.000 -0.2500 -20.000 -0.0002 0 NA
230.00 0.03000 230.1 0.00543 0 -20.000 -0.2500 -20.000 -0.0002 0 NA
235.00 0.03000 235.1 0.00615 0 -20.000 -0.2500 -20.000 -0.0002 0 NA
240.00 0.03000 240.1 0.00690 0 -20.000 -0.2500 -20.000 -0.0002 0 NA
245.00 0.03000 245.1 0.00769 0 -20.000 -0.2500 -20.000 -0.0002 0 NA
250.00 0.03000 250.1 0.00852 0 -20.000 -0.2500 -20.000 -0.0002 0 NA
255.00 0.03000 255.1 0.00938 0 -20.000 -0.2500 -20.000 -0.0002 0 NA
260.00 0.03000 260.1 0.01028 0 -20.000 -0.2500 -20.000 -0.0002 0 NA
265.00 0.03000 265.0 0.01120 0 -20.000 -0.2500 -20.000 -0.0002 0 NA
270.00 0.03000 270.1 0.01215 0 -20.000 -0.2500 -20.000 -0.0002 0 NA
275.00 0.03000 275.0 0.01313 0 -20.000 -0.2500 -20.000 -0.0002 0 NA
280.00 0.03000 280.1 0.01415 0 -20.000 -0.2500 -20.000 -0.0002 0 NA
285.00 0.03000 285.0 0.01519 0 -20.000 -0.2500 -20.000 -0.0002 0 NA
290.00 0.03000 290.1 0.01625 0 -20.000 -0.2500 -20.000 -0.0002 0 NA
295.00 0.03000 295.0 0.01735 0 -20.000 -0.2500 -20.000 -0.0002 0 NA
300.00 0.03000 300.1 0.01847 0 -20.000 -0.2500 -20.000 -0.0002 0 NA
305.00 0.03000 305.1 0.01963 0 -20.000 -0.2500 -20.000 -0.0002 0 NA
310.00 0.03000 310.1 0.02080 0 -20.000 -0.2500 -20.000 -0.0002 0 NA
315.00 0.03000 315.1 0.02201 0 -20.000 -0.2500 -20.000 -0.0002 0 NA
320.00 0.03000 320.1 0.02328 0 -20.000 -0.2500 -20.000 -0.0002 0 NA
325.00 0.03000 325.1 0.02454 0 -20.000 -0.2500 -20.000 -0.0002 0 NA
330.00 0.03000 330.0 0.02582 0 -20.000 -0.2500 -20.000 -0.0002 0 NA
335.00 0.03000 335.1 0.02711 0 -20.000 -0.2500 -20.000 -0.0002 0 NA
340.00 0.03000 340.1 0.02840 0 -20.000 -0.2500 -20.000 -0.0002 0 NA
345.00 0.03000 345.0 0.02972 0 -20.000 -0.2500 -20.000 -0.0002 0 NA
350.00 0.03000 350.1 0.03106 1 -20.000 -0.2500 -20.000 -0.0002 0 NA
0.00 0.03000 0.1 0.00000 0 -25.000 -0.2000 -25.001 -0.0002 0 NA
5.00 0.03000 5.0 0.00000 0 -25.000 -0.2000 -25.001 -0.0002 0 NA
10.00 0.03000 10.0 0.00000 0 -25.000 -0.2000 -25.001 -0.0002 0 NA
15.00 0.03000 15.0 0.00000 0 -25.000 -0.2000 -25.001 -0.0002 0 NA
20.00 0.03000 20.0 0.00000 0 -25.000 -0.2000 -25.001 -0.0002 0 NA
25.00 0.03000 25.0 0.00000 0 -25.000 -0.2000 -25.001 -0.0002 0 NA
30.00 0.03000 30.0 0.00000 0 -25.000 -0.2000 -25.001 -0.0002 0 NA
35.00 0.03000 35.0 0.00000 0 -25.000 -0.2000 -25.001 -0.0002 0 NA
40.00 0.03000 40.0 0.00000 0 -25.000 -0.2000 -25.001 -0.0002 0 NA
45.00 0.03000 45.0 0.00000 0 -25.000 -0.2000 -25.001 -0.0002 0 NA
50.00 0.03000 50.0 0.00000 0 -25.000 -0.2000 -25.001 -0.0002 0 NA
55.00 0.03000 55.0 0.00000 0 -25.000 -0.2000 -25.001 -0.0002 0 NA
60.00 0.03000 60.0 0.00000 0 -25.000 -0.2000 -25.001 -0.0002 0 NA
65.00 0.03000 65.0 0.00000 0 -25.000 -0.2000 -25.001 -0.0002 0 NA
70.00 0.03000 70.0 0.00000 0 -25.000 -0.2000 -25.001 -0.0002 0 NA
75.00 0.03000 75.0 0.00000 0 -25.000 -0.2000 -25.001 -0.0002 0 NA
80.00 0.03000 80.0 0.00000 0 -25.000 -0.2000 -25.001 -0.0002 0 NA
85.00 0.03000 85.0 0.00000 0 -25.000 -0.2000 -25.001 -0.0002 0 NA
90.00 0.03000 90.0 0.00000 0 -25.000 -0.2000 -25.001 -0.0002 0 NA
95.00 0.03000 95.0 0.00000 0 -25.000 -0.2000 -25.001 -0.0002 0 NA
100.00 0.03000 100.0 0.00000 0 -25.000 -0.2000 -25.001 -0.0002 0 NA
105.00 0.03000 105.0 0.00000 0 -25.000 -0.2000 -25.001 -0.0002 0 NA
110.00 0.03000 110.0 0.00000 0 -25.000 -0.2000 -25.001 -0.0002 0 NA
115.00 0.03000 115.0 0.00000 0 -25.000 -0.2000 -25.001 -0.0002 0 NA
120.00 0.03000 120.0 0.00000 0 -25.000 -0.2000 -25.001 -0.0002 0 NA
125.00 0.03000 125.0 0.00000 0 -25.000 -0.2000 -25.001 -0.0002 0 NA
130.00 0.03000 130.0 0.00000 0 -25.000 -0.2000 -25.001 -0.0002 0 NA
135.00 0.03000 135.0 0.00000 0 -25.000 -0.2000 -25.001 -0.0002 0 NA
140.00 0.03000 140.0 0.00000 0 -25.000 -0.2000 -25.001 -0.0002 0 NA
145.00 0.03000 145.0 0.00000 0 -25.000 -0.2000 -25.001 -0.0002 0 NA
150.00 0.03000 150.0 0.00000 0 -25.000 -0.2000 -25.001 -0.0002 0 NA
155.00 0.03000 155.0 0.00000 0 -25.000 -0.2000 -25.001 -0.0002 0 NA
160.00 0.03000 160.0 0.00000 0 -25.000 -0.2000 -25.001 -0.0002 0 NA
165.00 0.03000 165.0 0.00000 0 -25.000 -0.2000 -25.001 -0.0002 0 NA
170.00 0.03000 170.0 0.00000 0 -25.000 -0.2000 -25.001 -0.0002 0 NA
175.00 0.03000 175.0 0.00000 0 -25.000 -0.2000 -25.001 -0.0002 0 NA
180.00 0.03000 180.0 0.00000 0 -25.000 -0.2000 -25.001 -0.0002 0 NA
185.00 0.03000 185.0 0.00006 0 -25.000 -0.2000 -25.001 -0.0002 0 NA
190.00 0.03000 190.0 0.00008 0 -25.000 -0.2000 -25.001 -0.0002 0 NA
195.00 0.03000 195.0 0.00014 0 -25.000 -0.2000 -25.001 -0.0002 0 NA
200.00 0.03000 200.0 0.00021 0 -25.000 -0.2000 -25.001 -0.0002 0 NA
205.00 0.03000 205.0 0.00032 0 -25.000 -0.2000 -25.001 -0.0002 0 NA
210.00 0.03000 210.0 0.00047 0 -25.000 -0.2000 -25.001 -0.0002 0 NA
215.00 0.03000 215.0 0.00065 0 -25.000 -0.2000 -25.001 -0.0002 0 NA
220.00 0.03000 220.0 0.00088 0 -25.000 -0.2000 -25.001 -0.0002 0 NA
225.00 0.03000 225.1 0.00116 0 -25.000 -0.2000 -25.001 -0.0002 0 NA
230.00 0.03000 230.1 0.00148 0 -25.000 -0.2000 -25.001 -0.0002 0 NA
235.00 0.03000 235.1 0.00184 0 -25.000 -0.2000 -25.001 -0.0002 0 NA
240.00 0.03000 240.1 0.00225 0 -25.000 -0.2000 -25.001 -0.0002 0 NA
245.00 0.03000 245.1 0.00270 0 -25.000 -0.2000 -25.001 -0.0002 0 NA
250.00 0.03000 250.1 0.00321 0 -25.000 -0.2000 -25.001 -0.0002 0 NA
255.00 0.03000 255.1 0.00376 0 -25.000 -0.2000 -25.001 -0.0002 0 NA
260.00 0.03000 260.1 0.00435 0 -25.000 -0.2000 -25.001 -0.0002 0 NA
265.00 0.03000 265.0 0.00498 0 -25.000 -0.2000 -25.001 -0.0002 0 NA
270.00 0.03000 270.1 0.00566 0 -25.000 -0.2000 -25.001 -0.0002 0 NA
275.00 0.03000 275.1 0.00638 0 -25.000 -0.2000 -25.001 -0.0002 0 NA
280.00 0.03000 280.1 0.00714 0 -25.000 -0.2000 -25.001 -0.0002 0 NA
285.00 0.03000 285.0 0.00793 0 -25.000 -0.2000 -25.001 -0.0002 0 NA
290.00 0.03000 290.1 0.00875 0 -25.000 -0.2000 -25.001 -0.0002 0 NA
295.00 0.03000 295.0 0.00962 0 -25.000 -0.2000 -25.001 -0.0002 0 NA
300.00 0.03000 300.1 0.01050 0 -25.000 -0.2000 -25.001 -0.0002 0 NA
305.00 0.03000 305.1 0.01143 0 -25.000 -0.2000 -25.001 -0.0002 0 NA
310.00 0.03000 310.1 0.01240 0 -25.000 -0.2000 -25.001 -0.0002 0 NA
315.00 0.03000 315.1 0.01339 0 -25.000 -0.2000 -25.001 -0.0002 0 NA
320.00 0.03000 320.1 0.01441 0 -25.000 -0.2000 -25.001 -0.0002 0 NA
325.00 0.03000 325.1 0.01548 0 -25.000 -0.2000 -25.001 -0.0002 0 NA
330.00 0.03000 330.1 0.01659 0 -25.000 -0.2000 -25.001 -0.0002 0 NA
335.00 0.03000 335.1 0.01772 0 -25.000 -0.2000 -25.001 -0.0002 0 NA
340.00 0.03000 340.1 0.01887 0 -25.000 -0.2000 -25.001 -0.0002 0 NA
345.00 0.03000 345.0 0.02001 0 -25.000 -0.2000 -25.001 -0.0002 0 NA
350.00 0.03000 350.1 0.02119 0 -25.000 -0.2000 -25.001 -0.0002 0 NA
355.00 0.03000 355.0 0.02238 0 -25.000 -0.2000 -25.001 -0.0002 0 NA
360.00 0.03000 360.0 0.02361 0 -25.000 -0.2000 -25.001 -0.0002 0 NA
365.00 0.03000 365.0 0.02484 0 -25.000 -0.2000 -25.001 -0.0002 0 NA
370.00 0.03000 370.0 0.02612 0 -25.000 -0.2000 -25.001 -0.0002 0 NA
375.00 0.03000 375.0 0.02739 0 -25.000 -0.2000 -25.001 -0.0002 0 NA
380.00 0.03000 380.0 0.02870 0 -25.000 -0.2000 -25.001 -0.0002 0 NA
385.00 0.03000 385.0 0.03002 1 -25.000 -0.2000 -25.001 -0.0002 0 NA
0.00 0.03000 0.1 0.00000 0 -30.000 -0.1667 -30.001 -0.0000 0 NA
5.00 0.03000 5.0 0.00000 0 -30.000 -0.1667 -30.000 -0.0000 0 NA
10.00 0.03000 10.0 0.00000 0 -30.000 -0.1667 -30.001 -0.0001 0 NA
15.00 0.03000 15.0 0.00000 0 -30.000 -0.1667 -30.001 -0.0001 0 NA
20.00 0.03000 20.0 0.00000 0 -30.000 -0.1667 -30.001 -0.0001 0 NA
25.00 0.03000 25.0 0.00000 0 -30.000 -0.1667 -30.001 -0.0001 0 NA
30.00 0.03000 30.0 0.00000 0 -30.000 -0.1667 -30.001 -0.0001 0 NA
35.00 0.03000 35.0 0.00000 0 -30.000 -0.1667 -30.001 -0.0001 0 NA
40.00 0.03000 40.0 0.00000 0 -30.000 -0.1667 -30.001 -0.0001 0 NA
45.00 0.03000 45.0 0.00000 0 -30.000 -0.1667 -30.001 -0.0001 0 NA
50.00 0.03000 50.0 0.00000 0 -30.000 -0.1667 -30.001 -0.0001 0 NA
55.00 0.03000 55.0 0.00000 0 -30.000 -0.1667 -30.001 -0.0002 0 NA
60.00 0.03000 60.0 0.00000 0 -30.000 -0.1667 -30.001 -0.0002 0 NA
65.00 0.03000 65.0 0.00000 0 -30.000 -0.1667 -30.001 -0.0002 0 NA
70.00 0.03000 70.0 0.00000 0 -30.000 -0.1667 -30.001 -0.0002 0 NA
75.00 0.03000 75.0 0.00000 0 -30.000 -0.1667 -30.001 -0.0002 0 NA
80.00 0.03000 80.0 0.00000 0 -30.000 -0.1667 -30.001 -0.0002 0 NA
85.00 0.03000 85.0 0.00000 0 -30.000 -0.1667 -30.001 -0.0002 0 NA
90.00 0.03000 90.0 0.00000 0 -30.000 -0.1667 -30.001 -0.0002 0 NA
95.00 0.03000 95.0 0.00000 0 -30.000 -0.1667 -30.001 -0.0002 0 NA
100.00 0.03000 100.0 0.00000 0 -30.000 -0.1667 -30.001 -0.0002 0 NA
105.00 0.03000 105.0 0.00000 0 -30.000 -0.1667 -30.001 -0.0002 0 NA
110.00 0.03000 110.0 0.00000 0 -30.000 -0.1667 -30.001 -0.0002 0 NA
115.00 0.03000 115.0 0.00000 0 -30.000 -0.1667 -30.001 -0.0002 0 NA
120.00 0.03000 120.0 0.00000 0 -30.000 -0.1667 -30.001 -0.0002 0 NA
125.00 0.03000 125.0 0.00000 0 -30.000 -0.1667 -30.001 -0.0002 0 NA
130.00 0.03000 130.0 0.00000 0 -30.000 -0.1667 -30.001 -0.0002 0 NA
135.00 0.03000 135.0 0.00000 0 -30.000 -0.1667 -30.001 -0.0002 0 NA
140.00 0.03000 140.0 0.00000 0 -30.000 -0.1667 -30.001 -0.0001 0 NA
145.00 0.03000 145.0 0.00000 0 -30.000 -0.1667 -30.001 -0.0002 0 NA
150.00 0.03000 150.0 0.00000 0 -30.000 -0.1667 -30.001 -0.0002 0 NA
155.00 0.03000 155.0 0.00000 0 -30.000 -0.1667 -30.001 -0.0002 0 NA
160.00 0.03000 160.0 0.00000 0 -30.000 -0.1667 -30.001 -0.0002 0 NA
165.00 0.03000 165.0 0.00000 0 -30.000 -0.1667 -30.001 -0.0002 0 NA
170.00 0.03000 170.0 0.00000 0 -30.000 -0.1667 -30.001 -0.0002 0 NA
175.00 0.03000 175.0 0.00000 0 -30.000 -0.1667 -30.001 -0.0002 0 NA
180.00 0.03000 180.0 0.00000 0 -30.000 -0.1667 -30.001 -0.0002 0 NA
185.00 0.03000 185.0 0.00000 0 -30.000 -0.1667 -30.001 -0.0002 0 NA
190.00 0.03000 190.0 0.00000 0 -30.000 -0.1667 -30.001 -0.0002 0 NA
195.00 0.03000 195.0 0.00000 0 -30.000 -0.1667 -30.001 -0.0002 0 NA
200.00 0.03000 200.0 0.00000 0 -30.000 -0.1667 -30.001 -0.0002 0 NA
205.00 0.03000 205.0 0.00000 0 -30.000 -0.1667 -30.001 -0.0002 0 NA
210.00 0.03000 210.0 0.00000 0 -30.000 -0.1667 -30.000 -0.0002 0 NA
215.00 0.03000 215.0 0.00000 0 -30.000 -0.1667 -30.001 -0.0002 0 NA
220.00 0.03000 220.0 0.00005 0 -30.000 -0.1667 -30.001 -0.0002 0 NA
225.00 0.03000 225.1 0.00007 0 -30.000 -0.1667 -30.001 -0.0002 0 NA
230.00 0.03000 230.1 0.00012 0 -30.000 -0.1667 -30.001 -0.0002 0 NA
235.00 0.03000 235.1 0.00018 0 -30.000 -0.1667 -30.001 -0.0002 0 NA
240.00 0.03000 240.1 0.00027 0 -30.000 -0.1667 -30.001 -0.0002 0 NA
245.00 0.03000 245.1 0.00040 0 -30.000 -0.1667 -30.001 -0.0002 0 NA
250.00 0.03000 250.1 0.00056 0 -30.000 -0.1667 -30.001 -0.0002 0 NA
255.00 0.03000 255.1 0.00077 0 -30.000 -0.1667 -30.001 -0.0002 0 NA
260.00 0.03000 260.1 0.00102 0 -30.000 -0.1667 -30.001 -0.0002 0 NA
265.00 0.03000 265.0 0.00131 0 -30.000 -0.1667 -30.000 -0.0002 0 NA
270.00 0.03000 270.1 0.00165 0 -30.000 -0.1667 -30.001 -0.0002 0 NA
275.00 0.03000 275.0 0.00203 0 -30.000 -0.1667 -30.001 -0.0002 0 NA
280.00 0.03000 280.1 0.00246 0 -30.000 -0.1667 -30.001 -0.0002 0 NA
285.00 0.03000 285.0 0.00292 0 -30.000 -0.1667 -30.001 -0.0002 0 NA
290.00 0.03000 290.1 0.00344 0 -30.000 -0.1667 -30.001 -0.0002 0 NA
295.00 0.03000 295.0 0.00400 0 -30.000 -0.1667 -30.001 -0.0002 0 NA
300.00 0.03000 300.1 0.00461 0 -30.000 -0.1667 -30.001 -0.0002 0 NA
305.00 0.03000 305.1 0.00525 0 -30.000 -0.1667 -30.001 -0.0002 0 NA
310.00 0.03000 310.1 0.00594 0 -30.000 -0.1667 -30.001 -0.0002 0 NA
315.00 0.03000 315.1 0.00666 0 -30.000 -0.1667 -30.001 -0.0002 0 NA
320.00 0.03000 320.1 0.00742 0 -30.000 -0.1667 -30.001 -0.0002 0 NA
325.00 0.03000 325.1 0.00822 0 -30.000 -0.1667 -30.001 -0.0002 0 NA
330.00 0.03000 330.0 0.00905 0 -30.000 -0.1667 -30.001 -0.0002 0 NA
335.00 0.03000 335.1 0.00993 0 -30.000 -0.1667 -30.001 -0.0002 0 NA
340.00 0.03000 340.1 0.01085 0 -30.000 -0.1667 -30.001 -0.0002 0 NA
345.00 0.03000 345.1 0.01178 0 -30.000 -0.1667 -30.001 -0.0002 0 NA
350.00 0.03000 350.1 0.01277 0 -30.000 -0.1667 -30.001 -0.0002 0 NA
355.00 0.03000 355.0 0.01380 0 -30.000 -0.1667 -30.001 -0.0002 0 NA
360.00 0.03000 360.0 0.01482 0 -30.000 -0.1667 -30.001 -0.0002 0 NA
365.00 0.03000 365.0 0.01586 0 -30.000 -0.1667 -30.000 -0.0002 0 NA
370.00 0.03000 370.0 0.01695 0 -30.000 -0.1667 -30.001 -0.0002 0 NA
375.00 0.03000 375.0 0.01805 0 -30.000 -0.1667 -30.001 -0.0002 0 NA
380.00 0.03000 380.0 0.01918 0 -30.000 -0.1667 -30.001 -0.0002 0 NA
385.00 0.03000 385.0 0.02034 0 -30.000 -0.1667 -30.001 -0.0002 0 NA
390.00 0.03000 390.0 0.02152 0 -30.000 -0.1667 -30.001 -0.0002 0 NA
395.00 0.03000 395.0 0.02272 0 -30.000 -0.1667 -30.001 -0.0002 0 NA
400.00 0.03000 400.0 0.02394 0 -30.000 -0.1667 -30.001 -0.0002 0 NA
405.00 0.03000 405.0 0.02519 0 -30.000 -0.1667 -30.001 -0.0002 0 NA
410.00 0.03000 410.0 0.02646 0 -30.000 -0.1667 -30.001 -0.0002 0 NA
415.00 0.03000 415.0 0.02774 0 -30.000 -0.1667 -30.001 -0.0002 0 NA
420.00 0.03000 420.0 0.02923 0 -30.000 -0.1667 -30.001 -0.0002 0 NA
425.00 0.03000 425.0 0.03038 1 -30.000 -0.1667 -30.000 -0.0002 0 NA
0.00 0.03000 0.1 0.00000 0 -35.000 -0.1429 -35.000 -0.0002 0 NA
5.00 0.03000 5.0 0.00000 0 -35.000 -0.1429 -35.000 -0.0002 0 NA
10.00 0.03000 10.0 0.00000 0 -35.000 -0.1429 -35.000 -0.0002 0 NA
15.00 0.03000 15.0 0.00000 0 -35.000 -0.1429 -35.000 -0.0002 0 NA
20.00 0.03000 20.0 0.00000 0 -35.000 -0.1429 -35.000 -0.0002 0 NA
25.00 0.03000 25.0 0.00000 0 -35.000 -0.1429 -35.000 -0.0002 0 NA
30.00 0.03000 30.0 0.00000 0 -35.000 -0.1429 -35.000 -0.0002 0 NA
35.00 0.03000 35.0 0.00000 0 -35.000 -0.1429 -35.000 -0.0002 0 NA
40.00 0.03000 40.0 0.00000 0 -35.000 -0.1429 -35.000 -0.0002 0 NA
45.00 0.03000 45.0 0.00000 0 -35.000 -0.1429 -35.000 -0.0002 0 NA
50.00 0.03000 50.0 0.00000 0 -35.000 -0.1429 -35.000 -0.0002 0 NA
55.00 0.03000 55.0 0.00000 0 -35.000 -0.1429 -35.000 -0.0002 0 NA
60.00 0.03000 60.0 0.00000 0 -35.000 -0.1429 -35.000 -0.0002 0 NA
65.00 0.03000 65.0 0.00000 0 -35.000 -0.1429 -34.999 -0.0002 0 NA
70.00 0.03000 70.0 0.00000 0 -35.000 -0.1429 -35.000 -0.0002 0 NA
75.00 0.03000 75.0 0.00000 0 -35.000 -0.1429 -35.000 -0.0002 0 NA
80.00 0.03000 80.0 0.00000 0 -35.000 -0.1429 -35.000 -0.0002 0 NA
85.00 0.03000 85.0 0.00000 0 -35.000 -0.1429 -35.000 -0.0002 0 NA
90.00 0.03000 90.0 0.00000 0 -35.000 -0.1429 -35.000 -0.0002 0 NA
95.00 0.03000 95.0 0.00000 0 -35.000 -0.1429 -35.000 -0.0002 0 NA
100.00 0.03000 100.0 0.00000 0 -35.000 -0.1429 -35.000 -0.0002 0 NA
105.00 0.03000 105.0 0.00000 0 -35.000 -0.1429 -35.000 -0.0002 0 NA
110.00 0.03000 110.0 0.00000 0 -35.000 -0.1429 -35.000 -0.0002 0 NA
115.00 0.03000 115.0 0.00000 0 -35.000 -0.1429 -35.000 -0.0002 0 NA
120.00 0.03000 120.0 0.00000 0 -35.000 -0.1429 -35.000 -0.0001 0 NA
125.00 0.03000 125.0 0.00000 0 -35.000 -0.1429 -35.000 -0.0002 0 NA
130.00 0.03000 130.0 0.00000 0 -35.000 -0.1429 -35.000 -0.0001 0 NA
135.00 0.03000 135.0 0.00000 0 -35.000 -0.1429 -35.000 -0.0002 0 NA
140.00 0.03000 140.0 0.00000 0 -35.000 -0.1429 -35.000 -0.0002 0 NA
145.00 0.03000 145.0 0.00000 0 -35.000 -0.1429 -35.000 -0.0002 0 NA
150.00 0.03000 150.0 0.00000 0 -35.000 -0.1429 -35.000 -0.0002 0 NA
155.00 0.03000 155.0 0.00000 0 -35.000 -0.1429 -35.000 -0.0001 0 NA
160.00 0.03000 160.0 0.00000 0 -35.000 -0.1429 -35.000 -0.0002 0 NA
165.00 0.03000 165.0 0.00000 0 -35.000 -0.1429 -35.000 -0.0002 0 NA
170.00 0.03000 170.0 0.00000 0 -35.000 -0.1429 -35.000 -0.0002 0 NA
175.00 0.03000 175.0 0.00000 0 -35.000 -0.1429 -35.000 -0.0002 0 NA
180.00 0.03000 180.0 0.00000 0 -35.000 -0.1429 -35.000 -0.0002 0 NA
185.00 0.03000 185.0 0.00000 0 -35.000 -0.1429 -35.000 -0.0002 0 NA
190.00 0.03000 190.0 0.00000 0 -35.000 -0.1429 -35.000 -0.0002 0 NA
195.00 0.03000 195.0 0.00000 0 -35.000 -0.1429 -35.000 -0.0002 0 NA
200.00 0.03000 200.0 0.00000 0 -35.000 -0.1429 -35.000 -0.0002 0 NA
205.00 0.03000 205.0 0.00000 0 -35.000 -0.1429 -35.000 -0.0002 0 NA
210.00 0.03000 210.0 0.00000 0 -35.000 -0.1429 -35.000 -0.0002 0 NA
215.00 0.03000 215.0 0.00000 0 -35.000 -0.1429 -35.000 -0.0002 0 NA
220.00 0.03000 220.0 0.00000 0 -35.000 -0.1429 -35.000 -0.0002 0 NA
225.00 0.03000 225.0 0.00000 0 -35.000 -0.1429 -35.000 -0.0002 0 NA
230.00 0.03000 230.1 0.00000 0 -35.000 -0.1429 -35.000 -0.0002 0 NA
235.00 0.03000 235.1 0.00000 0 -35.000 -0.1429 -35.000 -0.0002 0 NA
240.00 0.03000 240.1 0.00000 0 -35.000 -0.1429 -35.000 -0.0002 0 NA
245.00 0.03000 245.1 0.00000 0 -35.000 -0.1429 -35.000 -0.0002 0 NA
250.00 0.03000 250.1 0.00000 0 -35.000 -0.1429 -35.000 -0.0002 0 NA
255.00 0.03000 255.1 0.00005 0 -35.000 -0.1429 -35.000 -0.0002 0 NA
260.00 0.03000 260.1 0.00007 0 -35.000 -0.1429 -35.000 -0.0001 0 NA
265.00 0.03000 265.0 0.00010 0 -35.000 -0.1429 -35.000 -0.0002 0 NA
270.00 0.03000 270.1 0.00015 0 -35.000 -0.1429 -35.000 -0.0002 0 NA
275.00 0.03000 275.1 0.00023 0 -35.000 -0.1429 -35.000 -0.0002 0 NA
280.00 0.03000 280.1 0.00035 0 -35.000 -0.1429 -35.000 -0.0002 0 NA
285.00 0.03000 285.0 0.00049 0 -35.000 -0.1429 -35.000 -0.0002 0 NA
290.00 0.03000 290.1 0.00068 0 -35.000 -0.1429 -35.000 -0.0002 0 NA
295.00 0.03000 295.0 0.00091 0 -35.000 -0.1429 -35.000 -0.0002 0 NA
300.00 0.03000 300.0 0.00117 0 -35.000 -0.1429 -35.000 -0.0002 0 NA
305.00 0.03000 305.1 0.00149 0 -35.000 -0.1429 -35.000 -0.0002 0 NA
310.00 0.03000 310.1 0.00184 0 -35.000 -0.1429 -35.000 -0.0002 0 NA
315.00 0.03000 315.0 0.00224 0 -35.000 -0.1429 -35.000 -0.0002 0 NA
320.00 0.03000 320.1 0.00268 0 -35.000 -0.1429 -35.000 -0.0002 0 NA
325.00 0.03000 325.1 0.00316 0 -35.000 -0.1429 -35.000 -0.0002 0 NA
330.00 0.03000 330.0 0.00369 0 -35.000 -0.1429 -35.000 -0.0002 0 NA
335.00 0.03000 335.1 0.00426 0 -35.000 -0.1429 -35.000 -0.0002 0 NA
340.00 0.03000 340.1 0.00489 0 -35.000 -0.1429 -35.000 -0.0002 0 NA
345.00 0.03000 345.0 0.00554 0 -35.000 -0.1429 -35.000 -0.0002 0 NA
350.00 0.03000 350.1 0.00625 0 -35.000 -0.1429 -35.000 -0.0002 0 NA
355.00 0.03000 355.0 0.00700 0 -35.000 -0.1429 -35.000 -0.0002 0 NA
360.00 0.03000 360.0 0.00777 0 -35.000 -0.1429 -35.000 -0.0002 0 NA
365.00 0.03000 365.0 0.00858 0 -35.000 -0.1429 -35.000 -0.0002 0 NA
370.00 0.03000 370.0 0.00944 0 -35.000 -0.1429 -35.000 -0.0002 0 NA
375.00 0.03000 375.0 0.01033 0 -35.000 -0.1429 -35.000 -0.0002 0 NA
380.00 0.03000 380.0 0.01123 0 -35.000 -0.1429 -35.000 -0.0001 0 NA
385.00 0.03000 385.0 0.01217 0 -35.000 -0.1429 -35.000 -0.0002 0 NA
390.00 0.03000 390.0 0.01315 0 -35.000 -0.1429 -35.000 -0.0001 0 NA
395.00 0.03000 395.0 0.01415 0 -35.000 -0.1429 -35.000 -0.0002 0 NA
400.00 0.03000 400.0 0.01518 0 -35.000 -0.1429 -35.000 -0.0002 0 NA
405.00 0.03000 405.0 0.01624 0 -35.000 -0.1429 -35.000 -0.0002 0 NA
410.00 0.03000 410.0 0.01732 0 -35.000 -0.1429 -34.999 -0.0002 0 NA
415.00 0.03000 415.0 0.01843 0 -35.000 -0.1429 -35.000 -0.0002 0 NA
420.00 0.03000 420.0 0.01956 0 -35.000 -0.1429 -35.000 -0.0002 0 NA
425.00 0.03000 425.0 0.02072 0 -35.000 -0.1429 -34.999 -0.0002 0 NA
430.00 0.03000 430.0 0.02189 0 -35.000 -0.1429 -35.000 -0.0002 0 NA
435.00 0.03000 435.0 0.02309 0 -35.000 -0.1429 -35.000 -0.0002 0 NA
440.00 0.03000 440.0 0.02433 0 -35.000 -0.1429 -35.000 -0.0002 0 NA
445.00 0.03000 445.0 0.02557 0 -35.000 -0.1429 -35.000 -0.0002 0 NA
450.00 0.03000 450.0 0.02684 0 -35.000 -0.1429 -35.000 -0.0002 0 NA
0.00 0.03000 0.1 0.00000 0 -40.000 -0.1250 -39.999 -0.0002 0 NA
5.00 0.03000 5.0 0.00000 0 -40.000 -0.1250 -39.999 -0.0002 0 NA
10.00 0.03000 10.0 0.00000 0 -40.000 -0.1250 -39.999 -0.0002 0 NA
15.00 0.03000 15.0 0.00000 0 -40.000 -0.1250 -39.999 -0.0002 0 NA
20.00 0.03000 20.0 0.00000 0 -40.000 -0.1250 -39.999 -0.0002 0 NA
25.00 0.03000 25.0 0.00000 0 -40.000 -0.1250 -39.999 -0.0002 0 NA
30.00 0.03000 30.0 0.00000 0 -40.000 -0.1250 -40.000 -0.0002 0 NA
35.00 0.03000 35.0 0.00000 0 -40.000 -0.1250 -39.999 -0.0002 0 NA
40.00 0.03000 40.0 0.00000 0 -40.000 -0.1250 -40.000 -0.0002 0 NA
45.00 0.03000 45.0 0.00000 0 -40.000 -0.1250 -40.000 -0.0002 0 NA
50.00 0.03000 50.0 0.00000 0 -40.000 -0.1250 -39.999 -0.0002 0 NA
55.00 0.03000 55.0 0.00000 0 -40.000 -0.1250 -40.000 -0.0002 0 NA
60.00 0.03000 60.0 0.00000 0 -40.000 -0.1250 -39.999 -0.0002 0 NA
65.00 0.03000 65.0 0.00000 0 -40.000 -0.1250 -39.999 -0.0002 0 NA
70.00 0.03000 70.0 0.00000 0 -40.000 -0.1250 -40.000 -0.0002 0 NA
75.00 0.03000 75.0 0.00000 0 -40.000 -0.1250 -39.999 -0.0002 0 NA
80.00 0.03000 80.0 0.00000 0 -40.000 -0.1250 -40.000 -0.0002 0 NA
85.00 0.03000 85.0 0.00000 0 -40.000 -0.1250 -39.999 -0.0002 0 NA
90.00 0.03000 90.0 0.00000 0 -40.000 -0.1250 -39.999 -0.0002 0 NA
95.00 0.03000 95.0 0.00000 0 -40.000 -0.1250 -39.999 -0.0002 0 NA
100.00 0.03000 100.0 0.00000 0 -40.000 -0.1250 -40.000 -0.0002 0 NA
105.00 0.03000 105.0 0.00000 0 -40.000 -0.1250 -39.999 -0.0001 0 NA
110.00 0.03000 110.0 0.00000 0 -40.000 -0.1250 -39.999 -0.0002 0 NA
115.00 0.03000 115.0 0.00000 0 -40.000 -0.1250 -40.000 -0.0002 0 NA
120.00 0.03000 120.0 0.00000 0 -40.000 -0.1250 -39.999 -0.0002 0 NA
125.00 0.03000 125.0 0.00000 0 -40.000 -0.1250 -39.999 -0.0002 0 NA
130.00 0.03000 130.0 0.00000 0 -40.000 -0.1250 -40.000 -0.0002 0 NA
135.00 0.03000 135.0 0.00000 0 -40.000 -0.1250 -39.999 -0.0002 0 NA
140.00 0.03000 140.0 0.00000 0 -40.000 -0.1250 -39.999 -0.0002 0 NA
145.00 0.03000 145.0 0.00000 0 -40.000 -0.1250 -39.999 -0.0002 0 NA
150.00 0.03000 150.0 0.00000 0 -40.000 -0.1250 -39.999 -0.0001 0 NA
155.00 0.03000 155.0 0.00000 0 -40.000 -0.1250 -39.999 -0.0002 0 NA
160.00 0.03000 160.0 0.00000 0 -40.000 -0.1250 -39.999 -0.0002 0 NA
165.00 0.03000 165.0 0.00000 0 -40.000 -0.1250 -39.999 -0.0002 0 NA
170.00 0.03000 170.0 0.00000 0 -40.000 -0.1250 -39.999 -0.0002 0 NA
175.00 0.03000 175.0 0.00000 0 -40.000 -0.1250 -39.999 -0.0001 0 NA
180.00 0.03000 180.0 0.00000 0 -40.000 -0.1250 -40.000 -0.0001 0 NA
185.00 0.03000 185.0 0.00000 0 -40.000 -0.1250 -39.999 -0.0002 0 NA
190.00 0.03000 190.0 0.00000 0 -40.000 -0.1250 -40.000 -0.0002 0 NA
195.00 0.03000 195.0 0.00000 0 -40.000 -0.1250 -39.999 -0.0002 0 NA
200.00 0.03000 200.0 0.00000 0 -40.000 -0.1250 -40.000 -0.0002 0 NA
205.00 0.03000 205.0 0.00000 0 -40.000 -0.1250 -40.000 -0.0002 0 NA
210.00 0.03000 210.0 0.00000 0 -40.000 -0.1250 -40.000 -0.0001 0 NA
215.00 0.03000 215.0 0.00000 0 -40.000 -0.1250 -39.999 -0.0002 0 NA
220.00 0.03000 220.0 0.00000 0 -40.000 -0.1250 -39.999 -0.0002 0 NA
225.00 0.03000 225.1 0.00000 0 -40.000 -0.1250 -39.999 -0.0002 0 NA
230.00 0.03000 230.1 0.00000 0 -40.000 -0.1250 -40.000 -0.0002 0 NA
235.00 0.03000 235.1 0.00000 0 -40.000 -0.1250 -39.999 -0.0002 0 NA
240.00 0.03000 240.1 0.00000 0 -40.000 -0.1250 -40.000 -0.0001 0 NA
245.00 0.03000 245.1 0.00000 0 -40.000 -0.1250 -39.999 -0.0002 0 NA
250.00 0.03000 250.1 0.00000 0 -40.000 -0.1250 -39.999 -0.0002 0 NA
255.00 0.03000 255.1 0.00000 0 -40.000 -0.1250 -39.999 -0.0002 0 NA
260.00 0.03000 260.1 0.00000 0 -40.000 -0.1250 -39.999 -0.0001 0 NA
265.00 0.03000 265.0 0.00000 0 -40.000 -0.1250 -39.999 -0.0002 0 NA
270.00 0.03000 270.1 0.00000 0 -40.000 -0.1250 -39.999 -0.0002 0 NA
275.00 0.03000 275.1 0.00000 0 -40.000 -0.1250 -39.999 -0.0002 0 NA
280.00 0.03000 280.1 0.00000 0 -40.000 -0.1250 -40.000 -0.0002 0 NA
285.00 0.03000 285.0 0.00000 0 -40.000 -0.1250 -40.000 -0.0002 0 NA
290.00 0.03000 290.1 0.00005 0 -40.000 -0.1250 -39.999 -0.0002 0 NA
295.00 0.03000 295.0 0.00007 0 -40.000 -0.1250 -39.999 -0.0002 0 NA
300.00 0.03000 300.1 0.00009 0 -40.000 -0.1250 -39.999 -0.0002 0 NA
305.00 0.03000 305.1 0.00014 0 -40.000 -0.1250 -39.999 -0.0002 0 NA
310.00 0.03000 310.1 0.00021 0 -40.000 -0.1250 -39.999 -0.0002 0 NA
315.00 0.03000 315.1 0.00030 0 -40.000 -0.1250 -39.999 -0.0002 0 NA
320.00 0.03000 320.1 0.00043 0 -40.000 -0.1250 -39.999 -0.0002 0 NA
325.00 0.03000 325.1 0.00060 0 -40.000 -0.1250 -39.999 -0.0002 0 NA
330.00 0.03000 330.0 0.00081 0 -40.000 -0.1250 -40.000 -0.0002 0 NA
335.00 0.03000 335.1 0.00106 0 -40.000 -0.1250 -40.000 -0.0002 0 NA
340.00 0.03000 340.1 0.00134 0 -40.000 -0.1250 -39.999 -0.0001 0 NA
345.00 0.03000 345.1 0.00167 0 -40.000 -0.1250 -39.999 -0.0002 0 NA
350.00 0.03000 350.1 0.00204 0 -40.000 -0.1250 -39.999 -0.0002 0 NA
355.00 0.03000 355.0 0.00246 0 -40.000 -0.1250 -39.999 -0.0002 0 NA
360.00 0.03000 360.0 0.00291 0 -40.000 -0.1250 -39.999 -0.0002 0 NA
365.00 0.03000 365.0 0.00341 0 -40.000 -0.1250 -40.000 -0.0002 0 NA
370.00 0.03000 370.0 0.00396 0 -40.000 -0.1250 -39.999 -0.0002 0 NA
375.00 0.03000 375.0 0.00454 0 -40.000 -0.1250 -40.000 -0.0002 0 NA
380.00 0.03000 380.0 0.00518 0 -40.000 -0.1250 -39.999 -0.0002 0 NA
385.00 0.03000 385.0 0.00587 0 -40.000 -0.1250 -39.999 -0.0002 0 NA
390.00 0.03000 390.0 0.00659 0 -40.000 -0.1250 -40.000 -0.0002 0 NA
395.00 0.03000 395.0 0.00733 0 -40.000 -0.1250 -40.000 -0.0002 0 NA
400.00 0.03000 400.0 0.00815 0 -40.000 -0.1250 -40.000 -0.0002 0 NA
405.00 0.03000 405.0 0.00899 0 -40.000 -0.1250 -39.999 -0.0002 0 NA
410.00 0.03000 410.0 0.00984 0 -40.000 -0.1250 -39.999 -0.0002 0 NA
415.00 0.03000 415.0 0.01071 0 -40.000 -0.1250 -39.999 -0.0002 0 NA
420.00 0.03000 420.0 0.01163 0 -40.000 -0.1250 -39.999 -0.0002 0 NA
425.00 0.03000 425.0 0.01256 0 -40.000 -0.1250 -40.000 -0.0002 0 NA
430.00 0.03000 430.0 0.01354 0 -40.000 -0.1250 -39.999 -0.0002 0 NA
435.00 0.03000 435.0 0.01454 0 -40.000 -0.1250 -39.999 -0.0002 0 NA
440.00 0.03000 440.0 0.01556 0 -40.000 -0.1250 -39.999 -0.0002 0 NA
445.00 0.03000 445.0 0.01661 0 -40.000 -0.1250 -39.999 -0.0002 0 NA
450.00 0.03000 450.0 0.01770 0 -40.000 -0.1250 -39.999 -0.0002 0 NA
0.00 0.03000 0.1 0.00000 0 -45.000 -0.1111 -45.002 -0.0002 0 NA
5.00 0.03000 5.0 0.00000 0 -45.000 -0.1111 -45.002 -0.0002 0 NA
10.00 0.03000 10.0 0.00000 0 -45.000 -0.1111 -45.002 -0.0002 0 NA
15.00 0.03000 15.0 0.00000 0 -45.000 -0.1111 -45.001 -0.0001 0 NA
20.00 0.03000 20.0 0.00000 0 -45.000 -0.1111 -45.001 -0.0002 0 NA
25.00 0.03000 25.0 0.00000 0 -45.000 -0.1111 -45.002 -0.0002 0 NA
30.00 0.03000 30.0 0.00000 0 -45.000 -0.1111 -45.001 -0.0002 0 NA
35.00 0.03000 35.0 0.00000 0 -45.000 -0.1111 -45.002 -0.0002 0 NA
40.00 0.03000 40.0 0.00000 0 -45.000 -0.1111 -45.001 -0.0002 0 NA
45.00 0.03000 45.0 0.00000 0 -45.000 -0.1111 -45.001 -0.0002 0 NA
50.00 0.03000 50.0 0.00000 0 -45.000 -0.1111 -45.001 -0.0002 0 NA
55.00 0.03000 55.0 0.00000 0 -45.000 -0.1111 -45.002 -0.0002 0 NA
60.00 0.03000 60.0 0.00000 0 -45.000 -0.1111 -45.001 -0.0002 0 NA
65.00 0.03000 65.0 0.00000 0 -45.000 -0.1111 -45.001 -0.0002 0 NA
70.00 0.03000 70.0 0.00000 0 -45.000 -0.1111 -45.001 -0.0002 0 NA
75.00 0.03000 75.0 0.00000 0 -45.000 -0.1111 -45.002 -0.0002 0 NA
80.00 0.03000 80.0 0.00000 0 -45.000 -0.1111 -45.001 -0.0002 0 NA
85.00 0.03000 85.0 0.00000 0 -45.000 -0.1111 -45.001 -0.0002 0 NA
90.00 0.03000 90.0 0.00000 0 -45.000 -0.1111 -45.001 -0.0002 0 NA
95.00 0.03000 95.0 0.00000 0 -45.000 -0.1111 -45.001 -0.0002 0 NA
100.00 0.03000 100.0 0.00000 0 -45.000 -0.1111 -45.001 -0.0001 0 NA
105.00 0.03000 105.0 0.00000 0 -45.000 -0.1111 -45.001 -0.0002 0 NA
110.00 0.03000 110.0 0.00000 0 -45.000 -0.1111 -45.002 -0.0002 0 NA
115.00 0.03000 115.0 0.00000 0 -45.000 -0.1111 -45.001 -0.0002 0 NA
120.00 0.03000 120.0 0.00000 0 -45.000 -0.1111 -45.001 -0.0002 0 NA
125.00 0.03000 125.0 0.00000 0 -45.000 -0.1111 -45.001 -0.0002 0 NA
130.00 0.03000 130.0 0.00000 0 -45.000 -0.1111 -45.001 -0.0002 0 NA
135.00 0.03000 135.0 0.00000 0 -45.000 -0.1111 -45.001 -0.0002 0 NA
140.00 0.03000 140.0 0.00000 0 -45.000 -0.1111 -45.001 -0.0002 0 NA
145.00 0.03000 145.0 0.00000 0 -45.000 -0.1111 -45.001 -0.0002 0 NA
150.00 0.03000 150.0 0.00000 0 -45.000 -0.1111 -45.001 -0.0001 0 NA
155.00 0.03000 155.0 0.00000 0 -45.000 -0.1111 -45.001 -0.0002 0 NA
160.00 0.03000 160.0 0.00000 0 -45.000 -0.1111 -45.001 -0.0002 0 NA
165.00 0.03000 165.0 0.00000 0 -45.000 -0.1111 -45.001 -0.0002 0 NA
170.00 0.03000 170.0 0.00000 0 -45.000 -0.1111 -45.001 -0.0002 0 NA
175.00 0.03000 175.0 0.00000 0 -45.000 -0.1111 -45.002 -0.0002 0 NA
180.00 0.03000 180.0 0.00000 0 -45.000 -0.1111 -45.001 -0.0001 0 NA
185.00 0.03000 185.0 0.00000 0 -45.000 -0.1111 -45.001 -0.0002 0 NA
190.00 0.03000 190.0 0.00000 0 -45.000 -0.1111 -45.001 -0.0002 0 NA
195.00 0.03000 195.0 0.00000 0 -45.000 -0.1111 -45.001 -0.0002 0 NA
200.00 0.03000 200.0 0.00000 0 -45.000 -0.1111 -45.001 -0.0002 0 NA
205.00 0.03000 205.0 0.00000 0 -45.000 -0.1111 -45.001 -0.0002 0 NA
210.00 0.03000 210.0 0.00000 0 -45.000 -0.1111 -45.002 -0.0001 0 NA
215.00 0.03000 215.0 0.00000 0 -45.000 -0.1111 -45.001 -0.0002 0 NA
220.00 0.03000 220.0 0.00000 0 -45.000 -0.1111 -45.001 -0.0002 0 NA
225.00 0.03000 225.0 0.00000 0 -45.000 -0.1111 -45.001 -0.0002 0 NA
230.00 0.03000 230.1 0.00000 0 -45.000 -0.1111 -45.001 -0.0001 0 NA
235.00 0.03000 235.1 0.00000 0 -45.000 -0.1111 -45.001 -0.0002 0 NA
240.00 0.03000 240.1 0.00000 0 -45.000 -0.1111 -45.001 -0.0001 0 NA
245.00 0.03000 245.1 0.00000 0 -45.000 -0.1111 -45.001 -0.0002 0 NA
250.00 0.03000 250.1 0.00000 0 -45.000 -0.1111 -45.001 -0.0002 0 NA
255.00 0.03000 255.1 0.00000 0 -45.000 -0.1111 -45.001 -0.0001 0 NA
260.00 0.03000 260.1 0.00000 0 -45.000 -0.1111 -45.001 -0.0002 0 NA
265.00 0.03000 265.0 0.00000 0 -45.000 -0.1111 -45.001 -0.0002 0 NA
270.00 0.03000 270.1 0.00000 0 -45.000 -0.1111 -45.001 -0.0002 0 NA
275.00 0.03000 275.0 0.00000 0 -45.000 -0.1111 -45.001 -0.0002 0 NA
280.00 0.03000 280.1 0.00000 0 -45.000 -0.1111 -45.002 -0.0002 0 NA
285.00 0.03000 285.0 0.00000 0 -45.000 -0.1111 -45.001 -0.0001 0 NA
290.00 0.03000 290.1 0.00000 0 -45.000 -0.1111 -45.001 -0.0002 0 NA
295.00 0.03000 295.0 0.00000 0 -45.000 -0.1111 -45.001 -0.0002 0 NA
300.00 0.03000 300.0 0.00000 0 -45.000 -0.1111 -45.000 -0.0002 0 NA
305.00 0.03000 305.1 0.00000 0 -45.000 -0.1111 -45.001 -0.0001 0 NA
310.00 0.03000 310.1 0.00000 0 -45.000 -0.1111 -45.001 -0.0002 0 NA
315.00 0.03000 315.0 0.00000 0 -45.000 -0.1111 -45.001 -0.0002 0 NA
320.00 0.03000 320.1 0.00000 0 -45.000 -0.1111 -45.001 -0.0002 0 NA
325.00 0.03000 325.1 0.00005 0 -45.000 -0.1111 -45.001 -0.0002 0 NA
330.00 0.03000 330.0 0.00006 0 -45.000 -0.1111 -45.001 -0.0002 0 NA
335.00 0.03000 335.1 0.00009 0 -45.000 -0.1111 -45.001 -0.0002 0 NA
340.00 0.03000 340.1 0.00013 0 -45.000 -0.1111 -45.001 -0.0002 0 NA
345.00 0.03000 345.0 0.00019 0 -45.000 -0.1111 -45.001 -0.0002 0 NA
350.00 0.03000 350.1 0.00028 0 -45.000 -0.1111 -45.001 -0.0002 0 NA
355.00 0.03000 355.0 0.00039 0 -45.000 -0.1111 -45.001 -0.0002 0 NA
360.00 0.03000 360.0 0.00054 0 -45.000 -0.1111 -45.002 -0.0002 0 NA
365.00 0.03000 365.0 0.00072 0 -45.000 -0.1111 -45.001 -0.0002 0 NA
370.00 0.03000 370.0 0.00095 0 -45.000 -0.1111 -45.001 -0.0001 0 NA
375.00 0.03000 375.0 0.00121 0 -45.000 -0.1111 -45.001 -0.0002 0 NA
380.00 0.03000 380.0 0.00151 0 -45.000 -0.1111 -45.001 -0.0002 0 NA
385.00 0.03000 385.0 0.00186 0 -45.000 -0.1111 -45.002 -0.0002 0 NA
390.00 0.03000 390.0 0.00225 0 -45.000 -0.1111 -45.001 -0.0002 0 NA
395.00 0.03000 395.0 0.00269 0 -45.000 -0.1111 -45.001 -0.0002 0 NA
400.00 0.03000 400.0 0.00315 0 -45.000 -0.1111 -45.001 -0.0002 0 NA
405.00 0.03000 405.0 0.00369 0 -45.000 -0.1111 -45.001 -0.0002 0 NA
410.00 0.03000 410.0 0.00425 0 -45.000 -0.1111 -45.001 -0.0001 0 NA
415.00 0.03000 415.0 0.00485 0 -45.000 -0.1111 -45.001 -0.0002 0 NA
420.00 0.03000 420.0 0.00551 0 -45.000 -0.1111 -45.001 -0.0001 0 NA
425.00 0.03000 425.0 0.00622 0 -45.000 -0.1111 -45.001 -0.0002 0 NA
430.00 0.03000 430.0 0.00695 0 -45.000 -0.1111 -45.001 -0.0002 0 NA
435.00 0.03000 435.0 0.00770 0 -45.000 -0.1111 -45.002 -0.0002 0 NA
440.00 0.03000 440.0 0.00849 0 -45.000 -0.1111 -45.001 -0.0002 0 NA
445.00 0.03000 445.0 0.00931 0 -45.000 -0.1111 -45.002 -0.0002 0 NA
450.00 0.03000 450.0 0.01017 0 -45.000 -0.1111 -45.002 -0.0002 0 NA
