% * Sample: VT62_12_HYTRON_BROWNBASE
% * Date / time: 2024-10-22 21:22:46.836449
% * R2CONTROL =  NOT SPECIFIED
% Column 1:  PSU1 nominal voltage setting (V)
% Column 2:  PSU1 nominal current setting (A)
% Column 3:  PSU1 voltage measurement (V)
% Column 4:  PSU1 current measurement (I)
% Column 5:  PSU1 limiter flag
% Column 6:  PSU2 nominal voltage setting (V)
% Column 7:  PSU2 nominal current setting (A)
% Column 8:  PSU2 voltage measurement (V)
% Column 9:  PSU2 current measurement (I)
% Column 10: PSU2 limiter flag
% Column 11: Heaterblock temperature (°C)
% * OPERATING POINT AT END OF PREHEAT / IDLE: U1 = 300.1 V  I1 = 0.02000 A  U2 = -18.567 V  I2 = -0.0002 A  T = NA °C
0.00 0.03000 0.1 0.00000 0 -0.000 -1.0000 -0.000 -0.0002 0 NA
5.00 0.03000 5.0 0.00011 0 -0.000 -1.0000 -0.000 -0.0002 0 NA
10.00 0.03000 10.0 0.00019 0 -0.000 -1.0000 -0.000 -0.0002 0 NA
15.00 0.03000 15.0 0.00031 0 -0.000 -1.0000 -0.000 -0.0002 0 NA
20.00 0.03000 20.0 0.00047 0 -0.000 -1.0000 -0.000 -0.0002 0 NA
25.00 0.03000 25.0 0.00066 0 -0.000 -1.0000 -0.000 -0.0002 0 NA
30.00 0.03000 30.0 0.00090 0 -0.000 -1.0000 -0.000 -0.0002 0 NA
35.00 0.03000 35.0 0.00118 0 -0.000 -1.0000 -0.000 -0.0002 0 NA
40.00 0.03000 40.0 0.00149 0 -0.000 -1.0000 -0.000 -0.0002 0 NA
45.00 0.03000 45.0 0.00186 0 -0.000 -1.0000 -0.000 -0.0002 0 NA
50.00 0.03000 50.0 0.00227 0 -0.000 -1.0000 -0.000 -0.0002 0 NA
55.00 0.03000 55.0 0.00274 0 -0.000 -1.0000 -0.000 -0.0002 0 NA
60.00 0.03000 60.0 0.00326 0 -0.000 -1.0000 -0.000 -0.0002 0 NA
65.00 0.03000 65.0 0.00384 0 -0.000 -1.0000 -0.000 -0.0002 0 NA
70.00 0.03000 70.0 0.00447 0 -0.000 -1.0000 -0.000 -0.0002 0 NA
75.00 0.03000 75.0 0.00513 0 -0.000 -1.0000 -0.000 -0.0002 0 NA
80.00 0.03000 80.0 0.00583 0 -0.000 -1.0000 -0.000 -0.0002 0 NA
85.00 0.03000 85.0 0.00657 0 -0.000 -1.0000 -0.000 -0.0002 0 NA
90.00 0.03000 90.0 0.00734 0 -0.000 -1.0000 -0.000 -0.0002 0 NA
95.00 0.03000 95.0 0.00814 0 -0.000 -1.0000 -0.000 -0.0002 0 NA
100.00 0.03000 100.0 0.00897 0 -0.000 -1.0000 -0.000 -0.0002 0 NA
105.00 0.03000 105.0 0.00982 0 -0.000 -1.0000 -0.000 -0.0002 0 NA
110.00 0.03000 110.0 0.01071 0 -0.000 -1.0000 -0.000 -0.0002 0 NA
115.00 0.03000 115.0 0.01161 0 -0.000 -1.0000 -0.000 -0.0002 0 NA
120.00 0.03000 120.0 0.01254 0 -0.000 -1.0000 -0.000 -0.0002 0 NA
125.00 0.03000 125.0 0.01349 0 -0.000 -1.0000 -0.000 -0.0002 0 NA
130.00 0.03000 130.0 0.01448 0 -0.000 -1.0000 -0.000 -0.0002 0 NA
135.00 0.03000 135.0 0.01547 0 -0.000 -1.0000 -0.000 -0.0002 0 NA
140.00 0.03000 140.0 0.01649 0 -0.000 -1.0000 -0.000 -0.0002 0 NA
145.00 0.03000 145.0 0.01753 0 -0.000 -1.0000 -0.000 -0.0002 0 NA
150.00 0.03000 150.0 0.01859 0 -0.000 -1.0000 -0.000 -0.0002 0 NA
155.00 0.03000 155.0 0.01968 0 -0.000 -1.0000 -0.000 -0.0002 0 NA
160.00 0.03000 160.0 0.02079 0 -0.000 -1.0000 -0.000 -0.0002 0 NA
165.00 0.03000 165.0 0.02191 0 -0.000 -1.0000 -0.000 -0.0002 0 NA
170.00 0.03000 170.0 0.02305 0 -0.000 -1.0000 -0.000 -0.0002 0 NA
175.00 0.03000 175.0 0.02420 0 -0.000 -1.0000 -0.000 -0.0002 0 NA
180.00 0.03000 180.0 0.02537 0 -0.000 -1.0000 -0.000 -0.0002 0 NA
185.00 0.03000 185.0 0.02656 0 -0.000 -1.0000 -0.000 -0.0002 0 NA
190.00 0.03000 190.0 0.02776 0 -0.000 -1.0000 -0.000 -0.0002 0 NA
195.00 0.03000 195.0 0.02898 0 -0.000 -1.0000 -0.000 -0.0002 0 NA
200.00 0.03000 200.0 0.03022 1 -0.000 -1.0000 -0.000 -0.0002 0 NA
0.00 0.03000 0.1 0.00000 0 -5.000 -1.0000 -5.000 -0.0002 0 NA
5.00 0.03000 5.0 0.00000 0 -5.000 -1.0000 -5.000 -0.0002 0 NA
10.00 0.03000 10.0 0.00000 0 -5.000 -1.0000 -5.000 -0.0002 0 NA
15.00 0.03000 15.0 0.00000 0 -5.000 -1.0000 -5.000 -0.0002 0 NA
20.00 0.03000 20.0 0.00000 0 -5.000 -1.0000 -5.000 -0.0002 0 NA
25.00 0.03000 25.0 0.00000 0 -5.000 -1.0000 -4.999 -0.0002 0 NA
30.00 0.03000 30.0 0.00000 0 -5.000 -1.0000 -5.000 -0.0002 0 NA
35.00 0.03000 35.0 0.00005 0 -5.000 -1.0000 -5.000 -0.0002 0 NA
40.00 0.03000 40.0 0.00007 0 -5.000 -1.0000 -5.000 -0.0002 0 NA
45.00 0.03000 45.0 0.00014 0 -5.000 -1.0000 -5.000 -0.0002 0 NA
50.00 0.03000 50.0 0.00021 0 -5.000 -1.0000 -5.000 -0.0002 0 NA
55.00 0.03000 55.0 0.00035 0 -5.000 -1.0000 -5.000 -0.0002 0 NA
60.00 0.03000 60.0 0.00051 0 -5.000 -1.0000 -5.000 -0.0002 0 NA
65.00 0.03000 65.0 0.00071 0 -5.000 -1.0000 -5.000 -0.0002 0 NA
70.00 0.03000 70.0 0.00096 0 -5.000 -1.0000 -5.000 -0.0002 0 NA
75.00 0.03000 75.0 0.00126 0 -5.000 -1.0000 -5.000 -0.0002 0 NA
80.00 0.03000 80.0 0.00160 0 -5.000 -1.0000 -5.000 -0.0002 0 NA
85.00 0.03000 85.0 0.00199 0 -5.000 -1.0000 -5.000 -0.0002 0 NA
90.00 0.03000 90.0 0.00243 0 -5.000 -1.0000 -5.000 -0.0002 0 NA
95.00 0.03000 95.0 0.00291 0 -5.000 -1.0000 -5.000 -0.0002 0 NA
100.00 0.03000 100.0 0.00344 0 -5.000 -1.0000 -5.000 -0.0002 0 NA
105.00 0.03000 105.0 0.00403 0 -5.000 -1.0000 -5.000 -0.0002 0 NA
110.00 0.03000 110.0 0.00466 0 -5.000 -1.0000 -5.000 -0.0002 0 NA
115.00 0.03000 115.0 0.00532 0 -5.000 -1.0000 -5.000 -0.0002 0 NA
120.00 0.03000 120.0 0.00603 0 -5.000 -1.0000 -5.000 -0.0002 0 NA
125.00 0.03000 125.0 0.00678 0 -5.000 -1.0000 -5.000 -0.0002 0 NA
130.00 0.03000 130.0 0.00756 0 -5.000 -1.0000 -5.000 -0.0002 0 NA
135.00 0.03000 135.0 0.00837 0 -5.000 -1.0000 -5.000 -0.0002 0 NA
140.00 0.03000 140.0 0.00921 0 -5.000 -1.0000 -5.000 -0.0002 0 NA
145.00 0.03000 145.0 0.01006 0 -5.000 -1.0000 -5.000 -0.0002 0 NA
150.00 0.03000 150.0 0.01094 0 -5.000 -1.0000 -5.000 -0.0002 0 NA
155.00 0.03000 155.0 0.01185 0 -5.000 -1.0000 -5.000 -0.0002 0 NA
160.00 0.03000 160.0 0.01279 0 -5.000 -1.0000 -5.000 -0.0002 0 NA
165.00 0.03000 165.0 0.01375 0 -5.000 -1.0000 -5.000 -0.0002 0 NA
170.00 0.03000 170.0 0.01473 0 -5.000 -1.0000 -5.000 -0.0002 0 NA
175.00 0.03000 175.0 0.01573 0 -5.000 -1.0000 -5.000 -0.0002 0 NA
180.00 0.03000 180.0 0.01675 0 -5.000 -1.0000 -5.000 -0.0002 0 NA
185.00 0.03000 185.0 0.01780 0 -5.000 -1.0000 -5.000 -0.0002 0 NA
190.00 0.03000 190.0 0.01887 0 -5.000 -1.0000 -5.000 -0.0002 0 NA
195.00 0.03000 195.0 0.01994 0 -5.000 -1.0000 -5.000 -0.0002 0 NA
200.00 0.03000 200.0 0.02106 0 -5.000 -1.0000 -5.000 -0.0002 0 NA
205.00 0.03000 205.0 0.02218 0 -5.000 -1.0000 -5.000 -0.0002 0 NA
210.00 0.03000 210.0 0.02332 0 -5.000 -1.0000 -5.000 -0.0002 0 NA
215.00 0.03000 215.0 0.02448 0 -5.000 -1.0000 -5.000 -0.0002 0 NA
220.00 0.03000 220.1 0.02565 0 -5.000 -1.0000 -5.000 -0.0002 0 NA
225.00 0.03000 225.1 0.02684 0 -5.000 -1.0000 -5.000 -0.0002 0 NA
230.00 0.03000 230.1 0.02804 0 -5.000 -1.0000 -5.000 -0.0002 0 NA
235.00 0.03000 235.1 0.02927 0 -5.000 -1.0000 -5.000 -0.0002 0 NA
240.00 0.03000 240.1 0.03050 1 -5.000 -1.0000 -5.000 -0.0002 0 NA
0.00 0.03000 0.1 0.00000 0 -10.000 -0.5000 -10.000 -0.0002 0 NA
5.00 0.03000 5.0 0.00000 0 -10.000 -0.5000 -10.000 -0.0002 0 NA
10.00 0.03000 10.0 0.00000 0 -10.000 -0.5000 -10.000 -0.0002 0 NA
15.00 0.03000 15.0 0.00000 0 -10.000 -0.5000 -9.999 -0.0002 0 NA
20.00 0.03000 20.0 0.00000 0 -10.000 -0.5000 -10.000 -0.0002 0 NA
25.00 0.03000 25.0 0.00000 0 -10.000 -0.5000 -10.000 -0.0002 0 NA
30.00 0.03000 30.0 0.00000 0 -10.000 -0.5000 -10.000 -0.0002 0 NA
35.00 0.03000 35.0 0.00000 0 -10.000 -0.5000 -10.000 -0.0002 0 NA
40.00 0.03000 40.0 0.00000 0 -10.000 -0.5000 -10.000 -0.0002 0 NA
45.00 0.03000 45.0 0.00000 0 -10.000 -0.5000 -10.000 -0.0002 0 NA
50.00 0.03000 50.0 0.00000 0 -10.000 -0.5000 -10.000 -0.0002 0 NA
55.00 0.03000 55.0 0.00000 0 -10.000 -0.5000 -9.999 -0.0002 0 NA
60.00 0.03000 60.0 0.00000 0 -10.000 -0.5000 -10.000 -0.0002 0 NA
65.00 0.03000 65.0 0.00000 0 -10.000 -0.5000 -9.999 -0.0002 0 NA
70.00 0.03000 70.0 0.00000 0 -10.000 -0.5000 -10.000 -0.0002 0 NA
75.00 0.03000 75.0 0.00007 0 -10.000 -0.5000 -10.000 -0.0002 0 NA
80.00 0.03000 80.0 0.00011 0 -10.000 -0.5000 -10.000 -0.0002 0 NA
85.00 0.03000 85.0 0.00018 0 -10.000 -0.5000 -10.000 -0.0002 0 NA
90.00 0.03000 90.0 0.00028 0 -10.000 -0.5000 -10.000 -0.0002 0 NA
95.00 0.03000 95.0 0.00042 0 -10.000 -0.5000 -10.000 -0.0002 0 NA
100.00 0.03000 100.0 0.00059 0 -10.000 -0.5000 -10.000 -0.0002 0 NA
105.00 0.03000 105.0 0.00081 0 -10.000 -0.5000 -10.000 -0.0002 0 NA
110.00 0.03000 110.0 0.00107 0 -10.000 -0.5000 -10.000 -0.0002 0 NA
115.00 0.03000 115.0 0.00138 0 -10.000 -0.5000 -10.000 -0.0002 0 NA
120.00 0.03000 120.0 0.00173 0 -10.000 -0.5000 -10.000 -0.0002 0 NA
125.00 0.03000 125.0 0.00213 0 -10.000 -0.5000 -10.000 -0.0002 0 NA
130.00 0.03000 130.0 0.00260 0 -10.000 -0.5000 -9.999 -0.0002 0 NA
135.00 0.03000 135.0 0.00310 0 -10.000 -0.5000 -10.000 -0.0002 0 NA
140.00 0.03000 140.0 0.00364 0 -10.000 -0.5000 -10.000 -0.0002 0 NA
145.00 0.03000 145.0 0.00423 0 -10.000 -0.5000 -10.000 -0.0002 0 NA
150.00 0.03000 150.0 0.00487 0 -10.000 -0.5000 -10.000 -0.0002 0 NA
155.00 0.03000 155.0 0.00554 0 -10.000 -0.5000 -10.000 -0.0002 0 NA
160.00 0.03000 160.0 0.00626 0 -10.000 -0.5000 -9.999 -0.0002 0 NA
165.00 0.03000 165.0 0.00701 0 -10.000 -0.5000 -10.000 -0.0002 0 NA
170.00 0.03000 170.0 0.00779 0 -10.000 -0.5000 -10.000 -0.0002 0 NA
175.00 0.03000 175.0 0.00859 0 -10.000 -0.5000 -10.000 -0.0002 0 NA
180.00 0.03000 180.0 0.00944 0 -10.000 -0.5000 -10.000 -0.0002 0 NA
185.00 0.03000 185.0 0.01031 0 -10.000 -0.5000 -10.000 -0.0002 0 NA
190.00 0.03000 190.0 0.01121 0 -10.000 -0.5000 -10.000 -0.0002 0 NA
195.00 0.03000 195.0 0.01211 0 -10.000 -0.5000 -10.000 -0.0002 0 NA
200.00 0.03000 200.0 0.01306 0 -10.000 -0.5000 -9.999 -0.0002 0 NA
205.00 0.03000 205.0 0.01401 0 -10.000 -0.5000 -10.000 -0.0002 0 NA
210.00 0.03000 210.0 0.01499 0 -10.000 -0.5000 -10.000 -0.0002 0 NA
215.00 0.03000 215.0 0.01600 0 -10.000 -0.5000 -10.000 -0.0002 0 NA
220.00 0.03000 220.1 0.01703 0 -10.000 -0.5000 -10.000 -0.0002 0 NA
225.00 0.03000 225.1 0.01808 0 -10.000 -0.5000 -10.000 -0.0002 0 NA
230.00 0.03000 230.1 0.01915 0 -10.000 -0.5000 -10.000 -0.0002 0 NA
235.00 0.03000 235.1 0.02024 0 -10.000 -0.5000 -10.000 -0.0002 0 NA
240.00 0.03000 240.1 0.02135 0 -10.000 -0.5000 -10.000 -0.0002 0 NA
245.00 0.03000 245.1 0.02247 0 -10.000 -0.5000 -10.000 -0.0002 0 NA
250.00 0.03000 250.1 0.02361 0 -10.000 -0.5000 -9.999 -0.0002 0 NA
255.00 0.03000 255.1 0.02477 0 -10.000 -0.5000 -10.000 -0.0002 0 NA
260.00 0.03000 260.1 0.02594 0 -10.000 -0.5000 -10.000 -0.0002 0 NA
265.00 0.03000 265.1 0.02713 0 -10.000 -0.5000 -10.000 -0.0002 0 NA
270.00 0.03000 270.1 0.02834 0 -10.000 -0.5000 -10.000 -0.0002 0 NA
275.00 0.03000 275.1 0.02956 0 -10.000 -0.5000 -10.000 -0.0002 0 NA
280.00 0.03000 280.1 0.03080 1 -10.000 -0.5000 -10.000 -0.0002 0 NA
0.00 0.03000 0.3 0.00000 0 -15.000 -0.3333 -14.999 -0.0002 0 NA
5.00 0.03000 5.0 0.00000 0 -15.000 -0.3333 -14.999 -0.0002 0 NA
10.00 0.03000 10.0 0.00000 0 -15.000 -0.3333 -14.999 -0.0002 0 NA
15.00 0.03000 15.0 0.00000 0 -15.000 -0.3333 -14.999 -0.0002 0 NA
20.00 0.03000 20.0 0.00000 0 -15.000 -0.3333 -14.999 -0.0002 0 NA
25.00 0.03000 25.0 0.00000 0 -15.000 -0.3333 -15.000 -0.0002 0 NA
30.00 0.03000 30.0 0.00000 0 -15.000 -0.3333 -15.000 -0.0002 0 NA
35.00 0.03000 35.0 0.00000 0 -15.000 -0.3333 -14.999 -0.0002 0 NA
40.00 0.03000 40.0 0.00000 0 -15.000 -0.3333 -14.999 -0.0002 0 NA
45.00 0.03000 45.0 0.00000 0 -15.000 -0.3333 -14.999 -0.0002 0 NA
50.00 0.03000 50.0 0.00000 0 -15.000 -0.3333 -14.999 -0.0002 0 NA
55.00 0.03000 55.0 0.00000 0 -15.000 -0.3333 -14.999 -0.0002 0 NA
60.00 0.03000 60.0 0.00000 0 -15.000 -0.3333 -15.000 -0.0002 0 NA
65.00 0.03000 65.0 0.00000 0 -15.000 -0.3333 -14.999 -0.0002 0 NA
70.00 0.03000 70.0 0.00000 0 -15.000 -0.3333 -14.999 -0.0002 0 NA
75.00 0.03000 75.0 0.00000 0 -15.000 -0.3333 -14.999 -0.0002 0 NA
80.00 0.03000 80.0 0.00000 0 -15.000 -0.3333 -15.000 -0.0002 0 NA
85.00 0.03000 85.0 0.00000 0 -15.000 -0.3333 -14.999 -0.0002 0 NA
90.00 0.03000 90.0 0.00000 0 -15.000 -0.3333 -15.000 -0.0002 0 NA
95.00 0.03000 95.0 0.00000 0 -15.000 -0.3333 -15.000 -0.0002 0 NA
100.00 0.03000 100.0 0.00000 0 -15.000 -0.3333 -14.999 -0.0002 0 NA
105.00 0.03000 105.0 0.00000 0 -15.000 -0.3333 -15.000 -0.0002 0 NA
110.00 0.03000 110.0 0.00006 0 -15.000 -0.3333 -14.999 -0.0002 0 NA
115.00 0.03000 115.0 0.00010 0 -15.000 -0.3333 -15.000 -0.0002 0 NA
120.00 0.03000 120.0 0.00016 0 -15.000 -0.3333 -14.999 -0.0002 0 NA
125.00 0.03000 125.0 0.00024 0 -15.000 -0.3333 -14.999 -0.0002 0 NA
130.00 0.03000 130.0 0.00036 0 -15.000 -0.3333 -15.000 -0.0002 0 NA
135.00 0.03000 135.0 0.00052 0 -15.000 -0.3333 -14.999 -0.0002 0 NA
140.00 0.03000 140.0 0.00071 0 -15.000 -0.3333 -14.999 -0.0002 0 NA
145.00 0.03000 145.0 0.00094 0 -15.000 -0.3333 -15.000 -0.0002 0 NA
150.00 0.03000 150.0 0.00122 0 -15.000 -0.3333 -15.000 -0.0002 0 NA
155.00 0.03000 155.0 0.00155 0 -15.000 -0.3333 -14.999 -0.0002 0 NA
160.00 0.03000 160.0 0.00191 0 -15.000 -0.3333 -15.000 -0.0002 0 NA
165.00 0.03000 165.0 0.00234 0 -15.000 -0.3333 -15.000 -0.0002 0 NA
170.00 0.03000 170.0 0.00280 0 -15.000 -0.3333 -15.000 -0.0002 0 NA
175.00 0.03000 175.0 0.00331 0 -15.000 -0.3333 -15.000 -0.0002 0 NA
180.00 0.03000 180.0 0.00387 0 -15.000 -0.3333 -14.999 -0.0002 0 NA
185.00 0.03000 185.0 0.00447 0 -15.000 -0.3333 -15.000 -0.0002 0 NA
190.00 0.03000 190.0 0.00511 0 -15.000 -0.3333 -14.999 -0.0002 0 NA
195.00 0.03000 195.0 0.00578 0 -15.000 -0.3333 -15.000 -0.0002 0 NA
200.00 0.03000 200.0 0.00650 0 -15.000 -0.3333 -14.999 -0.0002 0 NA
205.00 0.03000 205.0 0.00725 0 -15.000 -0.3333 -14.999 -0.0002 0 NA
210.00 0.03000 210.0 0.00804 0 -15.000 -0.3333 -15.000 -0.0002 0 NA
215.00 0.03000 215.0 0.00885 0 -15.000 -0.3333 -14.999 -0.0002 0 NA
220.00 0.03000 220.1 0.00970 0 -15.000 -0.3333 -14.999 -0.0002 0 NA
225.00 0.03000 225.1 0.01057 0 -15.000 -0.3333 -15.000 -0.0002 0 NA
230.00 0.03000 230.1 0.01148 0 -15.000 -0.3333 -15.000 -0.0002 0 NA
235.00 0.03000 235.1 0.01239 0 -15.000 -0.3333 -15.000 -0.0002 0 NA
240.00 0.03000 240.1 0.01333 0 -15.000 -0.3333 -14.999 -0.0002 0 NA
245.00 0.03000 245.1 0.01429 0 -15.000 -0.3333 -14.999 -0.0002 0 NA
250.00 0.03000 250.1 0.01528 0 -15.000 -0.3333 -15.000 -0.0002 0 NA
255.00 0.03000 255.1 0.01629 0 -15.000 -0.3333 -15.000 -0.0002 0 NA
260.00 0.03000 260.1 0.01732 0 -15.000 -0.3333 -15.000 -0.0002 0 NA
265.00 0.03000 265.0 0.01837 0 -15.000 -0.3333 -15.000 -0.0002 0 NA
270.00 0.03000 270.1 0.01944 0 -15.000 -0.3333 -14.999 -0.0002 0 NA
275.00 0.03000 275.1 0.02053 0 -15.000 -0.3333 -15.000 -0.0002 0 NA
280.00 0.03000 280.1 0.02164 0 -15.000 -0.3333 -15.000 -0.0002 0 NA
285.00 0.03000 285.1 0.02276 0 -15.000 -0.3333 -15.000 -0.0002 0 NA
290.00 0.03000 290.1 0.02391 0 -15.000 -0.3333 -14.999 -0.0002 0 NA
295.00 0.03000 295.0 0.02506 0 -15.000 -0.3333 -15.000 -0.0002 0 NA
300.00 0.03000 300.1 0.02624 0 -15.000 -0.3333 -14.999 -0.0002 0 NA
305.00 0.03000 305.1 0.02743 0 -15.000 -0.3333 -15.000 -0.0002 0 NA
310.00 0.03000 310.1 0.02865 0 -15.000 -0.3333 -14.999 -0.0002 0 NA
315.00 0.03000 315.1 0.02987 0 -15.000 -0.3333 -14.999 -0.0002 0 NA
320.00 0.03000 320.1 0.03111 1 -15.000 -0.3333 -14.999 -0.0002 0 NA
0.00 0.03000 0.1 0.00000 0 -20.000 -0.2500 -20.000 -0.0002 0 NA
5.00 0.03000 5.0 0.00000 0 -20.000 -0.2500 -20.000 -0.0002 0 NA
10.00 0.03000 10.0 0.00000 0 -20.000 -0.2500 -20.000 -0.0002 0 NA
15.00 0.03000 15.0 0.00000 0 -20.000 -0.2500 -20.000 -0.0002 0 NA
20.00 0.03000 20.0 0.00000 0 -20.000 -0.2500 -20.000 -0.0002 0 NA
25.00 0.03000 25.0 0.00000 0 -20.000 -0.2500 -20.000 -0.0002 0 NA
30.00 0.03000 30.0 0.00000 0 -20.000 -0.2500 -20.000 -0.0002 0 NA
35.00 0.03000 35.0 0.00000 0 -20.000 -0.2500 -20.000 -0.0002 0 NA
40.00 0.03000 40.0 0.00000 0 -20.000 -0.2500 -20.000 -0.0002 0 NA
45.00 0.03000 45.0 0.00000 0 -20.000 -0.2500 -20.000 -0.0002 0 NA
50.00 0.03000 50.0 0.00000 0 -20.000 -0.2500 -20.000 -0.0002 0 NA
55.00 0.03000 55.0 0.00000 0 -20.000 -0.2500 -20.000 -0.0002 0 NA
60.00 0.03000 60.0 0.00000 0 -20.000 -0.2500 -20.000 -0.0002 0 NA
65.00 0.03000 65.0 0.00000 0 -20.000 -0.2500 -20.000 -0.0002 0 NA
70.00 0.03000 70.0 0.00000 0 -20.000 -0.2500 -20.000 -0.0002 0 NA
75.00 0.03000 75.0 0.00000 0 -20.000 -0.2500 -20.000 -0.0002 0 NA
80.00 0.03000 80.0 0.00000 0 -20.000 -0.2500 -20.000 -0.0002 0 NA
85.00 0.03000 85.0 0.00000 0 -20.000 -0.2500 -20.000 -0.0002 0 NA
90.00 0.03000 90.0 0.00000 0 -20.000 -0.2500 -20.000 -0.0002 0 NA
95.00 0.03000 95.0 0.00000 0 -20.000 -0.2500 -20.000 -0.0002 0 NA
100.00 0.03000 100.0 0.00000 0 -20.000 -0.2500 -20.000 -0.0002 0 NA
105.00 0.03000 105.0 0.00000 0 -20.000 -0.2500 -20.000 -0.0002 0 NA
110.00 0.03000 110.0 0.00000 0 -20.000 -0.2500 -20.000 -0.0002 0 NA
115.00 0.03000 115.0 0.00000 0 -20.000 -0.2500 -20.000 -0.0002 0 NA
120.00 0.03000 120.0 0.00000 0 -20.000 -0.2500 -20.000 -0.0002 0 NA
125.00 0.03000 125.0 0.00000 0 -20.000 -0.2500 -20.000 -0.0002 0 NA
130.00 0.03000 130.0 0.00000 0 -20.000 -0.2500 -20.000 -0.0002 0 NA
135.00 0.03000 135.0 0.00000 0 -20.000 -0.2500 -20.000 -0.0002 0 NA
140.00 0.03000 140.0 0.00000 0 -20.000 -0.2500 -20.000 -0.0002 0 NA
145.00 0.03000 145.0 0.00006 0 -20.000 -0.2500 -20.000 -0.0002 0 NA
150.00 0.03000 150.0 0.00009 0 -20.000 -0.2500 -20.000 -0.0002 0 NA
155.00 0.03000 155.0 0.00014 0 -20.000 -0.2500 -20.000 -0.0002 0 NA
160.00 0.03000 160.0 0.00022 0 -20.000 -0.2500 -20.000 -0.0002 0 NA
165.00 0.03000 165.0 0.00033 0 -20.000 -0.2500 -20.000 -0.0002 0 NA
170.00 0.03000 170.1 0.00047 0 -20.000 -0.2500 -20.000 -0.0002 0 NA
175.00 0.03000 175.0 0.00065 0 -20.000 -0.2500 -20.000 -0.0002 0 NA
180.00 0.03000 180.0 0.00086 0 -20.000 -0.2500 -20.000 -0.0002 0 NA
185.00 0.03000 185.0 0.00112 0 -20.000 -0.2500 -20.000 -0.0002 0 NA
190.00 0.03000 190.0 0.00142 0 -20.000 -0.2500 -20.000 -0.0002 0 NA
195.00 0.03000 195.0 0.00176 0 -20.000 -0.2500 -20.000 -0.0002 0 NA
200.00 0.03000 200.0 0.00214 0 -20.000 -0.2500 -20.000 -0.0002 0 NA
205.00 0.03000 205.0 0.00257 0 -20.000 -0.2500 -20.000 -0.0002 0 NA
210.00 0.03000 210.0 0.00305 0 -20.000 -0.2500 -20.000 -0.0002 0 NA
215.00 0.03000 215.0 0.00356 0 -20.000 -0.2500 -20.000 -0.0002 0 NA
220.00 0.03000 220.1 0.00412 0 -20.000 -0.2500 -20.000 -0.0002 0 NA
225.00 0.03000 225.1 0.00473 0 -20.000 -0.2500 -20.000 -0.0002 0 NA
230.00 0.03000 230.1 0.00538 0 -20.000 -0.2500 -20.000 -0.0002 0 NA
235.00 0.03000 235.1 0.00606 0 -20.000 -0.2500 -20.000 -0.0002 0 NA
240.00 0.03000 240.1 0.00677 0 -20.000 -0.2500 -20.000 -0.0002 0 NA
245.00 0.03000 245.1 0.00752 0 -20.000 -0.2500 -20.000 -0.0002 0 NA
250.00 0.03000 250.1 0.00831 0 -20.000 -0.2500 -20.000 -0.0002 0 NA
255.00 0.03000 255.1 0.00913 0 -20.000 -0.2500 -20.000 -0.0002 0 NA
260.00 0.03000 260.1 0.00997 0 -20.000 -0.2500 -20.000 -0.0002 0 NA
265.00 0.03000 265.1 0.01085 0 -20.000 -0.2500 -20.000 -0.0002 0 NA
270.00 0.03000 270.1 0.01175 0 -20.000 -0.2500 -20.000 -0.0002 0 NA
275.00 0.03000 275.1 0.01268 0 -20.000 -0.2500 -20.000 -0.0002 0 NA
280.00 0.03000 280.1 0.01362 0 -20.000 -0.2500 -20.000 -0.0002 0 NA
285.00 0.03000 285.1 0.01459 0 -20.000 -0.2500 -20.000 -0.0002 0 NA
290.00 0.03000 290.1 0.01558 0 -20.000 -0.2500 -20.000 -0.0002 0 NA
295.00 0.03000 295.0 0.01659 0 -20.000 -0.2500 -20.000 -0.0002 0 NA
300.00 0.03000 300.1 0.01762 0 -20.000 -0.2500 -20.000 -0.0002 0 NA
305.00 0.03000 305.1 0.01867 0 -20.000 -0.2500 -20.000 -0.0002 0 NA
310.00 0.03000 310.1 0.01975 0 -20.000 -0.2500 -20.000 -0.0002 0 NA
315.00 0.03000 315.1 0.02084 0 -20.000 -0.2500 -20.000 -0.0002 0 NA
320.00 0.03000 320.1 0.02195 0 -20.000 -0.2500 -20.000 -0.0002 0 NA
325.00 0.03000 325.1 0.02307 0 -20.000 -0.2500 -20.000 -0.0002 0 NA
330.00 0.03000 330.1 0.02421 0 -20.000 -0.2500 -20.000 -0.0002 0 NA
335.00 0.03000 335.1 0.02538 0 -20.000 -0.2500 -20.000 -0.0002 0 NA
340.00 0.03000 340.1 0.02656 0 -20.000 -0.2500 -20.000 -0.0002 0 NA
345.00 0.03000 345.1 0.02775 0 -20.000 -0.2500 -20.000 -0.0002 0 NA
350.00 0.03000 350.1 0.02897 0 -20.000 -0.2500 -20.000 -0.0002 0 NA
355.00 0.03000 355.0 0.03020 1 -20.000 -0.2500 -20.000 -0.0002 0 NA
0.00 0.03000 0.1 0.00000 0 -25.000 -0.2000 -25.001 -0.0002 0 NA
5.00 0.03000 5.0 0.00000 0 -25.000 -0.2000 -25.001 -0.0002 0 NA
10.00 0.03000 10.0 0.00000 0 -25.000 -0.2000 -25.001 -0.0002 0 NA
15.00 0.03000 15.0 0.00000 0 -25.000 -0.2000 -25.001 -0.0002 0 NA
20.00 0.03000 20.0 0.00000 0 -25.000 -0.2000 -25.001 -0.0002 0 NA
25.00 0.03000 25.0 0.00000 0 -25.000 -0.2000 -25.001 -0.0002 0 NA
30.00 0.03000 30.0 0.00000 0 -25.000 -0.2000 -25.001 -0.0002 0 NA
35.00 0.03000 35.0 0.00000 0 -25.000 -0.2000 -25.001 -0.0002 0 NA
40.00 0.03000 40.0 0.00000 0 -25.000 -0.2000 -25.001 -0.0002 0 NA
45.00 0.03000 45.0 0.00000 0 -25.000 -0.2000 -25.001 -0.0002 0 NA
50.00 0.03000 50.0 0.00000 0 -25.000 -0.2000 -25.001 -0.0002 0 NA
55.00 0.03000 55.0 0.00000 0 -25.000 -0.2000 -25.001 -0.0002 0 NA
60.00 0.03000 60.0 0.00000 0 -25.000 -0.2000 -25.001 -0.0002 0 NA
65.00 0.03000 65.0 0.00000 0 -25.000 -0.2000 -25.001 -0.0002 0 NA
70.00 0.03000 70.0 0.00000 0 -25.000 -0.2000 -25.001 -0.0002 0 NA
75.00 0.03000 75.0 0.00000 0 -25.000 -0.2000 -25.001 -0.0002 0 NA
80.00 0.03000 80.0 0.00000 0 -25.000 -0.2000 -25.001 -0.0002 0 NA
85.00 0.03000 85.0 0.00000 0 -25.000 -0.2000 -25.001 -0.0002 0 NA
90.00 0.03000 90.0 0.00000 0 -25.000 -0.2000 -25.001 -0.0002 0 NA
95.00 0.03000 95.0 0.00000 0 -25.000 -0.2000 -25.001 -0.0002 0 NA
100.00 0.03000 100.0 0.00000 0 -25.000 -0.2000 -25.001 -0.0002 0 NA
105.00 0.03000 105.0 0.00000 0 -25.000 -0.2000 -25.001 -0.0002 0 NA
110.00 0.03000 110.0 0.00000 0 -25.000 -0.2000 -25.001 -0.0002 0 NA
115.00 0.03000 115.0 0.00000 0 -25.000 -0.2000 -25.001 -0.0002 0 NA
120.00 0.03000 120.0 0.00000 0 -25.000 -0.2000 -25.001 -0.0002 0 NA
125.00 0.03000 125.0 0.00000 0 -25.000 -0.2000 -25.001 -0.0002 0 NA
130.00 0.03000 130.0 0.00000 0 -25.000 -0.2000 -25.001 -0.0002 0 NA
135.00 0.03000 135.0 0.00000 0 -25.000 -0.2000 -25.001 -0.0002 0 NA
140.00 0.03000 140.0 0.00000 0 -25.000 -0.2000 -25.001 -0.0002 0 NA
145.00 0.03000 145.0 0.00000 0 -25.000 -0.2000 -25.001 -0.0002 0 NA
150.00 0.03000 150.0 0.00000 0 -25.000 -0.2000 -25.001 -0.0002 0 NA
155.00 0.03000 155.0 0.00000 0 -25.000 -0.2000 -25.001 -0.0002 0 NA
160.00 0.03000 160.0 0.00000 0 -25.000 -0.2000 -25.001 -0.0002 0 NA
165.00 0.03000 165.0 0.00000 0 -25.000 -0.2000 -25.001 -0.0002 0 NA
170.00 0.03000 170.0 0.00000 0 -25.000 -0.2000 -25.001 -0.0002 0 NA
175.00 0.03000 175.0 0.00000 0 -25.000 -0.2000 -25.001 -0.0002 0 NA
180.00 0.03000 180.0 0.00006 0 -25.000 -0.2000 -25.001 -0.0002 0 NA
185.00 0.03000 185.0 0.00009 0 -25.000 -0.2000 -25.001 -0.0002 0 NA
190.00 0.03000 190.0 0.00014 0 -25.000 -0.2000 -25.001 -0.0002 0 NA
195.00 0.03000 195.0 0.00021 0 -25.000 -0.2000 -25.001 -0.0002 0 NA
200.00 0.03000 200.0 0.00031 0 -25.000 -0.2000 -25.001 -0.0002 0 NA
205.00 0.03000 205.0 0.00044 0 -25.000 -0.2000 -25.001 -0.0002 0 NA
210.00 0.03000 210.0 0.00061 0 -25.000 -0.2000 -25.001 -0.0002 0 NA
215.00 0.03000 215.0 0.00081 0 -25.000 -0.2000 -25.001 -0.0002 0 NA
220.00 0.03000 220.1 0.00105 0 -25.000 -0.2000 -25.001 -0.0002 0 NA
225.00 0.03000 225.1 0.00132 0 -25.000 -0.2000 -25.001 -0.0002 0 NA
230.00 0.03000 230.1 0.00163 0 -25.000 -0.2000 -25.001 -0.0002 0 NA
235.00 0.03000 235.1 0.00199 0 -25.000 -0.2000 -25.001 -0.0002 0 NA
240.00 0.03000 240.1 0.00239 0 -25.000 -0.2000 -25.001 -0.0002 0 NA
245.00 0.03000 245.1 0.00283 0 -25.000 -0.2000 -25.001 -0.0002 0 NA
250.00 0.03000 250.1 0.00331 0 -25.000 -0.2000 -25.001 -0.0002 0 NA
255.00 0.03000 255.1 0.00383 0 -25.000 -0.2000 -25.001 -0.0002 0 NA
260.00 0.03000 260.1 0.00440 0 -25.000 -0.2000 -25.001 -0.0002 0 NA
265.00 0.03000 265.1 0.00501 0 -25.000 -0.2000 -25.001 -0.0002 0 NA
270.00 0.03000 270.1 0.00566 0 -25.000 -0.2000 -25.001 -0.0002 0 NA
275.00 0.03000 275.1 0.00634 0 -25.000 -0.2000 -25.001 -0.0002 0 NA
280.00 0.03000 280.1 0.00706 0 -25.000 -0.2000 -25.001 -0.0002 0 NA
285.00 0.03000 285.1 0.00781 0 -25.000 -0.2000 -25.001 -0.0002 0 NA
290.00 0.03000 290.1 0.00860 0 -25.000 -0.2000 -25.001 -0.0002 0 NA
295.00 0.03000 295.1 0.00941 0 -25.000 -0.2000 -25.001 -0.0002 0 NA
300.00 0.03000 300.1 0.01026 0 -25.000 -0.2000 -25.001 -0.0002 0 NA
305.00 0.03000 305.1 0.01114 0 -25.000 -0.2000 -25.001 -0.0002 0 NA
310.00 0.03000 310.1 0.01204 0 -25.000 -0.2000 -25.001 -0.0002 0 NA
315.00 0.03000 315.1 0.01298 0 -25.000 -0.2000 -25.001 -0.0002 0 NA
320.00 0.03000 320.1 0.01393 0 -25.000 -0.2000 -25.001 -0.0002 0 NA
325.00 0.03000 325.1 0.01490 0 -25.000 -0.2000 -25.001 -0.0002 0 NA
330.00 0.03000 330.1 0.01589 0 -25.000 -0.2000 -25.001 -0.0002 0 NA
335.00 0.03000 335.1 0.01690 0 -25.000 -0.2000 -25.001 -0.0002 0 NA
340.00 0.03000 340.1 0.01794 0 -25.000 -0.2000 -25.001 -0.0002 0 NA
345.00 0.03000 345.1 0.01899 0 -25.000 -0.2000 -25.001 -0.0002 0 NA
350.00 0.03000 350.1 0.02007 0 -25.000 -0.2000 -25.001 -0.0002 0 NA
355.00 0.03000 355.0 0.02115 0 -25.000 -0.2000 -25.001 -0.0002 0 NA
360.00 0.03000 360.1 0.02227 0 -25.000 -0.2000 -25.001 -0.0002 0 NA
365.00 0.03000 365.0 0.02340 0 -25.000 -0.2000 -25.001 -0.0002 0 NA
370.00 0.03000 370.0 0.02454 0 -25.000 -0.2000 -25.001 -0.0002 0 NA
375.00 0.03000 375.0 0.02571 0 -25.000 -0.2000 -25.001 -0.0002 0 NA
380.00 0.03000 380.0 0.02690 0 -25.000 -0.2000 -25.001 -0.0002 0 NA
385.00 0.03000 385.0 0.02809 0 -25.000 -0.2000 -25.001 -0.0002 0 NA
390.00 0.03000 390.0 0.02931 0 -25.000 -0.2000 -25.001 -0.0002 0 NA
395.00 0.03000 395.0 0.03053 1 -25.000 -0.2000 -25.001 -0.0002 0 NA
0.00 0.03000 0.1 0.00000 0 -30.000 -0.1667 -30.000 -0.0000 0 NA
5.00 0.03000 5.0 0.00000 0 -30.000 -0.1667 -30.001 -0.0001 0 NA
10.00 0.03000 10.0 0.00000 0 -30.000 -0.1667 -30.001 -0.0001 0 NA
15.00 0.03000 15.0 0.00000 0 -30.000 -0.1667 -30.001 -0.0001 0 NA
20.00 0.03000 20.0 0.00000 0 -30.000 -0.1667 -30.001 -0.0001 0 NA
25.00 0.03000 25.0 0.00000 0 -30.000 -0.1667 -30.001 -0.0001 0 NA
30.00 0.03000 30.0 0.00000 0 -30.000 -0.1667 -30.001 -0.0001 0 NA
35.00 0.03000 35.0 0.00000 0 -30.000 -0.1667 -30.001 -0.0001 0 NA
40.00 0.03000 40.0 0.00000 0 -30.000 -0.1667 -30.001 -0.0001 0 NA
45.00 0.03000 45.0 0.00000 0 -30.000 -0.1667 -30.001 -0.0001 0 NA
50.00 0.03000 50.0 0.00000 0 -30.000 -0.1667 -30.001 -0.0002 0 NA
55.00 0.03000 55.0 0.00000 0 -30.000 -0.1667 -30.001 -0.0002 0 NA
60.00 0.03000 60.0 0.00000 0 -30.000 -0.1667 -30.001 -0.0002 0 NA
65.00 0.03000 65.0 0.00000 0 -30.000 -0.1667 -30.001 -0.0002 0 NA
70.00 0.03000 70.0 0.00000 0 -30.000 -0.1667 -30.001 -0.0001 0 NA
75.00 0.03000 75.0 0.00000 0 -30.000 -0.1667 -30.001 -0.0002 0 NA
80.00 0.03000 80.0 0.00000 0 -30.000 -0.1667 -30.001 -0.0002 0 NA
85.00 0.03000 85.0 0.00000 0 -30.000 -0.1667 -30.000 -0.0002 0 NA
90.00 0.03000 90.0 0.00000 0 -30.000 -0.1667 -30.001 -0.0002 0 NA
95.00 0.03000 95.0 0.00000 0 -30.000 -0.1667 -30.001 -0.0001 0 NA
100.00 0.03000 100.0 0.00000 0 -30.000 -0.1667 -30.001 -0.0002 0 NA
105.00 0.03000 105.0 0.00000 0 -30.000 -0.1667 -30.001 -0.0002 0 NA
110.00 0.03000 110.0 0.00000 0 -30.000 -0.1667 -30.001 -0.0002 0 NA
115.00 0.03000 115.0 0.00000 0 -30.000 -0.1667 -30.001 -0.0002 0 NA
120.00 0.03000 120.0 0.00000 0 -30.000 -0.1667 -30.001 -0.0002 0 NA
125.00 0.03000 125.0 0.00000 0 -30.000 -0.1667 -30.001 -0.0002 0 NA
130.00 0.03000 130.0 0.00000 0 -30.000 -0.1667 -30.001 -0.0002 0 NA
135.00 0.03000 135.0 0.00000 0 -30.000 -0.1667 -30.001 -0.0002 0 NA
140.00 0.03000 140.0 0.00000 0 -30.000 -0.1667 -30.001 -0.0002 0 NA
145.00 0.03000 145.0 0.00000 0 -30.000 -0.1667 -30.001 -0.0002 0 NA
150.00 0.03000 150.0 0.00000 0 -30.000 -0.1667 -30.001 -0.0002 0 NA
155.00 0.03000 155.0 0.00000 0 -30.000 -0.1667 -30.001 -0.0002 0 NA
160.00 0.03000 160.0 0.00000 0 -30.000 -0.1667 -30.001 -0.0002 0 NA
165.00 0.03000 165.0 0.00000 0 -30.000 -0.1667 -30.001 -0.0002 0 NA
170.00 0.03000 170.0 0.00000 0 -30.000 -0.1667 -30.001 -0.0002 0 NA
175.00 0.03000 175.0 0.00000 0 -30.000 -0.1667 -30.001 -0.0002 0 NA
180.00 0.03000 180.0 0.00000 0 -30.000 -0.1667 -30.001 -0.0002 0 NA
185.00 0.03000 185.0 0.00000 0 -30.000 -0.1667 -30.001 -0.0002 0 NA
190.00 0.03000 190.0 0.00000 0 -30.000 -0.1667 -30.001 -0.0002 0 NA
195.00 0.03000 195.0 0.00000 0 -30.000 -0.1667 -30.001 -0.0002 0 NA
200.00 0.03000 200.0 0.00000 0 -30.000 -0.1667 -30.001 -0.0002 0 NA
205.00 0.03000 205.0 0.00000 0 -30.000 -0.1667 -30.001 -0.0002 0 NA
210.00 0.03000 210.0 0.00000 0 -30.000 -0.1667 -30.001 -0.0002 0 NA
215.00 0.03000 215.0 0.00007 0 -30.000 -0.1667 -30.001 -0.0002 0 NA
220.00 0.03000 220.1 0.00009 0 -30.000 -0.1667 -30.000 -0.0002 0 NA
225.00 0.03000 225.1 0.00014 0 -30.000 -0.1667 -30.001 -0.0002 0 NA
230.00 0.03000 230.1 0.00021 0 -30.000 -0.1667 -30.001 -0.0002 0 NA
235.00 0.03000 235.1 0.00030 0 -30.000 -0.1667 -30.001 -0.0002 0 NA
240.00 0.03000 240.1 0.00042 0 -30.000 -0.1667 -30.001 -0.0002 0 NA
245.00 0.03000 245.1 0.00058 0 -30.000 -0.1667 -30.001 -0.0002 0 NA
250.00 0.03000 250.1 0.00078 0 -30.000 -0.1667 -30.001 -0.0002 0 NA
255.00 0.03000 255.1 0.00099 0 -30.000 -0.1667 -30.001 -0.0002 0 NA
260.00 0.03000 260.1 0.00125 0 -30.000 -0.1667 -30.001 -0.0002 0 NA
265.00 0.03000 265.1 0.00155 0 -30.000 -0.1667 -30.001 -0.0002 0 NA
270.00 0.03000 270.1 0.00188 0 -30.000 -0.1667 -30.001 -0.0002 0 NA
275.00 0.03000 275.1 0.00225 0 -30.000 -0.1667 -30.001 -0.0002 0 NA
280.00 0.03000 280.1 0.00267 0 -30.000 -0.1667 -30.001 -0.0002 0 NA
285.00 0.03000 285.1 0.00312 0 -30.000 -0.1667 -30.000 -0.0002 0 NA
290.00 0.03000 290.1 0.00361 0 -30.000 -0.1667 -30.001 -0.0002 0 NA
295.00 0.03000 295.1 0.00414 0 -30.000 -0.1667 -30.001 -0.0002 0 NA
300.00 0.03000 300.1 0.00471 0 -30.000 -0.1667 -30.001 -0.0002 0 NA
305.00 0.03000 305.1 0.00532 0 -30.000 -0.1667 -30.001 -0.0002 0 NA
310.00 0.03000 310.1 0.00597 0 -30.000 -0.1667 -30.001 -0.0002 0 NA
315.00 0.03000 315.1 0.00666 0 -30.000 -0.1667 -30.001 -0.0002 0 NA
320.00 0.03000 320.1 0.00738 0 -30.000 -0.1667 -30.001 -0.0002 0 NA
325.00 0.03000 325.1 0.00813 0 -30.000 -0.1667 -30.001 -0.0001 0 NA
330.00 0.03000 330.1 0.00892 0 -30.000 -0.1667 -30.001 -0.0002 0 NA
335.00 0.03000 335.1 0.00974 0 -30.000 -0.1667 -30.001 -0.0002 0 NA
340.00 0.03000 340.1 0.01058 0 -30.000 -0.1667 -30.001 -0.0002 0 NA
345.00 0.03000 345.1 0.01146 0 -30.000 -0.1667 -30.001 -0.0002 0 NA
350.00 0.03000 350.1 0.01236 0 -30.000 -0.1667 -30.001 -0.0002 0 NA
355.00 0.03000 355.0 0.01328 0 -30.000 -0.1667 -30.001 -0.0002 0 NA
360.00 0.03000 360.1 0.01424 0 -30.000 -0.1667 -30.001 -0.0002 0 NA
365.00 0.03000 365.0 0.01521 0 -30.000 -0.1667 -30.001 -0.0002 0 NA
370.00 0.03000 370.0 0.01620 0 -30.000 -0.1667 -30.001 -0.0002 0 NA
375.00 0.03000 375.0 0.01722 0 -30.000 -0.1667 -30.001 -0.0002 0 NA
380.00 0.03000 380.0 0.01825 0 -30.000 -0.1667 -30.001 -0.0002 0 NA
385.00 0.03000 385.0 0.01931 0 -30.000 -0.1667 -30.001 -0.0002 0 NA
390.00 0.03000 390.0 0.02039 0 -30.000 -0.1667 -30.001 -0.0002 0 NA
395.00 0.03000 395.0 0.02148 0 -30.000 -0.1667 -30.001 -0.0002 0 NA
400.00 0.03000 400.0 0.02259 0 -30.000 -0.1667 -30.001 -0.0002 0 NA
405.00 0.03000 405.0 0.02373 0 -30.000 -0.1667 -30.001 -0.0002 0 NA
410.00 0.03000 410.0 0.02488 0 -30.000 -0.1667 -30.001 -0.0002 0 NA
415.00 0.03000 415.0 0.02604 0 -30.000 -0.1667 -30.001 -0.0002 0 NA
420.00 0.03000 420.0 0.02721 0 -30.000 -0.1667 -30.001 -0.0002 0 NA
425.00 0.03000 425.0 0.02841 0 -30.000 -0.1667 -30.001 -0.0002 0 NA
430.00 0.03000 430.0 0.02962 0 -30.000 -0.1667 -30.001 -0.0002 0 NA
435.00 0.03000 435.0 0.03085 1 -30.000 -0.1667 -30.001 -0.0002 0 NA
0.00 0.03000 0.1 0.00000 0 -35.000 -0.1429 -35.000 -0.0002 0 NA
5.00 0.03000 5.0 0.00000 0 -35.000 -0.1429 -35.000 -0.0002 0 NA
10.00 0.03000 10.0 0.00000 0 -35.000 -0.1429 -35.000 -0.0002 0 NA
15.00 0.03000 15.0 0.00000 0 -35.000 -0.1429 -35.000 -0.0002 0 NA
20.00 0.03000 20.0 0.00000 0 -35.000 -0.1429 -35.000 -0.0002 0 NA
25.00 0.03000 25.0 0.00000 0 -35.000 -0.1429 -35.000 -0.0002 0 NA
30.00 0.03000 30.0 0.00000 0 -35.000 -0.1429 -35.000 -0.0002 0 NA
35.00 0.03000 35.0 0.00000 0 -35.000 -0.1429 -35.000 -0.0002 0 NA
40.00 0.03000 40.0 0.00000 0 -35.000 -0.1429 -35.000 -0.0002 0 NA
45.00 0.03000 45.0 0.00000 0 -35.000 -0.1429 -35.000 -0.0002 0 NA
50.00 0.03000 50.0 0.00000 0 -35.000 -0.1429 -35.000 -0.0002 0 NA
55.00 0.03000 55.0 0.00000 0 -35.000 -0.1429 -35.000 -0.0002 0 NA
60.00 0.03000 60.0 0.00000 0 -35.000 -0.1429 -34.999 -0.0002 0 NA
65.00 0.03000 65.0 0.00000 0 -35.000 -0.1429 -35.000 -0.0002 0 NA
70.00 0.03000 70.0 0.00000 0 -35.000 -0.1429 -35.000 -0.0002 0 NA
75.00 0.03000 75.0 0.00000 0 -35.000 -0.1429 -35.000 -0.0002 0 NA
80.00 0.03000 80.0 0.00000 0 -35.000 -0.1429 -35.000 -0.0002 0 NA
85.00 0.03000 85.0 0.00000 0 -35.000 -0.1429 -35.000 -0.0002 0 NA
90.00 0.03000 90.0 0.00000 0 -35.000 -0.1429 -35.000 -0.0002 0 NA
95.00 0.03000 95.0 0.00000 0 -35.000 -0.1429 -35.000 -0.0001 0 NA
100.00 0.03000 100.0 0.00000 0 -35.000 -0.1429 -35.000 -0.0002 0 NA
105.00 0.03000 105.0 0.00000 0 -35.000 -0.1429 -35.000 -0.0002 0 NA
110.00 0.03000 110.0 0.00000 0 -35.000 -0.1429 -35.000 -0.0002 0 NA
115.00 0.03000 115.0 0.00000 0 -35.000 -0.1429 -35.000 -0.0002 0 NA
120.00 0.03000 120.0 0.00000 0 -35.000 -0.1429 -35.000 -0.0002 0 NA
125.00 0.03000 125.0 0.00000 0 -35.000 -0.1429 -35.000 -0.0002 0 NA
130.00 0.03000 130.0 0.00000 0 -35.000 -0.1429 -35.000 -0.0002 0 NA
135.00 0.03000 135.0 0.00000 0 -35.000 -0.1429 -35.000 -0.0002 0 NA
140.00 0.03000 140.0 0.00000 0 -35.000 -0.1429 -35.000 -0.0002 0 NA
145.00 0.03000 145.0 0.00000 0 -35.000 -0.1429 -35.000 -0.0002 0 NA
150.00 0.03000 150.0 0.00000 0 -35.000 -0.1429 -35.000 -0.0002 0 NA
155.00 0.03000 155.0 0.00000 0 -35.000 -0.1429 -35.000 -0.0002 0 NA
160.00 0.03000 160.0 0.00000 0 -35.000 -0.1429 -35.000 -0.0002 0 NA
165.00 0.03000 165.0 0.00000 0 -35.000 -0.1429 -35.000 -0.0002 0 NA
170.00 0.03000 170.0 0.00000 0 -35.000 -0.1429 -35.000 -0.0002 0 NA
175.00 0.03000 175.0 0.00000 0 -35.000 -0.1429 -35.000 -0.0002 0 NA
180.00 0.03000 180.0 0.00000 0 -35.000 -0.1429 -35.000 -0.0002 0 NA
185.00 0.03000 185.0 0.00000 0 -35.000 -0.1429 -35.000 -0.0002 0 NA
190.00 0.03000 190.0 0.00000 0 -35.000 -0.1429 -34.999 -0.0002 0 NA
195.00 0.03000 195.0 0.00000 0 -35.000 -0.1429 -35.000 -0.0002 0 NA
200.00 0.03000 200.0 0.00000 0 -35.000 -0.1429 -35.000 -0.0002 0 NA
205.00 0.03000 205.0 0.00000 0 -35.000 -0.1429 -35.000 -0.0002 0 NA
210.00 0.03000 210.0 0.00000 0 -35.000 -0.1429 -35.000 -0.0002 0 NA
215.00 0.03000 215.0 0.00000 0 -35.000 -0.1429 -35.000 -0.0002 0 NA
220.00 0.03000 220.1 0.00000 0 -35.000 -0.1429 -35.000 -0.0002 0 NA
225.00 0.03000 225.1 0.00000 0 -35.000 -0.1429 -35.000 -0.0002 0 NA
230.00 0.03000 230.1 0.00000 0 -35.000 -0.1429 -35.000 -0.0002 0 NA
235.00 0.03000 235.1 0.00000 0 -35.000 -0.1429 -35.000 -0.0002 0 NA
240.00 0.03000 240.1 0.00000 0 -35.000 -0.1429 -35.000 -0.0002 0 NA
245.00 0.03000 245.1 0.00005 0 -35.000 -0.1429 -35.000 -0.0002 0 NA
250.00 0.03000 250.1 0.00007 0 -35.000 -0.1429 -35.000 -0.0002 0 NA
255.00 0.03000 255.1 0.00010 0 -35.000 -0.1429 -35.000 -0.0002 0 NA
260.00 0.03000 260.1 0.00014 0 -35.000 -0.1429 -35.000 -0.0002 0 NA
265.00 0.03000 265.1 0.00021 0 -35.000 -0.1429 -35.000 -0.0002 0 NA
270.00 0.03000 270.1 0.00030 0 -35.000 -0.1429 -35.000 -0.0002 0 NA
275.00 0.03000 275.1 0.00042 0 -35.000 -0.1429 -35.000 -0.0002 0 NA
280.00 0.03000 280.1 0.00057 0 -35.000 -0.1429 -35.000 -0.0002 0 NA
285.00 0.03000 285.1 0.00075 0 -35.000 -0.1429 -35.000 -0.0002 0 NA
290.00 0.03000 290.1 0.00095 0 -35.000 -0.1429 -35.000 -0.0002 0 NA
295.00 0.03000 295.1 0.00120 0 -35.000 -0.1429 -35.000 -0.0002 0 NA
300.00 0.03000 300.1 0.00148 0 -35.000 -0.1429 -35.000 -0.0002 0 NA
305.00 0.03000 305.1 0.00179 0 -35.000 -0.1429 -35.000 -0.0002 0 NA
310.00 0.03000 310.1 0.00214 0 -35.000 -0.1429 -35.000 -0.0002 0 NA
315.00 0.03000 315.1 0.00253 0 -35.000 -0.1429 -35.000 -0.0002 0 NA
320.00 0.03000 320.1 0.00296 0 -35.000 -0.1429 -35.000 -0.0002 0 NA
325.00 0.03000 325.1 0.00342 0 -35.000 -0.1429 -35.000 -0.0002 0 NA
330.00 0.03000 330.1 0.00393 0 -35.000 -0.1429 -35.000 -0.0002 0 NA
335.00 0.03000 335.1 0.00447 0 -35.000 -0.1429 -35.000 -0.0001 0 NA
340.00 0.03000 340.1 0.00505 0 -35.000 -0.1429 -35.000 -0.0002 0 NA
345.00 0.03000 345.1 0.00567 0 -35.000 -0.1429 -35.000 -0.0002 0 NA
350.00 0.03000 350.1 0.00633 0 -35.000 -0.1429 -35.000 -0.0002 0 NA
355.00 0.03000 355.0 0.00702 0 -35.000 -0.1429 -35.000 -0.0002 0 NA
360.00 0.03000 360.1 0.00774 0 -35.000 -0.1429 -35.000 -0.0002 0 NA
365.00 0.03000 365.0 0.00850 0 -35.000 -0.1429 -35.000 -0.0002 0 NA
370.00 0.03000 370.0 0.00929 0 -35.000 -0.1429 -35.000 -0.0002 0 NA
375.00 0.03000 375.0 0.01010 0 -35.000 -0.1429 -34.999 -0.0002 0 NA
380.00 0.03000 380.0 0.01094 0 -35.000 -0.1429 -35.000 -0.0002 0 NA
385.00 0.03000 385.0 0.01182 0 -35.000 -0.1429 -35.000 -0.0002 0 NA
390.00 0.03000 390.0 0.01272 0 -35.000 -0.1429 -35.000 -0.0002 0 NA
395.00 0.03000 395.0 0.01364 0 -35.000 -0.1429 -35.000 -0.0002 0 NA
400.00 0.03000 400.0 0.01460 0 -35.000 -0.1429 -35.000 -0.0002 0 NA
405.00 0.03000 405.0 0.01554 0 -35.000 -0.1429 -35.000 -0.0002 0 NA
410.00 0.03000 410.0 0.01657 0 -35.000 -0.1429 -35.000 -0.0002 0 NA
415.00 0.03000 415.0 0.01758 0 -35.000 -0.1429 -35.000 -0.0002 0 NA
420.00 0.03000 420.0 0.01861 0 -35.000 -0.1429 -35.000 -0.0002 0 NA
425.00 0.03000 425.0 0.01966 0 -35.000 -0.1429 -35.000 -0.0002 0 NA
430.00 0.03000 430.0 0.02074 0 -35.000 -0.1429 -35.000 -0.0002 0 NA
435.00 0.03000 435.0 0.02184 0 -35.000 -0.1429 -35.000 -0.0002 0 NA
440.00 0.03000 440.0 0.02295 0 -35.000 -0.1429 -35.000 -0.0002 0 NA
445.00 0.03000 445.0 0.02408 0 -35.000 -0.1429 -35.000 -0.0002 0 NA
450.00 0.03000 450.0 0.02522 0 -35.000 -0.1429 -35.000 -0.0002 0 NA
0.00 0.03000 0.1 0.00000 0 -40.000 -0.1250 -40.000 -0.0002 0 NA
5.00 0.03000 5.0 0.00000 0 -40.000 -0.1250 -39.999 -0.0002 0 NA
10.00 0.03000 10.0 0.00000 0 -40.000 -0.1250 -39.999 -0.0002 0 NA
15.00 0.03000 15.0 0.00000 0 -40.000 -0.1250 -39.999 -0.0002 0 NA
20.00 0.03000 20.0 0.00000 0 -40.000 -0.1250 -40.000 -0.0002 0 NA
25.00 0.03000 25.0 0.00000 0 -40.000 -0.1250 -40.000 -0.0002 0 NA
30.00 0.03000 30.0 0.00000 0 -40.000 -0.1250 -39.999 -0.0002 0 NA
35.00 0.03000 35.0 0.00000 0 -40.000 -0.1250 -40.000 -0.0001 0 NA
40.00 0.03000 40.0 0.00000 0 -40.000 -0.1250 -39.999 -0.0002 0 NA
45.00 0.03000 45.0 0.00000 0 -40.000 -0.1250 -40.000 -0.0002 0 NA
50.00 0.03000 50.0 0.00000 0 -40.000 -0.1250 -39.999 -0.0002 0 NA
55.00 0.03000 55.0 0.00000 0 -40.000 -0.1250 -40.000 -0.0002 0 NA
60.00 0.03000 60.0 0.00000 0 -40.000 -0.1250 -40.000 -0.0002 0 NA
65.00 0.03000 65.0 0.00000 0 -40.000 -0.1250 -40.000 -0.0002 0 NA
70.00 0.03000 70.0 0.00000 0 -40.000 -0.1250 -40.000 -0.0002 0 NA
75.00 0.03000 75.0 0.00000 0 -40.000 -0.1250 -40.000 -0.0002 0 NA
80.00 0.03000 80.0 0.00000 0 -40.000 -0.1250 -39.999 -0.0002 0 NA
85.00 0.03000 85.0 0.00000 0 -40.000 -0.1250 -39.999 -0.0002 0 NA
90.00 0.03000 90.0 0.00000 0 -40.000 -0.1250 -39.999 -0.0002 0 NA
95.00 0.03000 95.0 0.00000 0 -40.000 -0.1250 -39.999 -0.0002 0 NA
100.00 0.03000 100.0 0.00000 0 -40.000 -0.1250 -40.000 -0.0002 0 NA
105.00 0.03000 105.0 0.00000 0 -40.000 -0.1250 -39.999 -0.0002 0 NA
110.00 0.03000 110.0 0.00000 0 -40.000 -0.1250 -39.999 -0.0002 0 NA
115.00 0.03000 115.0 0.00000 0 -40.000 -0.1250 -39.999 -0.0002 0 NA
120.00 0.03000 120.0 0.00000 0 -40.000 -0.1250 -39.999 -0.0002 0 NA
125.00 0.03000 125.0 0.00000 0 -40.000 -0.1250 -40.000 -0.0002 0 NA
130.00 0.03000 130.0 0.00000 0 -40.000 -0.1250 -39.999 -0.0002 0 NA
135.00 0.03000 135.0 0.00000 0 -40.000 -0.1250 -39.999 -0.0001 0 NA
140.00 0.03000 140.0 0.00000 0 -40.000 -0.1250 -39.999 -0.0002 0 NA
145.00 0.03000 145.0 0.00000 0 -40.000 -0.1250 -39.999 -0.0002 0 NA
150.00 0.03000 150.0 0.00000 0 -40.000 -0.1250 -39.999 -0.0002 0 NA
155.00 0.03000 155.0 0.00000 0 -40.000 -0.1250 -39.999 -0.0002 0 NA
160.00 0.03000 160.0 0.00000 0 -40.000 -0.1250 -39.999 -0.0002 0 NA
165.00 0.03000 165.0 0.00000 0 -40.000 -0.1250 -40.000 -0.0002 0 NA
170.00 0.03000 170.0 0.00000 0 -40.000 -0.1250 -39.999 -0.0002 0 NA
175.00 0.03000 175.0 0.00000 0 -40.000 -0.1250 -39.999 -0.0002 0 NA
180.00 0.03000 180.0 0.00000 0 -40.000 -0.1250 -39.999 -0.0002 0 NA
185.00 0.03000 185.0 0.00000 0 -40.000 -0.1250 -39.999 -0.0002 0 NA
190.00 0.03000 190.0 0.00000 0 -40.000 -0.1250 -39.999 -0.0002 0 NA
195.00 0.03000 195.0 0.00000 0 -40.000 -0.1250 -40.000 -0.0002 0 NA
200.00 0.03000 200.0 0.00000 0 -40.000 -0.1250 -40.000 -0.0002 0 NA
205.00 0.03000 205.0 0.00000 0 -40.000 -0.1250 -39.999 -0.0002 0 NA
210.00 0.03000 210.0 0.00000 0 -40.000 -0.1250 -39.999 -0.0002 0 NA
215.00 0.03000 215.0 0.00000 0 -40.000 -0.1250 -39.999 -0.0002 0 NA
220.00 0.03000 220.1 0.00000 0 -40.000 -0.1250 -39.999 -0.0002 0 NA
225.00 0.03000 225.1 0.00000 0 -40.000 -0.1250 -39.999 -0.0002 0 NA
230.00 0.03000 230.1 0.00000 0 -40.000 -0.1250 -40.000 -0.0002 0 NA
235.00 0.03000 235.1 0.00000 0 -40.000 -0.1250 -39.999 -0.0002 0 NA
240.00 0.03000 240.1 0.00000 0 -40.000 -0.1250 -39.999 -0.0002 0 NA
245.00 0.03000 245.1 0.00000 0 -40.000 -0.1250 -39.999 -0.0002 0 NA
250.00 0.03000 250.1 0.00000 0 -40.000 -0.1250 -39.999 -0.0002 0 NA
255.00 0.03000 255.1 0.00000 0 -40.000 -0.1250 -39.999 -0.0001 0 NA
260.00 0.03000 260.1 0.00000 0 -40.000 -0.1250 -39.999 -0.0002 0 NA
265.00 0.03000 265.1 0.00000 0 -40.000 -0.1250 -39.999 -0.0002 0 NA
270.00 0.03000 270.1 0.00000 0 -40.000 -0.1250 -40.000 -0.0002 0 NA
275.00 0.03000 275.1 0.00000 0 -40.000 -0.1250 -40.000 -0.0002 0 NA
280.00 0.03000 280.1 0.00006 0 -40.000 -0.1250 -40.000 -0.0002 0 NA
285.00 0.03000 285.1 0.00007 0 -40.000 -0.1250 -40.000 -0.0002 0 NA
290.00 0.03000 290.1 0.00011 0 -40.000 -0.1250 -39.999 -0.0002 0 NA
295.00 0.03000 295.1 0.00016 0 -40.000 -0.1250 -40.000 -0.0002 0 NA
300.00 0.03000 300.1 0.00022 0 -40.000 -0.1250 -40.000 -0.0001 0 NA
305.00 0.03000 305.1 0.00031 0 -40.000 -0.1250 -39.999 -0.0002 0 NA
310.00 0.03000 310.1 0.00042 0 -40.000 -0.1250 -40.000 -0.0002 0 NA
315.00 0.03000 315.1 0.00056 0 -40.000 -0.1250 -39.999 -0.0002 0 NA
320.00 0.03000 320.1 0.00074 0 -40.000 -0.1250 -40.000 -0.0002 0 NA
325.00 0.03000 325.1 0.00093 0 -40.000 -0.1250 -39.999 -0.0002 0 NA
330.00 0.03000 330.1 0.00116 0 -40.000 -0.1250 -39.999 -0.0002 0 NA
335.00 0.03000 335.1 0.00142 0 -40.000 -0.1250 -39.999 -0.0001 0 NA
340.00 0.03000 340.1 0.00172 0 -40.000 -0.1250 -39.999 -0.0002 0 NA
345.00 0.03000 345.1 0.00205 0 -40.000 -0.1250 -39.999 -0.0002 0 NA
350.00 0.03000 350.1 0.00242 0 -40.000 -0.1250 -39.999 -0.0002 0 NA
355.00 0.03000 355.0 0.00283 0 -40.000 -0.1250 -40.000 -0.0002 0 NA
360.00 0.03000 360.1 0.00326 0 -40.000 -0.1250 -39.999 -0.0002 0 NA
365.00 0.03000 365.0 0.00374 0 -40.000 -0.1250 -39.999 -0.0002 0 NA
370.00 0.03000 370.0 0.00426 0 -40.000 -0.1250 -39.999 -0.0002 0 NA
375.00 0.03000 375.0 0.00482 0 -40.000 -0.1250 -39.999 -0.0002 0 NA
380.00 0.03000 380.0 0.00540 0 -40.000 -0.1250 -39.999 -0.0002 0 NA
385.00 0.03000 385.0 0.00603 0 -40.000 -0.1250 -39.999 -0.0002 0 NA
390.00 0.03000 390.0 0.00669 0 -40.000 -0.1250 -40.000 -0.0002 0 NA
395.00 0.03000 395.0 0.00738 0 -40.000 -0.1250 -39.999 -0.0002 0 NA
400.00 0.03000 400.0 0.00811 0 -40.000 -0.1250 -39.999 -0.0002 0 NA
405.00 0.03000 405.0 0.00887 0 -40.000 -0.1250 -40.000 -0.0002 0 NA
410.00 0.03000 410.0 0.00965 0 -40.000 -0.1250 -39.999 -0.0001 0 NA
415.00 0.03000 415.0 0.01047 0 -40.000 -0.1250 -40.000 -0.0002 0 NA
420.00 0.03000 420.0 0.01131 0 -40.000 -0.1250 -39.999 -0.0002 0 NA
425.00 0.03000 425.0 0.01219 0 -40.000 -0.1250 -39.999 -0.0002 0 NA
430.00 0.03000 430.0 0.01308 0 -40.000 -0.1250 -39.999 -0.0002 0 NA
435.00 0.03000 435.0 0.01400 0 -40.000 -0.1250 -39.999 -0.0002 0 NA
440.00 0.03000 440.0 0.01495 0 -40.000 -0.1250 -40.000 -0.0002 0 NA
445.00 0.03000 445.0 0.01592 0 -40.000 -0.1250 -39.999 -0.0001 0 NA
450.00 0.03000 450.0 0.01692 0 -40.000 -0.1250 -39.999 -0.0002 0 NA
0.00 0.03000 0.1 0.00000 0 -45.000 -0.1111 -45.001 -0.0002 0 NA
5.00 0.03000 5.0 0.00000 0 -45.000 -0.1111 -45.001 -0.0002 0 NA
10.00 0.03000 10.0 0.00000 0 -45.000 -0.1111 -45.001 -0.0002 0 NA
15.00 0.03000 15.0 0.00000 0 -45.000 -0.1111 -45.001 -0.0002 0 NA
20.00 0.03000 20.0 0.00000 0 -45.000 -0.1111 -45.001 -0.0002 0 NA
25.00 0.03000 25.0 0.00000 0 -45.000 -0.1111 -45.001 -0.0002 0 NA
30.00 0.03000 30.0 0.00000 0 -45.000 -0.1111 -45.002 -0.0002 0 NA
35.00 0.03000 35.0 0.00000 0 -45.000 -0.1111 -45.001 -0.0002 0 NA
40.00 0.03000 40.0 0.00000 0 -45.000 -0.1111 -45.001 -0.0002 0 NA
45.00 0.03000 45.0 0.00000 0 -45.000 -0.1111 -45.001 -0.0002 0 NA
50.00 0.03000 50.0 0.00000 0 -45.000 -0.1111 -45.001 -0.0002 0 NA
55.00 0.03000 55.0 0.00000 0 -45.000 -0.1111 -45.001 -0.0001 0 NA
60.00 0.03000 60.0 0.00000 0 -45.000 -0.1111 -45.001 -0.0002 0 NA
65.00 0.03000 65.0 0.00000 0 -45.000 -0.1111 -45.001 -0.0002 0 NA
70.00 0.03000 70.0 0.00000 0 -45.000 -0.1111 -45.001 -0.0002 0 NA
75.00 0.03000 75.0 0.00000 0 -45.000 -0.1111 -45.001 -0.0002 0 NA
80.00 0.03000 80.0 0.00000 0 -45.000 -0.1111 -45.001 -0.0002 0 NA
85.00 0.03000 85.0 0.00000 0 -45.000 -0.1111 -45.001 -0.0002 0 NA
90.00 0.03000 90.0 0.00000 0 -45.000 -0.1111 -45.001 -0.0002 0 NA
95.00 0.03000 95.0 0.00000 0 -45.000 -0.1111 -45.001 -0.0002 0 NA
100.00 0.03000 100.0 0.00000 0 -45.000 -0.1111 -45.001 -0.0002 0 NA
105.00 0.03000 105.0 0.00000 0 -45.000 -0.1111 -45.001 -0.0001 0 NA
110.00 0.03000 110.0 0.00000 0 -45.000 -0.1111 -45.002 -0.0002 0 NA
115.00 0.03000 115.0 0.00000 0 -45.000 -0.1111 -45.001 -0.0002 0 NA
120.00 0.03000 120.0 0.00000 0 -45.000 -0.1111 -45.001 -0.0002 0 NA
125.00 0.03000 125.0 0.00000 0 -45.000 -0.1111 -45.001 -0.0002 0 NA
130.00 0.03000 130.0 0.00000 0 -45.000 -0.1111 -45.001 -0.0002 0 NA
135.00 0.03000 135.0 0.00000 0 -45.000 -0.1111 -45.001 -0.0002 0 NA
140.00 0.03000 140.0 0.00000 0 -45.000 -0.1111 -45.001 -0.0002 0 NA
145.00 0.03000 145.0 0.00000 0 -45.000 -0.1111 -45.001 -0.0002 0 NA
150.00 0.03000 150.0 0.00000 0 -45.000 -0.1111 -45.001 -0.0002 0 NA
155.00 0.03000 155.0 0.00000 0 -45.000 -0.1111 -45.002 -0.0002 0 NA
160.00 0.03000 160.0 0.00000 0 -45.000 -0.1111 -45.001 -0.0002 0 NA
165.00 0.03000 165.0 0.00000 0 -45.000 -0.1111 -45.001 -0.0002 0 NA
170.00 0.03000 170.0 0.00000 0 -45.000 -0.1111 -45.001 -0.0002 0 NA
175.00 0.03000 175.0 0.00000 0 -45.000 -0.1111 -45.001 -0.0001 0 NA
180.00 0.03000 180.0 0.00000 0 -45.000 -0.1111 -45.001 -0.0002 0 NA
185.00 0.03000 185.0 0.00000 0 -45.000 -0.1111 -45.001 -0.0001 0 NA
190.00 0.03000 190.0 0.00000 0 -45.000 -0.1111 -45.001 -0.0002 0 NA
195.00 0.03000 195.0 0.00000 0 -45.000 -0.1111 -45.001 -0.0002 0 NA
200.00 0.03000 200.0 0.00000 0 -45.000 -0.1111 -45.001 -0.0002 0 NA
205.00 0.03000 205.0 0.00000 0 -45.000 -0.1111 -45.001 -0.0002 0 NA
210.00 0.03000 210.0 0.00000 0 -45.000 -0.1111 -45.001 -0.0002 0 NA
215.00 0.03000 215.0 0.00000 0 -45.000 -0.1111 -45.001 -0.0002 0 NA
220.00 0.03000 220.1 0.00000 0 -45.000 -0.1111 -45.001 -0.0002 0 NA
225.00 0.03000 225.1 0.00000 0 -45.000 -0.1111 -45.001 -0.0002 0 NA
230.00 0.03000 230.1 0.00000 0 -45.000 -0.1111 -45.001 -0.0002 0 NA
235.00 0.03000 235.1 0.00000 0 -45.000 -0.1111 -45.002 -0.0001 0 NA
240.00 0.03000 240.1 0.00000 0 -45.000 -0.1111 -45.001 -0.0002 0 NA
245.00 0.03000 245.1 0.00000 0 -45.000 -0.1111 -45.001 -0.0001 0 NA
250.00 0.03000 250.1 0.00000 0 -45.000 -0.1111 -45.001 -0.0002 0 NA
255.00 0.03000 255.1 0.00000 0 -45.000 -0.1111 -45.001 -0.0002 0 NA
260.00 0.03000 260.1 0.00000 0 -45.000 -0.1111 -45.001 -0.0002 0 NA
265.00 0.03000 265.1 0.00000 0 -45.000 -0.1111 -45.001 -0.0002 0 NA
270.00 0.03000 270.1 0.00000 0 -45.000 -0.1111 -45.001 -0.0002 0 NA
275.00 0.03000 275.1 0.00000 0 -45.000 -0.1111 -45.001 -0.0002 0 NA
280.00 0.03000 280.1 0.00000 0 -45.000 -0.1111 -45.001 -0.0002 0 NA
285.00 0.03000 285.1 0.00000 0 -45.000 -0.1111 -45.001 -0.0002 0 NA
290.00 0.03000 290.1 0.00000 0 -45.000 -0.1111 -45.001 -0.0002 0 NA
295.00 0.03000 295.1 0.00000 0 -45.000 -0.1111 -45.001 -0.0002 0 NA
300.00 0.03000 300.1 0.00000 0 -45.000 -0.1111 -45.001 -0.0001 0 NA
305.00 0.03000 305.1 0.00000 0 -45.000 -0.1111 -45.001 -0.0002 0 NA
310.00 0.03000 310.1 0.00005 0 -45.000 -0.1111 -45.002 -0.0002 0 NA
315.00 0.03000 315.1 0.00007 0 -45.000 -0.1111 -45.001 -0.0002 0 NA
320.00 0.03000 320.1 0.00009 0 -45.000 -0.1111 -45.001 -0.0002 0 NA
325.00 0.03000 325.1 0.00013 0 -45.000 -0.1111 -45.001 -0.0002 0 NA
330.00 0.03000 330.1 0.00017 0 -45.000 -0.1111 -45.001 -0.0002 0 NA
335.00 0.03000 335.1 0.00023 0 -45.000 -0.1111 -45.001 -0.0002 0 NA
340.00 0.03000 340.1 0.00033 0 -45.000 -0.1111 -45.001 -0.0001 0 NA
345.00 0.03000 345.1 0.00044 0 -45.000 -0.1111 -45.001 -0.0001 0 NA
350.00 0.03000 350.1 0.00057 0 -45.000 -0.1111 -45.001 -0.0002 0 NA
355.00 0.03000 355.0 0.00073 0 -45.000 -0.1111 -45.001 -0.0002 0 NA
360.00 0.03000 360.0 0.00092 0 -45.000 -0.1111 -45.001 -0.0002 0 NA
365.00 0.03000 365.0 0.00113 0 -45.000 -0.1111 -45.001 -0.0002 0 NA
370.00 0.03000 370.0 0.00139 0 -45.000 -0.1111 -45.001 -0.0001 0 NA
375.00 0.03000 375.0 0.00166 0 -45.000 -0.1111 -45.001 -0.0002 0 NA
380.00 0.03000 380.0 0.00198 0 -45.000 -0.1111 -45.002 -0.0002 0 NA
385.00 0.03000 385.0 0.00233 0 -45.000 -0.1111 -45.001 -0.0002 0 NA
390.00 0.03000 390.0 0.00271 0 -45.000 -0.1111 -45.001 -0.0002 0 NA
395.00 0.03000 395.0 0.00313 0 -45.000 -0.1111 -45.001 -0.0002 0 NA
400.00 0.03000 400.0 0.00359 0 -45.000 -0.1111 -45.002 -0.0002 0 NA
405.00 0.03000 404.9 0.00407 0 -45.000 -0.1111 -45.001 -0.0002 0 NA
410.00 0.03000 410.0 0.00461 0 -45.000 -0.1111 -45.001 -0.0002 0 NA
415.00 0.03000 415.0 0.00517 0 -45.000 -0.1111 -45.001 -0.0001 0 NA
420.00 0.03000 420.0 0.00576 0 -45.000 -0.1111 -45.002 -0.0002 0 NA
425.00 0.03000 425.0 0.00639 0 -45.000 -0.1111 -45.001 -0.0002 0 NA
430.00 0.03000 430.0 0.00706 0 -45.000 -0.1111 -45.001 -0.0002 0 NA
435.00 0.03000 435.0 0.00776 0 -45.000 -0.1111 -45.001 -0.0002 0 NA
440.00 0.03000 440.0 0.00850 0 -45.000 -0.1111 -45.002 -0.0002 0 NA
445.00 0.03000 445.0 0.00925 0 -45.000 -0.1111 -45.001 -0.0002 0 NA
450.00 0.03000 450.0 0.01004 0 -45.000 -0.1111 -45.001 -0.0002 0 NA
