% * Sample: VT62_6
% * Date / time: 2024-10-21 20:15:55.207138
% * R2CONTROL =  NOT SPECIFIED
% Column 1:  PSU1 nominal voltage setting (V)
% Column 2:  PSU1 nominal current setting (A)
% Column 3:  PSU1 voltage measurement (V)
% Column 4:  PSU1 current measurement (I)
% Column 5:  PSU1 limiter flag
% Column 6:  PSU2 nominal voltage setting (V)
% Column 7:  PSU2 nominal current setting (A)
% Column 8:  PSU2 voltage measurement (V)
% Column 9:  PSU2 current measurement (I)
% Column 10: PSU2 limiter flag
% Column 11: Heaterblock temperature (°C)
% * OPERATING POINT AT END OF PREHEAT / IDLE: U1 = 300.0 V  I1 = 0.02000 A  U2 = -15.874 V  I2 = -0.0002 A  T = NA °C
0.00 0.03000 0.1 0.00000 0 -0.000 -1.0000 -0.000 -0.0002 0 NA
5.00 0.03000 5.0 0.00007 0 -0.000 -1.0000 -0.000 -0.0002 0 NA
10.00 0.03000 10.0 0.00014 0 -0.000 -1.0000 -0.000 -0.0002 0 NA
15.00 0.03000 15.0 0.00022 0 -0.000 -1.0000 -0.000 -0.0002 0 NA
20.00 0.03000 20.0 0.00035 0 -0.000 -1.0000 -0.000 -0.0002 0 NA
25.00 0.03000 25.0 0.00052 0 -0.000 -1.0000 -0.000 -0.0002 0 NA
30.00 0.03000 30.0 0.00072 0 -0.000 -1.0000 -0.000 -0.0002 0 NA
35.00 0.03000 35.0 0.00097 0 -0.000 -1.0000 -0.000 -0.0002 0 NA
40.00 0.03000 40.0 0.00126 0 -0.000 -1.0000 -0.000 -0.0002 0 NA
45.00 0.03000 45.0 0.00158 0 -0.000 -1.0000 -0.000 -0.0002 0 NA
50.00 0.03000 50.0 0.00195 0 -0.000 -1.0000 -0.000 -0.0002 0 NA
55.00 0.03000 55.0 0.00236 0 -0.000 -1.0000 -0.000 -0.0002 0 NA
60.00 0.03000 60.0 0.00282 0 -0.000 -1.0000 -0.000 -0.0002 0 NA
65.00 0.03000 65.0 0.00331 0 -0.000 -1.0000 -0.000 -0.0002 0 NA
70.00 0.03000 70.0 0.00383 0 -0.000 -1.0000 -0.000 -0.0002 0 NA
75.00 0.03000 75.0 0.00440 0 -0.000 -1.0000 -0.000 -0.0002 0 NA
80.00 0.03000 80.0 0.00499 0 -0.000 -1.0000 -0.000 -0.0002 0 NA
85.00 0.03000 85.0 0.00560 0 -0.000 -1.0000 -0.000 -0.0002 0 NA
90.00 0.03000 90.0 0.00623 0 -0.000 -1.0000 -0.000 -0.0002 0 NA
95.00 0.03000 95.0 0.00687 0 -0.000 -1.0000 -0.000 -0.0002 0 NA
100.00 0.03000 100.0 0.00752 0 -0.000 -1.0000 -0.000 -0.0002 0 NA
105.00 0.03000 105.0 0.00821 0 -0.000 -1.0000 -0.000 -0.0002 0 NA
110.00 0.03000 110.0 0.00889 0 -0.000 -1.0000 -0.000 -0.0002 0 NA
115.00 0.03000 115.0 0.00962 0 -0.000 -1.0000 -0.000 -0.0002 0 NA
120.00 0.03000 120.0 0.01036 0 -0.000 -1.0000 -0.000 -0.0002 0 NA
125.00 0.03000 125.0 0.01113 0 -0.000 -1.0000 -0.000 -0.0002 0 NA
130.00 0.03000 130.0 0.01192 0 -0.000 -1.0000 -0.000 -0.0002 0 NA
135.00 0.03000 135.0 0.01271 0 -0.000 -1.0000 -0.000 -0.0002 0 NA
140.00 0.03000 140.0 0.01353 0 -0.000 -1.0000 -0.000 -0.0002 0 NA
145.00 0.03000 145.0 0.01436 0 -0.000 -1.0000 -0.000 -0.0002 0 NA
150.00 0.03000 150.0 0.01521 0 -0.000 -1.0000 -0.000 -0.0002 0 NA
155.00 0.03000 155.0 0.01608 0 -0.000 -1.0000 -0.000 -0.0002 0 NA
160.00 0.03000 160.0 0.01696 0 -0.000 -1.0000 -0.000 -0.0002 0 NA
165.00 0.03000 165.0 0.01787 0 -0.000 -1.0000 -0.000 -0.0002 0 NA
170.00 0.03000 170.0 0.01879 0 -0.000 -1.0000 -0.000 -0.0002 0 NA
175.00 0.03000 175.0 0.01973 0 -0.000 -1.0000 -0.000 -0.0002 0 NA
180.00 0.03000 180.0 0.02068 0 -0.000 -1.0000 -0.000 -0.0002 0 NA
185.00 0.03000 185.0 0.02165 0 -0.000 -1.0000 -0.000 -0.0002 0 NA
190.00 0.03000 190.0 0.02264 0 -0.000 -1.0000 -0.000 -0.0002 0 NA
195.00 0.03000 195.0 0.02364 0 -0.000 -1.0000 -0.000 -0.0002 0 NA
200.00 0.03000 200.0 0.02466 0 -0.000 -1.0000 -0.000 -0.0002 0 NA
205.00 0.03000 205.0 0.02569 0 -0.000 -1.0000 -0.000 -0.0002 0 NA
210.00 0.03000 210.0 0.02674 0 -0.000 -1.0000 -0.000 -0.0002 0 NA
215.00 0.03000 215.0 0.02780 0 -0.000 -1.0000 -0.000 -0.0002 0 NA
220.00 0.03000 220.0 0.02887 0 -0.000 -1.0000 -0.000 -0.0002 0 NA
225.00 0.03000 225.0 0.02995 0 -0.000 -1.0000 -0.000 -0.0002 0 NA
230.00 0.03000 230.1 0.03104 1 -0.000 -1.0000 -0.000 -0.0002 0 NA
0.00 0.03000 0.1 0.00000 0 -5.000 -1.0000 -5.000 -0.0002 0 NA
5.00 0.03000 5.0 0.00000 0 -5.000 -1.0000 -5.000 -0.0002 0 NA
10.00 0.03000 10.0 0.00000 0 -5.000 -1.0000 -5.000 -0.0002 0 NA
15.00 0.03000 15.0 0.00000 0 -5.000 -1.0000 -5.000 -0.0002 0 NA
20.00 0.03000 20.0 0.00000 0 -5.000 -1.0000 -5.000 -0.0002 0 NA
25.00 0.03000 25.0 0.00000 0 -5.000 -1.0000 -5.000 -0.0002 0 NA
30.00 0.03000 30.0 0.00000 0 -5.000 -1.0000 -5.000 -0.0002 0 NA
35.00 0.03000 35.0 0.00000 0 -5.000 -1.0000 -5.000 -0.0002 0 NA
40.00 0.03000 40.0 0.00005 0 -5.000 -1.0000 -5.000 -0.0002 0 NA
45.00 0.03000 45.0 0.00009 0 -5.000 -1.0000 -5.000 -0.0002 0 NA
50.00 0.03000 50.0 0.00016 0 -5.000 -1.0000 -5.000 -0.0002 0 NA
55.00 0.03000 55.0 0.00027 0 -5.000 -1.0000 -5.000 -0.0002 0 NA
60.00 0.03000 60.0 0.00041 0 -5.000 -1.0000 -5.000 -0.0002 0 NA
65.00 0.03000 65.0 0.00058 0 -5.000 -1.0000 -5.000 -0.0002 0 NA
70.00 0.03000 70.0 0.00080 0 -5.000 -1.0000 -5.000 -0.0002 0 NA
75.00 0.03000 75.0 0.00106 0 -5.000 -1.0000 -5.000 -0.0002 0 NA
80.00 0.03000 80.0 0.00136 0 -5.000 -1.0000 -5.000 -0.0002 0 NA
85.00 0.03000 85.0 0.00170 0 -5.000 -1.0000 -5.000 -0.0002 0 NA
90.00 0.03000 90.0 0.00208 0 -5.000 -1.0000 -5.000 -0.0002 0 NA
95.00 0.03000 95.0 0.00250 0 -5.000 -1.0000 -5.000 -0.0002 0 NA
100.00 0.03000 100.0 0.00296 0 -5.000 -1.0000 -5.000 -0.0002 0 NA
105.00 0.03000 105.0 0.00346 0 -5.000 -1.0000 -5.000 -0.0002 0 NA
110.00 0.03000 110.0 0.00399 0 -5.000 -1.0000 -5.000 -0.0002 0 NA
115.00 0.03000 115.0 0.00456 0 -5.000 -1.0000 -5.000 -0.0002 0 NA
120.00 0.03000 120.0 0.00516 0 -5.000 -1.0000 -5.000 -0.0002 0 NA
125.00 0.03000 125.0 0.00577 0 -5.000 -1.0000 -5.000 -0.0002 0 NA
130.00 0.03000 130.0 0.00641 0 -5.000 -1.0000 -5.000 -0.0002 0 NA
135.00 0.03000 135.0 0.00705 0 -5.000 -1.0000 -5.000 -0.0002 0 NA
140.00 0.03000 140.0 0.00771 0 -5.000 -1.0000 -5.000 -0.0002 0 NA
145.00 0.03000 145.0 0.00837 0 -5.000 -1.0000 -5.000 -0.0002 0 NA
150.00 0.03000 150.0 0.00906 0 -5.000 -1.0000 -5.000 -0.0002 0 NA
155.00 0.03000 155.0 0.00977 0 -5.000 -1.0000 -5.000 -0.0002 0 NA
160.00 0.03000 160.0 0.01050 0 -5.000 -1.0000 -5.000 -0.0002 0 NA
165.00 0.03000 165.0 0.01126 0 -5.000 -1.0000 -5.000 -0.0002 0 NA
170.00 0.03000 170.0 0.01205 0 -5.000 -1.0000 -5.000 -0.0002 0 NA
175.00 0.03000 175.0 0.01284 0 -5.000 -1.0000 -5.000 -0.0002 0 NA
180.00 0.03000 180.0 0.01366 0 -5.000 -1.0000 -5.000 -0.0002 0 NA
185.00 0.03000 185.0 0.01448 0 -5.000 -1.0000 -5.000 -0.0002 0 NA
190.00 0.03000 190.0 0.01534 0 -5.000 -1.0000 -5.000 -0.0002 0 NA
195.00 0.03000 195.0 0.01621 0 -5.000 -1.0000 -5.000 -0.0002 0 NA
200.00 0.03000 200.0 0.01710 0 -5.000 -1.0000 -5.000 -0.0002 0 NA
205.00 0.03000 205.0 0.01800 0 -5.000 -1.0000 -5.000 -0.0002 0 NA
210.00 0.03000 210.0 0.01892 0 -5.000 -1.0000 -5.000 -0.0002 0 NA
215.00 0.03000 215.0 0.01987 0 -5.000 -1.0000 -5.000 -0.0002 0 NA
220.00 0.03000 220.0 0.02083 0 -5.000 -1.0000 -5.000 -0.0002 0 NA
225.00 0.03000 225.0 0.02180 0 -5.000 -1.0000 -5.000 -0.0002 0 NA
230.00 0.03000 230.1 0.02279 0 -5.000 -1.0000 -5.000 -0.0002 0 NA
235.00 0.03000 235.0 0.02381 0 -5.000 -1.0000 -5.000 -0.0002 0 NA
240.00 0.03000 240.1 0.02483 0 -5.000 -1.0000 -5.000 -0.0002 0 NA
245.00 0.03000 245.0 0.02586 0 -5.000 -1.0000 -5.000 -0.0002 0 NA
250.00 0.03000 250.1 0.02691 0 -5.000 -1.0000 -5.000 -0.0002 0 NA
255.00 0.03000 255.0 0.02797 0 -5.000 -1.0000 -5.000 -0.0002 0 NA
260.00 0.03000 260.1 0.02905 0 -5.000 -1.0000 -5.000 -0.0002 0 NA
265.00 0.03000 265.0 0.03014 1 -5.000 -1.0000 -5.000 -0.0002 0 NA
0.00 0.03000 0.1 0.00000 0 -10.000 -0.5000 -10.000 -0.0002 0 NA
5.00 0.03000 5.0 0.00000 0 -10.000 -0.5000 -10.000 -0.0002 0 NA
10.00 0.03000 10.0 0.00000 0 -10.000 -0.5000 -10.000 -0.0002 0 NA
15.00 0.03000 15.0 0.00000 0 -10.000 -0.5000 -9.999 -0.0002 0 NA
20.00 0.03000 20.0 0.00000 0 -10.000 -0.5000 -10.000 -0.0002 0 NA
25.00 0.03000 25.0 0.00000 0 -10.000 -0.5000 -10.000 -0.0002 0 NA
30.00 0.03000 30.0 0.00000 0 -10.000 -0.5000 -10.000 -0.0002 0 NA
35.00 0.03000 35.0 0.00000 0 -10.000 -0.5000 -10.000 -0.0002 0 NA
40.00 0.03000 40.0 0.00000 0 -10.000 -0.5000 -10.000 -0.0002 0 NA
45.00 0.03000 45.0 0.00000 0 -10.000 -0.5000 -10.000 -0.0002 0 NA
50.00 0.03000 50.0 0.00000 0 -10.000 -0.5000 -10.000 -0.0002 0 NA
55.00 0.03000 55.0 0.00000 0 -10.000 -0.5000 -10.000 -0.0002 0 NA
60.00 0.03000 60.0 0.00000 0 -10.000 -0.5000 -10.000 -0.0002 0 NA
65.00 0.03000 65.0 0.00000 0 -10.000 -0.5000 -10.000 -0.0002 0 NA
70.00 0.03000 70.0 0.00000 0 -10.000 -0.5000 -9.999 -0.0002 0 NA
75.00 0.03000 75.0 0.00005 0 -10.000 -0.5000 -10.000 -0.0002 0 NA
80.00 0.03000 80.0 0.00007 0 -10.000 -0.5000 -10.000 -0.0002 0 NA
85.00 0.03000 85.0 0.00013 0 -10.000 -0.5000 -10.000 -0.0002 0 NA
90.00 0.03000 90.0 0.00021 0 -10.000 -0.5000 -10.000 -0.0002 0 NA
95.00 0.03000 95.0 0.00033 0 -10.000 -0.5000 -10.000 -0.0002 0 NA
100.00 0.03000 100.0 0.00048 0 -10.000 -0.5000 -10.000 -0.0002 0 NA
105.00 0.03000 105.0 0.00067 0 -10.000 -0.5000 -10.000 -0.0002 0 NA
110.00 0.03000 110.0 0.00090 0 -10.000 -0.5000 -10.000 -0.0002 0 NA
115.00 0.03000 115.0 0.00117 0 -10.000 -0.5000 -10.000 -0.0002 0 NA
120.00 0.03000 120.0 0.00149 0 -10.000 -0.5000 -10.000 -0.0002 0 NA
125.00 0.03000 125.0 0.00184 0 -10.000 -0.5000 -10.000 -0.0002 0 NA
130.00 0.03000 130.0 0.00222 0 -10.000 -0.5000 -10.000 -0.0002 0 NA
135.00 0.03000 135.0 0.00265 0 -10.000 -0.5000 -10.000 -0.0002 0 NA
140.00 0.03000 140.0 0.00312 0 -10.000 -0.5000 -10.000 -0.0002 0 NA
145.00 0.03000 145.0 0.00362 0 -10.000 -0.5000 -10.000 -0.0002 0 NA
150.00 0.03000 150.0 0.00415 0 -10.000 -0.5000 -10.000 -0.0002 0 NA
155.00 0.03000 155.0 0.00472 0 -10.000 -0.5000 -9.999 -0.0002 0 NA
160.00 0.03000 160.0 0.00532 0 -10.000 -0.5000 -10.000 -0.0002 0 NA
165.00 0.03000 165.0 0.00593 0 -10.000 -0.5000 -9.999 -0.0002 0 NA
170.00 0.03000 170.0 0.00657 0 -10.000 -0.5000 -10.000 -0.0002 0 NA
175.00 0.03000 175.0 0.00721 0 -10.000 -0.5000 -10.000 -0.0002 0 NA
180.00 0.03000 180.0 0.00786 0 -10.000 -0.5000 -10.000 -0.0002 0 NA
185.00 0.03000 185.0 0.00851 0 -10.000 -0.5000 -10.000 -0.0002 0 NA
190.00 0.03000 190.0 0.00919 0 -10.000 -0.5000 -10.000 -0.0002 0 NA
195.00 0.03000 195.0 0.00990 0 -10.000 -0.5000 -10.000 -0.0002 0 NA
200.00 0.03000 200.0 0.01063 0 -10.000 -0.5000 -10.000 -0.0002 0 NA
205.00 0.03000 205.0 0.01139 0 -10.000 -0.5000 -10.000 -0.0002 0 NA
210.00 0.03000 210.0 0.01217 0 -10.000 -0.5000 -9.999 -0.0002 0 NA
215.00 0.03000 215.0 0.01297 0 -10.000 -0.5000 -10.000 -0.0002 0 NA
220.00 0.03000 220.0 0.01378 0 -10.000 -0.5000 -10.000 -0.0002 0 NA
225.00 0.03000 225.0 0.01462 0 -10.000 -0.5000 -10.000 -0.0002 0 NA
230.00 0.03000 230.1 0.01547 0 -10.000 -0.5000 -10.000 -0.0002 0 NA
235.00 0.03000 235.0 0.01635 0 -10.000 -0.5000 -10.000 -0.0002 0 NA
240.00 0.03000 240.1 0.01724 0 -10.000 -0.5000 -10.000 -0.0002 0 NA
245.00 0.03000 245.0 0.01815 0 -10.000 -0.5000 -10.000 -0.0002 0 NA
250.00 0.03000 250.1 0.01909 0 -10.000 -0.5000 -9.999 -0.0002 0 NA
255.00 0.03000 255.0 0.02002 0 -10.000 -0.5000 -10.000 -0.0002 0 NA
260.00 0.03000 260.1 0.02100 0 -10.000 -0.5000 -10.000 -0.0002 0 NA
265.00 0.03000 265.0 0.02198 0 -10.000 -0.5000 -10.000 -0.0002 0 NA
270.00 0.03000 270.0 0.02298 0 -10.000 -0.5000 -9.999 -0.0002 0 NA
275.00 0.03000 275.0 0.02399 0 -10.000 -0.5000 -10.000 -0.0002 0 NA
280.00 0.03000 280.1 0.02505 0 -10.000 -0.5000 -10.000 -0.0002 0 NA
285.00 0.03000 285.0 0.02609 0 -10.000 -0.5000 -10.000 -0.0002 0 NA
290.00 0.03000 290.0 0.02712 0 -10.000 -0.5000 -10.000 -0.0002 0 NA
295.00 0.03000 295.0 0.02818 0 -10.000 -0.5000 -10.000 -0.0002 0 NA
300.00 0.03000 300.0 0.02925 0 -10.000 -0.5000 -10.000 -0.0002 0 NA
305.00 0.03000 305.0 0.03035 1 -10.000 -0.5000 -9.999 -0.0002 0 NA
0.00 0.03000 0.1 0.00000 0 -15.000 -0.3333 -15.000 -0.0002 0 NA
5.00 0.03000 5.0 0.00000 0 -15.000 -0.3333 -14.999 -0.0002 0 NA
10.00 0.03000 10.0 0.00000 0 -15.000 -0.3333 -15.000 -0.0002 0 NA
15.00 0.03000 15.0 0.00000 0 -15.000 -0.3333 -15.000 -0.0002 0 NA
20.00 0.03000 20.0 0.00000 0 -15.000 -0.3333 -15.000 -0.0002 0 NA
25.00 0.03000 25.0 0.00000 0 -15.000 -0.3333 -15.000 -0.0002 0 NA
30.00 0.03000 30.0 0.00000 0 -15.000 -0.3333 -14.999 -0.0002 0 NA
35.00 0.03000 35.0 0.00000 0 -15.000 -0.3333 -14.999 -0.0002 0 NA
40.00 0.03000 40.0 0.00000 0 -15.000 -0.3333 -14.999 -0.0002 0 NA
45.00 0.03000 45.0 0.00000 0 -15.000 -0.3333 -14.999 -0.0002 0 NA
50.00 0.03000 50.0 0.00000 0 -15.000 -0.3333 -14.999 -0.0002 0 NA
55.00 0.03000 55.0 0.00000 0 -15.000 -0.3333 -14.999 -0.0002 0 NA
60.00 0.03000 60.0 0.00000 0 -15.000 -0.3333 -14.999 -0.0002 0 NA
65.00 0.03000 65.0 0.00000 0 -15.000 -0.3333 -14.999 -0.0002 0 NA
70.00 0.03000 70.0 0.00000 0 -15.000 -0.3333 -14.999 -0.0002 0 NA
75.00 0.03000 75.0 0.00000 0 -15.000 -0.3333 -14.999 -0.0002 0 NA
80.00 0.03000 80.0 0.00000 0 -15.000 -0.3333 -14.999 -0.0002 0 NA
85.00 0.03000 85.0 0.00000 0 -15.000 -0.3333 -15.000 -0.0002 0 NA
90.00 0.03000 90.0 0.00000 0 -15.000 -0.3333 -14.999 -0.0002 0 NA
95.00 0.03000 95.0 0.00000 0 -15.000 -0.3333 -15.000 -0.0002 0 NA
100.00 0.03000 100.0 0.00000 0 -15.000 -0.3333 -15.000 -0.0002 0 NA
105.00 0.03000 105.0 0.00000 0 -15.000 -0.3333 -15.000 -0.0002 0 NA
110.00 0.03000 110.0 0.00000 0 -15.000 -0.3333 -15.000 -0.0002 0 NA
115.00 0.03000 115.0 0.00007 0 -15.000 -0.3333 -15.000 -0.0002 0 NA
120.00 0.03000 120.0 0.00011 0 -15.000 -0.3333 -15.000 -0.0002 0 NA
125.00 0.03000 125.0 0.00018 0 -15.000 -0.3333 -14.999 -0.0002 0 NA
130.00 0.03000 130.0 0.00027 0 -15.000 -0.3333 -14.999 -0.0002 0 NA
135.00 0.03000 135.0 0.00040 0 -15.000 -0.3333 -15.000 -0.0002 0 NA
140.00 0.03000 140.0 0.00056 0 -15.000 -0.3333 -14.999 -0.0002 0 NA
145.00 0.03000 145.0 0.00077 0 -15.000 -0.3333 -15.000 -0.0002 0 NA
150.00 0.03000 150.0 0.00101 0 -15.000 -0.3333 -14.999 -0.0002 0 NA
155.00 0.03000 155.0 0.00129 0 -15.000 -0.3333 -15.000 -0.0002 0 NA
160.00 0.03000 160.0 0.00161 0 -15.000 -0.3333 -14.999 -0.0002 0 NA
165.00 0.03000 165.0 0.00198 0 -15.000 -0.3333 -14.999 -0.0002 0 NA
170.00 0.03000 170.0 0.00237 0 -15.000 -0.3333 -14.999 -0.0002 0 NA
175.00 0.03000 175.0 0.00280 0 -15.000 -0.3333 -14.999 -0.0002 0 NA
180.00 0.03000 180.0 0.00326 0 -15.000 -0.3333 -15.000 -0.0002 0 NA
185.00 0.03000 185.0 0.00376 0 -15.000 -0.3333 -15.000 -0.0002 0 NA
190.00 0.03000 190.0 0.00431 0 -15.000 -0.3333 -14.999 -0.0002 0 NA
195.00 0.03000 195.0 0.00487 0 -15.000 -0.3333 -14.999 -0.0002 0 NA
200.00 0.03000 200.0 0.00546 0 -15.000 -0.3333 -14.999 -0.0002 0 NA
205.00 0.03000 205.0 0.00608 0 -15.000 -0.3333 -15.000 -0.0002 0 NA
210.00 0.03000 210.0 0.00671 0 -15.000 -0.3333 -14.999 -0.0002 0 NA
215.00 0.03000 215.0 0.00735 0 -15.000 -0.3333 -14.999 -0.0002 0 NA
220.00 0.03000 220.0 0.00799 0 -15.000 -0.3333 -15.000 -0.0002 0 NA
225.00 0.03000 225.0 0.00865 0 -15.000 -0.3333 -15.000 -0.0002 0 NA
230.00 0.03000 230.0 0.00932 0 -15.000 -0.3333 -15.000 -0.0002 0 NA
235.00 0.03000 235.0 0.01002 0 -15.000 -0.3333 -15.000 -0.0002 0 NA
240.00 0.03000 240.1 0.01075 0 -15.000 -0.3333 -15.000 -0.0002 0 NA
245.00 0.03000 245.0 0.01150 0 -15.000 -0.3333 -14.999 -0.0002 0 NA
250.00 0.03000 250.1 0.01229 0 -15.000 -0.3333 -15.000 -0.0002 0 NA
255.00 0.03000 255.0 0.01309 0 -15.000 -0.3333 -14.999 -0.0002 0 NA
260.00 0.03000 260.1 0.01391 0 -15.000 -0.3333 -14.999 -0.0002 0 NA
265.00 0.03000 265.0 0.01476 0 -15.000 -0.3333 -15.000 -0.0002 0 NA
270.00 0.03000 270.0 0.01561 0 -15.000 -0.3333 -14.999 -0.0002 0 NA
275.00 0.03000 275.0 0.01649 0 -15.000 -0.3333 -14.999 -0.0002 0 NA
280.00 0.03000 280.1 0.01740 0 -15.000 -0.3333 -15.000 -0.0002 0 NA
285.00 0.03000 285.0 0.01831 0 -15.000 -0.3333 -15.000 -0.0002 0 NA
290.00 0.03000 290.0 0.01925 0 -15.000 -0.3333 -15.000 -0.0002 0 NA
295.00 0.03000 295.0 0.02020 0 -15.000 -0.3333 -14.999 -0.0002 0 NA
300.00 0.03000 300.0 0.02117 0 -15.000 -0.3333 -14.999 -0.0002 0 NA
305.00 0.03000 305.0 0.02216 0 -15.000 -0.3333 -15.000 -0.0002 0 NA
310.00 0.03000 310.0 0.02317 0 -15.000 -0.3333 -15.000 -0.0002 0 NA
315.00 0.03000 315.0 0.02418 0 -15.000 -0.3333 -15.000 -0.0002 0 NA
320.00 0.03000 320.0 0.02520 0 -15.000 -0.3333 -15.000 -0.0002 0 NA
325.00 0.03000 325.0 0.02625 0 -15.000 -0.3333 -14.999 -0.0002 0 NA
330.00 0.03000 330.0 0.02730 0 -15.000 -0.3333 -14.999 -0.0002 0 NA
335.00 0.03000 335.0 0.02837 0 -15.000 -0.3333 -14.999 -0.0002 0 NA
340.00 0.03000 340.0 0.02944 0 -15.000 -0.3333 -15.000 -0.0002 0 NA
345.00 0.03000 345.0 0.03053 1 -15.000 -0.3333 -15.000 -0.0002 0 NA
0.00 0.03000 0.1 0.00000 0 -20.000 -0.2500 -20.000 -0.0002 0 NA
5.00 0.03000 5.0 0.00000 0 -20.000 -0.2500 -20.000 -0.0002 0 NA
10.00 0.03000 10.0 0.00000 0 -20.000 -0.2500 -20.000 -0.0002 0 NA
15.00 0.03000 15.0 0.00000 0 -20.000 -0.2500 -20.000 -0.0002 0 NA
20.00 0.03000 20.0 0.00000 0 -20.000 -0.2500 -20.000 -0.0002 0 NA
25.00 0.03000 25.0 0.00000 0 -20.000 -0.2500 -20.000 -0.0002 0 NA
30.00 0.03000 30.0 0.00000 0 -20.000 -0.2500 -20.000 -0.0002 0 NA
35.00 0.03000 35.0 0.00000 0 -20.000 -0.2500 -20.000 -0.0002 0 NA
40.00 0.03000 40.0 0.00000 0 -20.000 -0.2500 -20.000 -0.0002 0 NA
45.00 0.03000 45.0 0.00000 0 -20.000 -0.2500 -20.000 -0.0002 0 NA
50.00 0.03000 50.0 0.00000 0 -20.000 -0.2500 -20.000 -0.0002 0 NA
55.00 0.03000 55.0 0.00000 0 -20.000 -0.2500 -20.000 -0.0002 0 NA
60.00 0.03000 60.0 0.00000 0 -20.000 -0.2500 -20.000 -0.0002 0 NA
65.00 0.03000 65.0 0.00000 0 -20.000 -0.2500 -20.000 -0.0002 0 NA
70.00 0.03000 70.0 0.00000 0 -20.000 -0.2500 -20.000 -0.0002 0 NA
75.00 0.03000 75.0 0.00000 0 -20.000 -0.2500 -20.000 -0.0002 0 NA
80.00 0.03000 80.0 0.00000 0 -20.000 -0.2500 -20.000 -0.0002 0 NA
85.00 0.03000 85.0 0.00000 0 -20.000 -0.2500 -20.000 -0.0002 0 NA
90.00 0.03000 90.0 0.00000 0 -20.000 -0.2500 -20.000 -0.0002 0 NA
95.00 0.03000 95.0 0.00000 0 -20.000 -0.2500 -20.000 -0.0002 0 NA
100.00 0.03000 100.0 0.00000 0 -20.000 -0.2500 -20.000 -0.0002 0 NA
105.00 0.03000 105.0 0.00000 0 -20.000 -0.2500 -20.000 -0.0002 0 NA
110.00 0.03000 110.0 0.00000 0 -20.000 -0.2500 -20.000 -0.0002 0 NA
115.00 0.03000 115.0 0.00000 0 -20.000 -0.2500 -20.000 -0.0002 0 NA
120.00 0.03000 120.0 0.00000 0 -20.000 -0.2500 -20.000 -0.0002 0 NA
125.00 0.03000 125.0 0.00000 0 -20.000 -0.2500 -20.000 -0.0002 0 NA
130.00 0.03000 130.0 0.00000 0 -20.000 -0.2500 -20.000 -0.0002 0 NA
135.00 0.03000 135.0 0.00000 0 -20.000 -0.2500 -20.000 -0.0002 0 NA
140.00 0.03000 140.0 0.00000 0 -20.000 -0.2500 -20.000 -0.0002 0 NA
145.00 0.03000 145.0 0.00000 0 -20.000 -0.2500 -20.000 -0.0002 0 NA
150.00 0.03000 150.0 0.00006 0 -20.000 -0.2500 -20.000 -0.0002 0 NA
155.00 0.03000 155.0 0.00009 0 -20.000 -0.2500 -20.000 -0.0002 0 NA
160.00 0.03000 160.0 0.00015 0 -20.000 -0.2500 -20.000 -0.0002 0 NA
165.00 0.03000 165.0 0.00023 0 -20.000 -0.2500 -20.000 -0.0002 0 NA
170.00 0.03000 170.0 0.00035 0 -20.000 -0.2500 -20.000 -0.0002 0 NA
175.00 0.03000 175.0 0.00049 0 -20.000 -0.2500 -20.000 -0.0002 0 NA
180.00 0.03000 180.0 0.00067 0 -20.000 -0.2500 -20.000 -0.0002 0 NA
185.00 0.03000 185.0 0.00088 0 -20.000 -0.2500 -20.000 -0.0002 0 NA
190.00 0.03000 190.0 0.00113 0 -20.000 -0.2500 -20.000 -0.0002 0 NA
195.00 0.03000 195.0 0.00142 0 -20.000 -0.2500 -20.000 -0.0002 0 NA
200.00 0.03000 200.0 0.00176 0 -20.000 -0.2500 -20.000 -0.0002 0 NA
205.00 0.03000 205.0 0.00213 0 -20.000 -0.2500 -20.000 -0.0002 0 NA
210.00 0.03000 210.0 0.00254 0 -20.000 -0.2500 -20.000 -0.0002 0 NA
215.00 0.03000 215.0 0.00297 0 -20.000 -0.2500 -20.000 -0.0002 0 NA
220.00 0.03000 220.0 0.00344 0 -20.000 -0.2500 -20.000 -0.0002 0 NA
225.00 0.03000 225.0 0.00394 0 -20.000 -0.2500 -20.000 -0.0002 0 NA
230.00 0.03000 230.0 0.00447 0 -20.000 -0.2500 -20.000 -0.0002 0 NA
235.00 0.03000 235.0 0.00504 0 -20.000 -0.2500 -20.000 -0.0002 0 NA
240.00 0.03000 240.1 0.00562 0 -20.000 -0.2500 -20.000 -0.0002 0 NA
245.00 0.03000 245.0 0.00624 0 -20.000 -0.2500 -20.000 -0.0002 0 NA
250.00 0.03000 250.1 0.00686 0 -20.000 -0.2500 -20.000 -0.0002 0 NA
255.00 0.03000 255.0 0.00749 0 -20.000 -0.2500 -20.000 -0.0002 0 NA
260.00 0.03000 260.1 0.00813 0 -20.000 -0.2500 -20.000 -0.0002 0 NA
265.00 0.03000 265.0 0.00877 0 -20.000 -0.2500 -20.000 -0.0002 0 NA
270.00 0.03000 270.0 0.00945 0 -20.000 -0.2500 -20.000 -0.0002 0 NA
275.00 0.03000 275.0 0.01016 0 -20.000 -0.2500 -20.000 -0.0002 0 NA
280.00 0.03000 280.1 0.01090 0 -20.000 -0.2500 -20.000 -0.0002 0 NA
285.00 0.03000 285.0 0.01166 0 -20.000 -0.2500 -20.000 -0.0002 0 NA
290.00 0.03000 290.0 0.01244 0 -20.000 -0.2500 -20.000 -0.0002 0 NA
295.00 0.03000 295.0 0.01325 0 -20.000 -0.2500 -20.000 -0.0002 0 NA
300.00 0.03000 300.0 0.01407 0 -20.000 -0.2500 -20.000 -0.0002 0 NA
305.00 0.03000 305.0 0.01491 0 -20.000 -0.2500 -20.000 -0.0002 0 NA
310.00 0.03000 310.0 0.01578 0 -20.000 -0.2500 -20.000 -0.0002 0 NA
315.00 0.03000 315.0 0.01667 0 -20.000 -0.2500 -20.000 -0.0002 0 NA
320.00 0.03000 320.0 0.01757 0 -20.000 -0.2500 -20.000 -0.0002 0 NA
325.00 0.03000 325.0 0.01849 0 -20.000 -0.2500 -20.000 -0.0002 0 NA
330.00 0.03000 330.0 0.01943 0 -20.000 -0.2500 -20.000 -0.0002 0 NA
335.00 0.03000 335.0 0.02039 0 -20.000 -0.2500 -20.000 -0.0002 0 NA
340.00 0.03000 340.0 0.02136 0 -20.000 -0.2500 -20.000 -0.0002 0 NA
345.00 0.03000 345.0 0.02236 0 -20.000 -0.2500 -20.000 -0.0002 0 NA
350.00 0.03000 350.0 0.02336 0 -20.000 -0.2500 -20.000 -0.0002 0 NA
355.00 0.03000 355.0 0.02438 0 -20.000 -0.2500 -20.000 -0.0002 0 NA
360.00 0.03000 360.0 0.02541 0 -20.000 -0.2500 -20.000 -0.0002 0 NA
365.00 0.03000 365.0 0.02645 0 -20.000 -0.2500 -20.000 -0.0002 0 NA
370.00 0.03000 370.0 0.02751 0 -20.000 -0.2500 -20.000 -0.0002 0 NA
375.00 0.03000 375.0 0.02857 0 -20.000 -0.2500 -20.000 -0.0002 0 NA
380.00 0.03000 380.0 0.02965 0 -20.000 -0.2500 -20.000 -0.0002 0 NA
385.00 0.03000 385.0 0.03074 1 -20.000 -0.2500 -20.000 -0.0002 0 NA
0.00 0.03000 0.1 0.00000 0 -25.000 -0.2000 -25.001 -0.0002 0 NA
5.00 0.03000 5.0 0.00000 0 -25.000 -0.2000 -25.001 -0.0002 0 NA
10.00 0.03000 10.0 0.00000 0 -25.000 -0.2000 -25.001 -0.0002 0 NA
15.00 0.03000 15.0 0.00000 0 -25.000 -0.2000 -25.001 -0.0002 0 NA
20.00 0.03000 20.0 0.00000 0 -25.000 -0.2000 -25.001 -0.0002 0 NA
25.00 0.03000 25.0 0.00000 0 -25.000 -0.2000 -25.001 -0.0002 0 NA
30.00 0.03000 30.0 0.00000 0 -25.000 -0.2000 -25.001 -0.0002 0 NA
35.00 0.03000 35.0 0.00000 0 -25.000 -0.2000 -25.001 -0.0002 0 NA
40.00 0.03000 40.0 0.00000 0 -25.000 -0.2000 -25.001 -0.0002 0 NA
45.00 0.03000 45.0 0.00000 0 -25.000 -0.2000 -25.001 -0.0002 0 NA
50.00 0.03000 50.0 0.00000 0 -25.000 -0.2000 -25.001 -0.0002 0 NA
55.00 0.03000 55.0 0.00000 0 -25.000 -0.2000 -25.001 -0.0002 0 NA
60.00 0.03000 60.0 0.00000 0 -25.000 -0.2000 -25.001 -0.0002 0 NA
65.00 0.03000 65.0 0.00000 0 -25.000 -0.2000 -25.001 -0.0002 0 NA
70.00 0.03000 70.0 0.00000 0 -25.000 -0.2000 -25.001 -0.0002 0 NA
75.00 0.03000 75.0 0.00000 0 -25.000 -0.2000 -25.001 -0.0002 0 NA
80.00 0.03000 80.0 0.00000 0 -25.000 -0.2000 -25.001 -0.0002 0 NA
85.00 0.03000 85.0 0.00000 0 -25.000 -0.2000 -25.001 -0.0002 0 NA
90.00 0.03000 90.0 0.00000 0 -25.000 -0.2000 -25.001 -0.0002 0 NA
95.00 0.03000 95.0 0.00000 0 -25.000 -0.2000 -25.001 -0.0002 0 NA
100.00 0.03000 100.0 0.00000 0 -25.000 -0.2000 -25.001 -0.0002 0 NA
105.00 0.03000 105.0 0.00000 0 -25.000 -0.2000 -25.001 -0.0002 0 NA
110.00 0.03000 110.0 0.00000 0 -25.000 -0.2000 -25.001 -0.0002 0 NA
115.00 0.03000 115.0 0.00000 0 -25.000 -0.2000 -25.001 -0.0002 0 NA
120.00 0.03000 120.0 0.00000 0 -25.000 -0.2000 -25.001 -0.0002 0 NA
125.00 0.03000 125.0 0.00000 0 -25.000 -0.2000 -25.001 -0.0002 0 NA
130.00 0.03000 130.0 0.00000 0 -25.000 -0.2000 -25.001 -0.0002 0 NA
135.00 0.03000 135.0 0.00000 0 -25.000 -0.2000 -25.001 -0.0002 0 NA
140.00 0.03000 140.0 0.00000 0 -25.000 -0.2000 -25.001 -0.0002 0 NA
145.00 0.03000 145.0 0.00000 0 -25.000 -0.2000 -25.001 -0.0002 0 NA
150.00 0.03000 150.0 0.00000 0 -25.000 -0.2000 -25.001 -0.0002 0 NA
155.00 0.03000 155.0 0.00000 0 -25.000 -0.2000 -25.001 -0.0002 0 NA
160.00 0.03000 160.0 0.00000 0 -25.000 -0.2000 -25.001 -0.0002 0 NA
165.00 0.03000 165.0 0.00000 0 -25.000 -0.2000 -25.001 -0.0002 0 NA
170.00 0.03000 170.0 0.00000 0 -25.000 -0.2000 -25.001 -0.0002 0 NA
175.00 0.03000 175.0 0.00000 0 -25.000 -0.2000 -25.001 -0.0002 0 NA
180.00 0.03000 180.0 0.00000 0 -25.000 -0.2000 -25.001 -0.0002 0 NA
185.00 0.03000 185.0 0.00006 0 -25.000 -0.2000 -25.001 -0.0002 0 NA
190.00 0.03000 190.0 0.00008 0 -25.000 -0.2000 -25.001 -0.0002 0 NA
195.00 0.03000 195.0 0.00014 0 -25.000 -0.2000 -25.001 -0.0002 0 NA
200.00 0.03000 200.0 0.00021 0 -25.000 -0.2000 -25.001 -0.0002 0 NA
205.00 0.03000 205.0 0.00030 0 -25.000 -0.2000 -25.001 -0.0002 0 NA
210.00 0.03000 210.0 0.00042 0 -25.000 -0.2000 -25.001 -0.0002 0 NA
215.00 0.03000 215.0 0.00058 0 -25.000 -0.2000 -25.001 -0.0002 0 NA
220.00 0.03000 220.0 0.00078 0 -25.000 -0.2000 -25.001 -0.0002 0 NA
225.00 0.03000 225.0 0.00101 0 -25.000 -0.2000 -25.001 -0.0002 0 NA
230.00 0.03000 230.0 0.00127 0 -25.000 -0.2000 -25.001 -0.0002 0 NA
235.00 0.03000 235.0 0.00158 0 -25.000 -0.2000 -25.001 -0.0002 0 NA
240.00 0.03000 240.1 0.00191 0 -25.000 -0.2000 -25.001 -0.0002 0 NA
245.00 0.03000 245.0 0.00228 0 -25.000 -0.2000 -25.001 -0.0002 0 NA
250.00 0.03000 250.1 0.00269 0 -25.000 -0.2000 -25.001 -0.0002 0 NA
255.00 0.03000 255.0 0.00314 0 -25.000 -0.2000 -25.001 -0.0002 0 NA
260.00 0.03000 260.1 0.00362 0 -25.000 -0.2000 -25.001 -0.0002 0 NA
265.00 0.03000 265.0 0.00411 0 -25.000 -0.2000 -25.001 -0.0002 0 NA
270.00 0.03000 270.0 0.00464 0 -25.000 -0.2000 -25.001 -0.0002 0 NA
275.00 0.03000 275.0 0.00520 0 -25.000 -0.2000 -25.001 -0.0002 0 NA
280.00 0.03000 280.1 0.00578 0 -25.000 -0.2000 -25.001 -0.0002 0 NA
285.00 0.03000 285.0 0.00638 0 -25.000 -0.2000 -25.001 -0.0002 0 NA
290.00 0.03000 290.0 0.00701 0 -25.000 -0.2000 -25.001 -0.0002 0 NA
295.00 0.03000 295.0 0.00763 0 -25.000 -0.2000 -25.001 -0.0002 0 NA
300.00 0.03000 300.0 0.00826 0 -25.000 -0.2000 -25.001 -0.0002 0 NA
305.00 0.03000 305.0 0.00891 0 -25.000 -0.2000 -25.001 -0.0002 0 NA
310.00 0.03000 310.0 0.00960 0 -25.000 -0.2000 -25.001 -0.0002 0 NA
315.00 0.03000 315.0 0.01031 0 -25.000 -0.2000 -25.001 -0.0002 0 NA
320.00 0.03000 320.0 0.01106 0 -25.000 -0.2000 -25.001 -0.0002 0 NA
325.00 0.03000 325.0 0.01182 0 -25.000 -0.2000 -25.001 -0.0002 0 NA
330.00 0.03000 330.0 0.01260 0 -25.000 -0.2000 -25.001 -0.0002 0 NA
335.00 0.03000 335.0 0.01341 0 -25.000 -0.2000 -25.001 -0.0002 0 NA
340.00 0.03000 340.0 0.01424 0 -25.000 -0.2000 -25.001 -0.0002 0 NA
345.00 0.03000 345.0 0.01509 0 -25.000 -0.2000 -25.001 -0.0002 0 NA
350.00 0.03000 350.0 0.01596 0 -25.000 -0.2000 -25.001 -0.0002 0 NA
355.00 0.03000 355.0 0.01685 0 -25.000 -0.2000 -25.001 -0.0002 0 NA
360.00 0.03000 360.0 0.01776 0 -25.000 -0.2000 -25.001 -0.0002 0 NA
365.00 0.03000 365.0 0.01868 0 -25.000 -0.2000 -25.001 -0.0002 0 NA
370.00 0.03000 370.0 0.01963 0 -25.000 -0.2000 -25.001 -0.0002 0 NA
375.00 0.03000 375.0 0.02061 0 -25.000 -0.2000 -25.001 -0.0002 0 NA
380.00 0.03000 380.0 0.02157 0 -25.000 -0.2000 -25.001 -0.0002 0 NA
385.00 0.03000 385.0 0.02257 0 -25.000 -0.2000 -25.001 -0.0002 0 NA
390.00 0.03000 390.0 0.02357 0 -25.000 -0.2000 -25.001 -0.0002 0 NA
395.00 0.03000 395.0 0.02459 0 -25.000 -0.2000 -25.001 -0.0002 0 NA
400.00 0.03000 400.0 0.02562 0 -25.000 -0.2000 -25.001 -0.0002 0 NA
405.00 0.03000 405.0 0.02668 0 -25.000 -0.2000 -25.001 -0.0002 0 NA
410.00 0.03000 410.0 0.02774 0 -25.000 -0.2000 -25.001 -0.0002 0 NA
415.00 0.03000 415.0 0.02880 0 -25.000 -0.2000 -25.001 -0.0002 0 NA
420.00 0.03000 420.0 0.02988 0 -25.000 -0.2000 -25.001 -0.0002 0 NA
425.00 0.03000 425.0 0.03096 1 -25.000 -0.2000 -25.001 -0.0002 0 NA
0.00 0.03000 0.1 0.00000 0 -30.000 -0.1667 -30.001 -0.0000 0 NA
5.00 0.03000 5.0 0.00000 0 -30.000 -0.1667 -30.001 -0.0000 0 NA
10.00 0.03000 10.0 0.00000 0 -30.000 -0.1667 -30.001 -0.0001 0 NA
15.00 0.03000 15.0 0.00000 0 -30.000 -0.1667 -30.001 -0.0001 0 NA
20.00 0.03000 20.0 0.00000 0 -30.000 -0.1667 -30.001 -0.0001 0 NA
25.00 0.03000 25.0 0.00000 0 -30.000 -0.1667 -30.001 -0.0001 0 NA
30.00 0.03000 30.0 0.00000 0 -30.000 -0.1667 -30.001 -0.0001 0 NA
35.00 0.03000 35.0 0.00000 0 -30.000 -0.1667 -30.001 -0.0001 0 NA
40.00 0.03000 40.0 0.00000 0 -30.000 -0.1667 -30.001 -0.0001 0 NA
45.00 0.03000 45.0 0.00000 0 -30.000 -0.1667 -30.000 -0.0001 0 NA
50.00 0.03000 50.0 0.00000 0 -30.000 -0.1667 -30.001 -0.0001 0 NA
55.00 0.03000 55.0 0.00000 0 -30.000 -0.1667 -30.001 -0.0002 0 NA
60.00 0.03000 60.0 0.00000 0 -30.000 -0.1667 -30.001 -0.0001 0 NA
65.00 0.03000 65.0 0.00000 0 -30.000 -0.1667 -30.001 -0.0002 0 NA
70.00 0.03000 70.0 0.00000 0 -30.000 -0.1667 -30.001 -0.0001 0 NA
75.00 0.03000 75.0 0.00000 0 -30.000 -0.1667 -30.001 -0.0002 0 NA
80.00 0.03000 80.0 0.00000 0 -30.000 -0.1667 -30.001 -0.0002 0 NA
85.00 0.03000 85.0 0.00000 0 -30.000 -0.1667 -30.001 -0.0002 0 NA
90.00 0.03000 90.0 0.00000 0 -30.000 -0.1667 -30.001 -0.0002 0 NA
95.00 0.03000 95.0 0.00000 0 -30.000 -0.1667 -30.001 -0.0002 0 NA
100.00 0.03000 100.0 0.00000 0 -30.000 -0.1667 -30.001 -0.0002 0 NA
105.00 0.03000 105.0 0.00000 0 -30.000 -0.1667 -30.001 -0.0002 0 NA
110.00 0.03000 110.0 0.00000 0 -30.000 -0.1667 -30.001 -0.0002 0 NA
115.00 0.03000 115.0 0.00000 0 -30.000 -0.1667 -30.001 -0.0002 0 NA
120.00 0.03000 120.0 0.00000 0 -30.000 -0.1667 -30.001 -0.0002 0 NA
125.00 0.03000 125.0 0.00000 0 -30.000 -0.1667 -30.001 -0.0002 0 NA
130.00 0.03000 130.0 0.00000 0 -30.000 -0.1667 -30.001 -0.0002 0 NA
135.00 0.03000 135.0 0.00000 0 -30.000 -0.1667 -30.001 -0.0002 0 NA
140.00 0.03000 140.0 0.00000 0 -30.000 -0.1667 -30.001 -0.0002 0 NA
145.00 0.03000 145.0 0.00000 0 -30.000 -0.1667 -30.001 -0.0002 0 NA
150.00 0.03000 150.0 0.00000 0 -30.000 -0.1667 -30.001 -0.0002 0 NA
155.00 0.03000 155.0 0.00000 0 -30.000 -0.1667 -30.001 -0.0002 0 NA
160.00 0.03000 160.0 0.00000 0 -30.000 -0.1667 -30.001 -0.0002 0 NA
165.00 0.03000 165.0 0.00000 0 -30.000 -0.1667 -30.001 -0.0002 0 NA
170.00 0.03000 170.0 0.00000 0 -30.000 -0.1667 -30.001 -0.0002 0 NA
175.00 0.03000 175.0 0.00000 0 -30.000 -0.1667 -30.000 -0.0002 0 NA
180.00 0.03000 180.0 0.00000 0 -30.000 -0.1667 -30.001 -0.0002 0 NA
185.00 0.03000 185.0 0.00000 0 -30.000 -0.1667 -30.001 -0.0002 0 NA
190.00 0.03000 190.0 0.00000 0 -30.000 -0.1667 -30.001 -0.0002 0 NA
195.00 0.03000 195.0 0.00000 0 -30.000 -0.1667 -30.001 -0.0002 0 NA
200.00 0.03000 200.0 0.00000 0 -30.000 -0.1667 -30.001 -0.0002 0 NA
205.00 0.03000 205.0 0.00000 0 -30.000 -0.1667 -30.001 -0.0002 0 NA
210.00 0.03000 210.0 0.00000 0 -30.000 -0.1667 -30.001 -0.0002 0 NA
215.00 0.03000 215.0 0.00000 0 -30.000 -0.1667 -30.001 -0.0002 0 NA
220.00 0.03000 220.0 0.00005 0 -30.000 -0.1667 -30.001 -0.0002 0 NA
225.00 0.03000 225.0 0.00008 0 -30.000 -0.1667 -30.001 -0.0002 0 NA
230.00 0.03000 230.0 0.00013 0 -30.000 -0.1667 -30.001 -0.0002 0 NA
235.00 0.03000 235.0 0.00018 0 -30.000 -0.1667 -30.001 -0.0002 0 NA
240.00 0.03000 240.1 0.00027 0 -30.000 -0.1667 -30.001 -0.0002 0 NA
245.00 0.03000 245.0 0.00038 0 -30.000 -0.1667 -30.001 -0.0002 0 NA
250.00 0.03000 250.1 0.00052 0 -30.000 -0.1667 -30.001 -0.0002 0 NA
255.00 0.03000 255.0 0.00070 0 -30.000 -0.1667 -30.000 -0.0002 0 NA
260.00 0.03000 260.1 0.00091 0 -30.000 -0.1667 -30.001 -0.0002 0 NA
265.00 0.03000 265.0 0.00114 0 -30.000 -0.1667 -30.001 -0.0002 0 NA
270.00 0.03000 270.0 0.00142 0 -30.000 -0.1667 -30.001 -0.0002 0 NA
275.00 0.03000 275.0 0.00173 0 -30.000 -0.1667 -30.001 -0.0002 0 NA
280.00 0.03000 280.1 0.00208 0 -30.000 -0.1667 -30.001 -0.0002 0 NA
285.00 0.03000 285.0 0.00246 0 -30.000 -0.1667 -30.001 -0.0002 0 NA
290.00 0.03000 290.0 0.00287 0 -30.000 -0.1667 -30.001 -0.0002 0 NA
295.00 0.03000 295.0 0.00332 0 -30.000 -0.1667 -30.001 -0.0002 0 NA
300.00 0.03000 300.0 0.00379 0 -30.000 -0.1667 -30.001 -0.0002 0 NA
305.00 0.03000 305.0 0.00429 0 -30.000 -0.1667 -30.000 -0.0002 0 NA
310.00 0.03000 310.0 0.00482 0 -30.000 -0.1667 -30.001 -0.0002 0 NA
315.00 0.03000 315.0 0.00538 0 -30.000 -0.1667 -30.001 -0.0002 0 NA
320.00 0.03000 320.0 0.00596 0 -30.000 -0.1667 -30.001 -0.0002 0 NA
325.00 0.03000 325.0 0.00655 0 -30.000 -0.1667 -30.001 -0.0002 0 NA
330.00 0.03000 330.0 0.00708 0 -30.000 -0.1667 -30.001 -0.0002 0 NA
335.00 0.03000 335.0 0.00770 0 -30.000 -0.1667 -30.001 -0.0002 0 NA
340.00 0.03000 340.0 0.00835 0 -30.000 -0.1667 -30.001 -0.0002 0 NA
345.00 0.03000 345.0 0.00902 0 -30.000 -0.1667 -30.001 -0.0002 0 NA
350.00 0.03000 350.0 0.00973 0 -30.000 -0.1667 -30.001 -0.0002 0 NA
355.00 0.03000 355.0 0.01045 0 -30.000 -0.1667 -30.001 -0.0001 0 NA
360.00 0.03000 360.0 0.01121 0 -30.000 -0.1667 -30.001 -0.0002 0 NA
365.00 0.03000 365.0 0.01198 0 -30.000 -0.1667 -30.000 -0.0002 0 NA
370.00 0.03000 370.0 0.01277 0 -30.000 -0.1667 -30.001 -0.0002 0 NA
375.00 0.03000 375.0 0.01359 0 -30.000 -0.1667 -30.001 -0.0002 0 NA
380.00 0.03000 380.0 0.01442 0 -30.000 -0.1667 -30.001 -0.0002 0 NA
385.00 0.03000 385.0 0.01528 0 -30.000 -0.1667 -30.001 -0.0002 0 NA
390.00 0.03000 390.0 0.01615 0 -30.000 -0.1667 -30.001 -0.0002 0 NA
395.00 0.03000 395.0 0.01705 0 -30.000 -0.1667 -30.001 -0.0001 0 NA
400.00 0.03000 400.0 0.01796 0 -30.000 -0.1667 -30.001 -0.0002 0 NA
405.00 0.03000 405.0 0.01893 0 -30.000 -0.1667 -30.001 -0.0002 0 NA
410.00 0.03000 410.0 0.01987 0 -30.000 -0.1667 -30.001 -0.0002 0 NA
415.00 0.03000 415.0 0.02083 0 -30.000 -0.1667 -30.001 -0.0002 0 NA
420.00 0.03000 420.0 0.02180 0 -30.000 -0.1667 -30.001 -0.0002 0 NA
425.00 0.03000 425.0 0.02279 0 -30.000 -0.1667 -30.001 -0.0002 0 NA
430.00 0.03000 430.0 0.02380 0 -30.000 -0.1667 -30.001 -0.0002 0 NA
435.00 0.03000 435.0 0.02482 0 -30.000 -0.1667 -30.001 -0.0002 0 NA
440.00 0.03000 440.0 0.02584 0 -30.000 -0.1667 -30.001 -0.0002 0 NA
445.00 0.03000 445.0 0.02690 0 -30.000 -0.1667 -30.001 -0.0002 0 NA
450.00 0.03000 450.0 0.02796 0 -30.000 -0.1667 -30.000 -0.0002 0 NA
0.00 0.03000 0.1 0.00000 0 -35.000 -0.1429 -35.000 -0.0002 0 NA
5.00 0.03000 5.0 0.00000 0 -35.000 -0.1429 -35.000 -0.0002 0 NA
10.00 0.03000 10.0 0.00000 0 -35.000 -0.1429 -35.000 -0.0002 0 NA
15.00 0.03000 15.0 0.00000 0 -35.000 -0.1429 -35.000 -0.0002 0 NA
20.00 0.03000 20.0 0.00000 0 -35.000 -0.1429 -35.000 -0.0002 0 NA
25.00 0.03000 25.0 0.00000 0 -35.000 -0.1429 -35.000 -0.0002 0 NA
30.00 0.03000 30.0 0.00000 0 -35.000 -0.1429 -35.000 -0.0002 0 NA
35.00 0.03000 35.0 0.00000 0 -35.000 -0.1429 -35.000 -0.0002 0 NA
40.00 0.03000 40.0 0.00000 0 -35.000 -0.1429 -35.000 -0.0002 0 NA
45.00 0.03000 45.0 0.00000 0 -35.000 -0.1429 -35.000 -0.0002 0 NA
50.00 0.03000 50.0 0.00000 0 -35.000 -0.1429 -35.000 -0.0002 0 NA
55.00 0.03000 55.0 0.00000 0 -35.000 -0.1429 -35.000 -0.0002 0 NA
60.00 0.03000 60.0 0.00000 0 -35.000 -0.1429 -35.000 -0.0002 0 NA
65.00 0.03000 65.0 0.00000 0 -35.000 -0.1429 -35.000 -0.0002 0 NA
70.00 0.03000 70.0 0.00000 0 -35.000 -0.1429 -35.000 -0.0002 0 NA
75.00 0.03000 75.0 0.00000 0 -35.000 -0.1429 -35.000 -0.0002 0 NA
80.00 0.03000 80.0 0.00000 0 -35.000 -0.1429 -35.000 -0.0002 0 NA
85.00 0.03000 85.0 0.00000 0 -35.000 -0.1429 -35.000 -0.0002 0 NA
90.00 0.03000 90.0 0.00000 0 -35.000 -0.1429 -35.000 -0.0002 0 NA
95.00 0.03000 95.0 0.00000 0 -35.000 -0.1429 -35.000 -0.0002 0 NA
100.00 0.03000 100.0 0.00000 0 -35.000 -0.1429 -35.000 -0.0002 0 NA
105.00 0.03000 105.0 0.00000 0 -35.000 -0.1429 -35.000 -0.0002 0 NA
110.00 0.03000 110.0 0.00000 0 -35.000 -0.1429 -35.000 -0.0002 0 NA
115.00 0.03000 115.0 0.00000 0 -35.000 -0.1429 -35.000 -0.0002 0 NA
120.00 0.03000 120.0 0.00000 0 -35.000 -0.1429 -35.000 -0.0002 0 NA
125.00 0.03000 125.0 0.00000 0 -35.000 -0.1429 -35.000 -0.0002 0 NA
130.00 0.03000 130.0 0.00000 0 -35.000 -0.1429 -35.000 -0.0002 0 NA
135.00 0.03000 135.0 0.00000 0 -35.000 -0.1429 -35.000 -0.0002 0 NA
140.00 0.03000 140.0 0.00000 0 -35.000 -0.1429 -35.000 -0.0002 0 NA
145.00 0.03000 145.0 0.00000 0 -35.000 -0.1429 -35.000 -0.0002 0 NA
150.00 0.03000 150.0 0.00000 0 -35.000 -0.1429 -35.000 -0.0002 0 NA
155.00 0.03000 155.0 0.00000 0 -35.000 -0.1429 -35.000 -0.0002 0 NA
160.00 0.03000 160.0 0.00000 0 -35.000 -0.1429 -35.000 -0.0002 0 NA
165.00 0.03000 165.0 0.00000 0 -35.000 -0.1429 -35.000 -0.0002 0 NA
170.00 0.03000 170.0 0.00000 0 -35.000 -0.1429 -35.000 -0.0002 0 NA
175.00 0.03000 175.0 0.00000 0 -35.000 -0.1429 -35.000 -0.0002 0 NA
180.00 0.03000 180.0 0.00000 0 -35.000 -0.1429 -35.000 -0.0002 0 NA
185.00 0.03000 185.0 0.00000 0 -35.000 -0.1429 -35.000 -0.0002 0 NA
190.00 0.03000 190.0 0.00000 0 -35.000 -0.1429 -35.000 -0.0002 0 NA
195.00 0.03000 195.0 0.00000 0 -35.000 -0.1429 -35.000 -0.0002 0 NA
200.00 0.03000 200.0 0.00000 0 -35.000 -0.1429 -35.000 -0.0002 0 NA
205.00 0.03000 205.0 0.00000 0 -35.000 -0.1429 -35.000 -0.0002 0 NA
210.00 0.03000 210.0 0.00000 0 -35.000 -0.1429 -35.000 -0.0002 0 NA
215.00 0.03000 215.0 0.00000 0 -35.000 -0.1429 -35.000 -0.0002 0 NA
220.00 0.03000 220.0 0.00000 0 -35.000 -0.1429 -35.000 -0.0002 0 NA
225.00 0.03000 225.0 0.00000 0 -35.000 -0.1429 -35.000 -0.0002 0 NA
230.00 0.03000 230.1 0.00000 0 -35.000 -0.1429 -35.000 -0.0002 0 NA
235.00 0.03000 235.0 0.00000 0 -35.000 -0.1429 -35.000 -0.0002 0 NA
240.00 0.03000 240.1 0.00000 0 -35.000 -0.1429 -35.000 -0.0002 0 NA
245.00 0.03000 245.0 0.00000 0 -35.000 -0.1429 -35.000 -0.0002 0 NA
250.00 0.03000 250.1 0.00000 0 -35.000 -0.1429 -35.000 -0.0002 0 NA
255.00 0.03000 255.0 0.00005 0 -35.000 -0.1429 -35.000 -0.0002 0 NA
260.00 0.03000 260.1 0.00007 0 -35.000 -0.1429 -35.000 -0.0002 0 NA
265.00 0.03000 265.0 0.00011 0 -35.000 -0.1429 -35.000 -0.0002 0 NA
270.00 0.03000 270.0 0.00017 0 -35.000 -0.1429 -35.000 -0.0002 0 NA
275.00 0.03000 275.0 0.00024 0 -35.000 -0.1429 -35.000 -0.0001 0 NA
280.00 0.03000 280.1 0.00035 0 -35.000 -0.1429 -35.000 -0.0001 0 NA
285.00 0.03000 285.0 0.00047 0 -35.000 -0.1429 -35.000 -0.0002 0 NA
290.00 0.03000 290.0 0.00063 0 -35.000 -0.1429 -35.000 -0.0002 0 NA
295.00 0.03000 295.0 0.00082 0 -35.000 -0.1429 -35.000 -0.0002 0 NA
300.00 0.03000 300.0 0.00104 0 -35.000 -0.1429 -35.000 -0.0002 0 NA
305.00 0.03000 305.0 0.00129 0 -35.000 -0.1429 -35.000 -0.0002 0 NA
310.00 0.03000 310.0 0.00158 0 -35.000 -0.1429 -35.000 -0.0002 0 NA
315.00 0.03000 315.0 0.00191 0 -35.000 -0.1429 -35.000 -0.0002 0 NA
320.00 0.03000 320.0 0.00226 0 -35.000 -0.1429 -35.000 -0.0002 0 NA
325.00 0.03000 325.0 0.00263 0 -35.000 -0.1429 -35.000 -0.0002 0 NA
330.00 0.03000 330.0 0.00305 0 -35.000 -0.1429 -35.000 -0.0002 0 NA
335.00 0.03000 335.0 0.00349 0 -35.000 -0.1429 -35.000 -0.0002 0 NA
340.00 0.03000 340.0 0.00396 0 -35.000 -0.1429 -35.000 -0.0002 0 NA
345.00 0.03000 345.0 0.00446 0 -35.000 -0.1429 -35.000 -0.0002 0 NA
350.00 0.03000 350.0 0.00498 0 -35.000 -0.1429 -35.000 -0.0002 0 NA
355.00 0.03000 355.0 0.00553 0 -35.000 -0.1429 -35.000 -0.0002 0 NA
360.00 0.03000 360.0 0.00610 0 -35.000 -0.1429 -35.000 -0.0002 0 NA
365.00 0.03000 365.0 0.00671 0 -35.000 -0.1429 -35.000 -0.0002 0 NA
370.00 0.03000 370.0 0.00732 0 -35.000 -0.1429 -35.000 -0.0002 0 NA
375.00 0.03000 375.0 0.00794 0 -35.000 -0.1429 -35.000 -0.0002 0 NA
380.00 0.03000 380.0 0.00858 0 -35.000 -0.1429 -35.000 -0.0002 0 NA
385.00 0.03000 385.0 0.00923 0 -35.000 -0.1429 -35.000 -0.0002 0 NA
390.00 0.03000 390.0 0.00993 0 -35.000 -0.1429 -35.000 -0.0002 0 NA
395.00 0.03000 395.0 0.01064 0 -35.000 -0.1429 -35.000 -0.0002 0 NA
400.00 0.03000 400.0 0.01140 0 -35.000 -0.1429 -35.000 -0.0002 0 NA
405.00 0.03000 405.0 0.01217 0 -35.000 -0.1429 -35.000 -0.0002 0 NA
410.00 0.03000 410.0 0.01296 0 -35.000 -0.1429 -35.000 -0.0002 0 NA
415.00 0.03000 415.0 0.01378 0 -35.000 -0.1429 -35.000 -0.0002 0 NA
420.00 0.03000 420.0 0.01462 0 -35.000 -0.1429 -35.000 -0.0002 0 NA
425.00 0.03000 425.0 0.01548 0 -35.000 -0.1429 -35.000 -0.0002 0 NA
430.00 0.03000 430.0 0.01637 0 -35.000 -0.1429 -35.000 -0.0002 0 NA
435.00 0.03000 435.0 0.01728 0 -35.000 -0.1429 -35.000 -0.0002 0 NA
440.00 0.03000 440.0 0.01818 0 -35.000 -0.1429 -35.000 -0.0002 0 NA
445.00 0.03000 445.0 0.01912 0 -35.000 -0.1429 -35.000 -0.0002 0 NA
450.00 0.03000 450.0 0.02008 0 -35.000 -0.1429 -35.000 -0.0002 0 NA
0.00 0.03000 0.1 0.00000 0 -40.000 -0.1250 -39.999 -0.0002 0 NA
5.00 0.03000 5.0 0.00000 0 -40.000 -0.1250 -39.999 -0.0002 0 NA
10.00 0.03000 10.0 0.00000 0 -40.000 -0.1250 -39.999 -0.0002 0 NA
15.00 0.03000 15.0 0.00000 0 -40.000 -0.1250 -39.999 -0.0002 0 NA
20.00 0.03000 20.0 0.00000 0 -40.000 -0.1250 -39.999 -0.0002 0 NA
25.00 0.03000 25.0 0.00000 0 -40.000 -0.1250 -39.999 -0.0002 0 NA
30.00 0.03000 30.0 0.00000 0 -40.000 -0.1250 -40.000 -0.0002 0 NA
35.00 0.03000 35.0 0.00000 0 -40.000 -0.1250 -40.000 -0.0002 0 NA
40.00 0.03000 40.0 0.00000 0 -40.000 -0.1250 -40.000 -0.0002 0 NA
45.00 0.03000 45.0 0.00000 0 -40.000 -0.1250 -39.999 -0.0002 0 NA
50.00 0.03000 50.0 0.00000 0 -40.000 -0.1250 -39.999 -0.0002 0 NA
55.00 0.03000 55.0 0.00000 0 -40.000 -0.1250 -39.999 -0.0002 0 NA
60.00 0.03000 60.0 0.00000 0 -40.000 -0.1250 -39.999 -0.0002 0 NA
65.00 0.03000 65.0 0.00000 0 -40.000 -0.1250 -39.999 -0.0001 0 NA
70.00 0.03000 70.0 0.00000 0 -40.000 -0.1250 -40.000 -0.0002 0 NA
75.00 0.03000 75.0 0.00000 0 -40.000 -0.1250 -39.999 -0.0001 0 NA
80.00 0.03000 80.0 0.00000 0 -40.000 -0.1250 -39.999 -0.0002 0 NA
85.00 0.03000 85.0 0.00000 0 -40.000 -0.1250 -39.999 -0.0002 0 NA
90.00 0.03000 90.0 0.00000 0 -40.000 -0.1250 -39.999 -0.0002 0 NA
95.00 0.03000 95.0 0.00000 0 -40.000 -0.1250 -39.999 -0.0002 0 NA
100.00 0.03000 100.0 0.00000 0 -40.000 -0.1250 -39.999 -0.0002 0 NA
105.00 0.03000 105.0 0.00000 0 -40.000 -0.1250 -40.000 -0.0002 0 NA
110.00 0.03000 110.0 0.00000 0 -40.000 -0.1250 -39.999 -0.0002 0 NA
115.00 0.03000 115.0 0.00000 0 -40.000 -0.1250 -39.999 -0.0002 0 NA
120.00 0.03000 120.0 0.00000 0 -40.000 -0.1250 -39.999 -0.0002 0 NA
125.00 0.03000 125.0 0.00000 0 -40.000 -0.1250 -39.999 -0.0002 0 NA
130.00 0.03000 130.0 0.00000 0 -40.000 -0.1250 -39.999 -0.0002 0 NA
135.00 0.03000 135.0 0.00000 0 -40.000 -0.1250 -40.000 -0.0002 0 NA
140.00 0.03000 140.0 0.00000 0 -40.000 -0.1250 -40.000 -0.0002 0 NA
145.00 0.03000 145.0 0.00000 0 -40.000 -0.1250 -40.000 -0.0001 0 NA
150.00 0.03000 150.0 0.00000 0 -40.000 -0.1250 -39.999 -0.0002 0 NA
155.00 0.03000 155.0 0.00000 0 -40.000 -0.1250 -40.000 -0.0002 0 NA
160.00 0.03000 160.0 0.00000 0 -40.000 -0.1250 -39.999 -0.0002 0 NA
165.00 0.03000 165.0 0.00000 0 -40.000 -0.1250 -39.999 -0.0002 0 NA
170.00 0.03000 170.0 0.00000 0 -40.000 -0.1250 -39.999 -0.0002 0 NA
175.00 0.03000 175.0 0.00000 0 -40.000 -0.1250 -39.999 -0.0001 0 NA
180.00 0.03000 180.0 0.00000 0 -40.000 -0.1250 -40.000 -0.0002 0 NA
185.00 0.03000 185.0 0.00000 0 -40.000 -0.1250 -39.999 -0.0002 0 NA
190.00 0.03000 190.0 0.00000 0 -40.000 -0.1250 -40.000 -0.0002 0 NA
195.00 0.03000 195.0 0.00000 0 -40.000 -0.1250 -39.999 -0.0002 0 NA
200.00 0.03000 200.0 0.00000 0 -40.000 -0.1250 -39.999 -0.0002 0 NA
205.00 0.03000 205.0 0.00000 0 -40.000 -0.1250 -39.999 -0.0002 0 NA
210.00 0.03000 210.0 0.00000 0 -40.000 -0.1250 -39.999 -0.0002 0 NA
215.00 0.03000 215.0 0.00000 0 -40.000 -0.1250 -40.000 -0.0002 0 NA
220.00 0.03000 220.0 0.00000 0 -40.000 -0.1250 -39.999 -0.0002 0 NA
225.00 0.03000 225.0 0.00000 0 -40.000 -0.1250 -39.999 -0.0002 0 NA
230.00 0.03000 230.0 0.00000 0 -40.000 -0.1250 -39.999 -0.0002 0 NA
235.00 0.03000 235.0 0.00000 0 -40.000 -0.1250 -40.000 -0.0002 0 NA
240.00 0.03000 240.1 0.00000 0 -40.000 -0.1250 -39.999 -0.0002 0 NA
245.00 0.03000 245.0 0.00000 0 -40.000 -0.1250 -40.000 -0.0002 0 NA
250.00 0.03000 250.1 0.00000 0 -40.000 -0.1250 -39.999 -0.0002 0 NA
255.00 0.03000 255.0 0.00000 0 -40.000 -0.1250 -40.000 -0.0002 0 NA
260.00 0.03000 260.1 0.00000 0 -40.000 -0.1250 -39.999 -0.0001 0 NA
265.00 0.03000 265.0 0.00000 0 -40.000 -0.1250 -39.999 -0.0002 0 NA
270.00 0.03000 270.0 0.00000 0 -40.000 -0.1250 -39.999 -0.0002 0 NA
275.00 0.03000 275.0 0.00000 0 -40.000 -0.1250 -40.000 -0.0002 0 NA
280.00 0.03000 280.1 0.00000 0 -40.000 -0.1250 -40.000 -0.0002 0 NA
285.00 0.03000 285.0 0.00000 0 -40.000 -0.1250 -39.999 -0.0002 0 NA
290.00 0.03000 290.0 0.00005 0 -40.000 -0.1250 -39.999 -0.0002 0 NA
295.00 0.03000 295.0 0.00007 0 -40.000 -0.1250 -40.000 -0.0002 0 NA
300.00 0.03000 300.0 0.00010 0 -40.000 -0.1250 -39.999 -0.0002 0 NA
305.00 0.03000 305.0 0.00015 0 -40.000 -0.1250 -39.999 -0.0002 0 NA
310.00 0.03000 310.0 0.00022 0 -40.000 -0.1250 -40.000 -0.0002 0 NA
315.00 0.03000 315.0 0.00031 0 -40.000 -0.1250 -39.999 -0.0002 0 NA
320.00 0.03000 320.0 0.00042 0 -40.000 -0.1250 -40.000 -0.0001 0 NA
325.00 0.03000 325.0 0.00057 0 -40.000 -0.1250 -40.000 -0.0002 0 NA
330.00 0.03000 330.0 0.00074 0 -40.000 -0.1250 -39.999 -0.0002 0 NA
335.00 0.03000 335.0 0.00094 0 -40.000 -0.1250 -39.999 -0.0001 0 NA
340.00 0.03000 340.0 0.00118 0 -40.000 -0.1250 -40.000 -0.0002 0 NA
345.00 0.03000 345.0 0.00144 0 -40.000 -0.1250 -40.000 -0.0002 0 NA
350.00 0.03000 350.0 0.00174 0 -40.000 -0.1250 -40.000 -0.0002 0 NA
355.00 0.03000 355.0 0.00206 0 -40.000 -0.1250 -40.000 -0.0002 0 NA
360.00 0.03000 360.0 0.00241 0 -40.000 -0.1250 -39.999 -0.0002 0 NA
365.00 0.03000 365.0 0.00279 0 -40.000 -0.1250 -39.999 -0.0002 0 NA
370.00 0.03000 370.0 0.00320 0 -40.000 -0.1250 -39.999 -0.0002 0 NA
375.00 0.03000 375.0 0.00364 0 -40.000 -0.1250 -39.999 -0.0002 0 NA
380.00 0.03000 380.0 0.00411 0 -40.000 -0.1250 -39.999 -0.0002 0 NA
385.00 0.03000 385.0 0.00461 0 -40.000 -0.1250 -40.000 -0.0002 0 NA
390.00 0.03000 390.0 0.00513 0 -40.000 -0.1250 -39.999 -0.0002 0 NA
395.00 0.03000 395.0 0.00568 0 -40.000 -0.1250 -39.999 -0.0002 0 NA
400.00 0.03000 400.0 0.00625 0 -40.000 -0.1250 -39.999 -0.0002 0 NA
405.00 0.03000 405.0 0.00682 0 -40.000 -0.1250 -40.000 -0.0002 0 NA
410.00 0.03000 410.0 0.00741 0 -40.000 -0.1250 -39.999 -0.0002 0 NA
415.00 0.03000 415.0 0.00802 0 -40.000 -0.1250 -40.000 -0.0002 0 NA
420.00 0.03000 420.0 0.00867 0 -40.000 -0.1250 -39.999 -0.0002 0 NA
425.00 0.03000 425.0 0.00935 0 -40.000 -0.1250 -39.999 -0.0002 0 NA
430.00 0.03000 430.0 0.01005 0 -40.000 -0.1250 -40.000 -0.0002 0 NA
435.00 0.03000 435.0 0.01079 0 -40.000 -0.1250 -39.999 -0.0002 0 NA
440.00 0.03000 440.0 0.01156 0 -40.000 -0.1250 -39.999 -0.0002 0 NA
445.00 0.03000 445.0 0.01234 0 -40.000 -0.1250 -40.000 -0.0002 0 NA
450.00 0.03000 450.0 0.01315 0 -40.000 -0.1250 -39.999 -0.0002 0 NA
0.00 0.03000 0.1 0.00000 0 -45.000 -0.1111 -45.001 -0.0002 0 NA
5.00 0.03000 5.0 0.00000 0 -45.000 -0.1111 -45.001 -0.0002 0 NA
10.00 0.03000 10.0 0.00000 0 -45.000 -0.1111 -45.002 -0.0001 0 NA
15.00 0.03000 15.0 0.00000 0 -45.000 -0.1111 -45.002 -0.0002 0 NA
20.00 0.03000 20.0 0.00000 0 -45.000 -0.1111 -45.001 -0.0002 0 NA
25.00 0.03000 25.0 0.00000 0 -45.000 -0.1111 -45.001 -0.0002 0 NA
30.00 0.03000 30.0 0.00000 0 -45.000 -0.1111 -45.002 -0.0002 0 NA
35.00 0.03000 35.0 0.00000 0 -45.000 -0.1111 -45.001 -0.0002 0 NA
40.00 0.03000 40.0 0.00000 0 -45.000 -0.1111 -45.001 -0.0002 0 NA
45.00 0.03000 45.0 0.00000 0 -45.000 -0.1111 -45.001 -0.0001 0 NA
50.00 0.03000 50.0 0.00000 0 -45.000 -0.1111 -45.001 -0.0002 0 NA
55.00 0.03000 55.0 0.00000 0 -45.000 -0.1111 -45.001 -0.0002 0 NA
60.00 0.03000 60.0 0.00000 0 -45.000 -0.1111 -45.001 -0.0002 0 NA
65.00 0.03000 65.0 0.00000 0 -45.000 -0.1111 -45.001 -0.0002 0 NA
70.00 0.03000 70.0 0.00000 0 -45.000 -0.1111 -45.001 -0.0001 0 NA
75.00 0.03000 75.0 0.00000 0 -45.000 -0.1111 -45.001 -0.0002 0 NA
80.00 0.03000 80.0 0.00000 0 -45.000 -0.1111 -45.001 -0.0002 0 NA
85.00 0.03000 85.0 0.00000 0 -45.000 -0.1111 -45.001 -0.0002 0 NA
90.00 0.03000 90.0 0.00000 0 -45.000 -0.1111 -45.001 -0.0002 0 NA
95.00 0.03000 95.0 0.00000 0 -45.000 -0.1111 -45.002 -0.0001 0 NA
100.00 0.03000 100.0 0.00000 0 -45.000 -0.1111 -45.001 -0.0002 0 NA
105.00 0.03000 105.0 0.00000 0 -45.000 -0.1111 -45.002 -0.0002 0 NA
110.00 0.03000 110.0 0.00000 0 -45.000 -0.1111 -45.002 -0.0002 0 NA
115.00 0.03000 115.0 0.00000 0 -45.000 -0.1111 -45.001 -0.0001 0 NA
120.00 0.03000 120.0 0.00000 0 -45.000 -0.1111 -45.002 -0.0002 0 NA
125.00 0.03000 125.0 0.00000 0 -45.000 -0.1111 -45.001 -0.0002 0 NA
130.00 0.03000 130.0 0.00000 0 -45.000 -0.1111 -45.002 -0.0002 0 NA
135.00 0.03000 135.0 0.00000 0 -45.000 -0.1111 -45.002 -0.0002 0 NA
140.00 0.03000 140.0 0.00000 0 -45.000 -0.1111 -45.001 -0.0001 0 NA
145.00 0.03000 145.0 0.00000 0 -45.000 -0.1111 -45.001 -0.0002 0 NA
150.00 0.03000 150.0 0.00000 0 -45.000 -0.1111 -45.002 -0.0001 0 NA
155.00 0.03000 155.0 0.00000 0 -45.000 -0.1111 -45.001 -0.0002 0 NA
160.00 0.03000 160.0 0.00000 0 -45.000 -0.1111 -45.001 -0.0001 0 NA
165.00 0.03000 165.0 0.00000 0 -45.000 -0.1111 -45.001 -0.0002 0 NA
170.00 0.03000 170.0 0.00000 0 -45.000 -0.1111 -45.001 -0.0002 0 NA
175.00 0.03000 175.0 0.00000 0 -45.000 -0.1111 -45.002 -0.0001 0 NA
180.00 0.03000 180.0 0.00000 0 -45.000 -0.1111 -45.002 -0.0002 0 NA
185.00 0.03000 185.0 0.00000 0 -45.000 -0.1111 -45.002 -0.0002 0 NA
190.00 0.03000 190.0 0.00000 0 -45.000 -0.1111 -45.001 -0.0001 0 NA
195.00 0.03000 195.0 0.00000 0 -45.000 -0.1111 -45.001 -0.0002 0 NA
200.00 0.03000 200.0 0.00000 0 -45.000 -0.1111 -45.001 -0.0001 0 NA
205.00 0.03000 205.0 0.00000 0 -45.000 -0.1111 -45.001 -0.0001 0 NA
210.00 0.03000 210.0 0.00000 0 -45.000 -0.1111 -45.001 -0.0001 0 NA
215.00 0.03000 215.0 0.00000 0 -45.000 -0.1111 -45.001 -0.0002 0 NA
220.00 0.03000 220.0 0.00000 0 -45.000 -0.1111 -45.002 -0.0001 0 NA
225.00 0.03000 225.0 0.00000 0 -45.000 -0.1111 -45.002 -0.0002 0 NA
230.00 0.03000 230.0 0.00000 0 -45.000 -0.1111 -45.001 -0.0002 0 NA
235.00 0.03000 235.0 0.00000 0 -45.000 -0.1111 -45.002 -0.0002 0 NA
240.00 0.03000 240.1 0.00000 0 -45.000 -0.1111 -45.002 -0.0002 0 NA
245.00 0.03000 245.0 0.00000 0 -45.000 -0.1111 -45.001 -0.0001 0 NA
250.00 0.03000 250.1 0.00000 0 -45.000 -0.1111 -45.001 -0.0002 0 NA
255.00 0.03000 255.0 0.00000 0 -45.000 -0.1111 -45.001 -0.0002 0 NA
260.00 0.03000 260.1 0.00000 0 -45.000 -0.1111 -45.001 -0.0001 0 NA
265.00 0.03000 265.0 0.00000 0 -45.000 -0.1111 -45.001 -0.0002 0 NA
270.00 0.03000 270.0 0.00000 0 -45.000 -0.1111 -45.001 -0.0002 0 NA
275.00 0.03000 275.0 0.00000 0 -45.000 -0.1111 -45.001 -0.0002 0 NA
280.00 0.03000 280.1 0.00000 0 -45.000 -0.1111 -45.001 -0.0002 0 NA
285.00 0.03000 285.0 0.00000 0 -45.000 -0.1111 -45.001 -0.0001 0 NA
290.00 0.03000 290.0 0.00000 0 -45.000 -0.1111 -45.001 -0.0002 0 NA
295.00 0.03000 295.0 0.00000 0 -45.000 -0.1111 -45.001 -0.0002 0 NA
300.00 0.03000 300.0 0.00000 0 -45.000 -0.1111 -45.001 -0.0001 0 NA
305.00 0.03000 305.0 0.00000 0 -45.000 -0.1111 -45.001 -0.0001 0 NA
310.00 0.03000 310.0 0.00000 0 -45.000 -0.1111 -45.001 -0.0002 0 NA
315.00 0.03000 315.0 0.00000 0 -45.000 -0.1111 -45.001 -0.0002 0 NA
320.00 0.03000 320.0 0.00000 0 -45.000 -0.1111 -45.001 -0.0002 0 NA
325.00 0.03000 325.0 0.00005 0 -45.000 -0.1111 -45.001 -0.0002 0 NA
330.00 0.03000 330.0 0.00007 0 -45.000 -0.1111 -45.001 -0.0002 0 NA
335.00 0.03000 335.0 0.00010 0 -45.000 -0.1111 -45.001 -0.0002 0 NA
340.00 0.03000 340.0 0.00014 0 -45.000 -0.1111 -45.001 -0.0002 0 NA
345.00 0.03000 345.0 0.00021 0 -45.000 -0.1111 -45.001 -0.0001 0 NA
350.00 0.03000 350.0 0.00028 0 -45.000 -0.1111 -45.001 -0.0002 0 NA
355.00 0.03000 355.0 0.00039 0 -45.000 -0.1111 -45.001 -0.0002 0 NA
360.00 0.03000 360.0 0.00052 0 -45.000 -0.1111 -45.001 -0.0001 0 NA
365.00 0.03000 365.0 0.00068 0 -45.000 -0.1111 -45.001 -0.0002 0 NA
370.00 0.03000 370.0 0.00086 0 -45.000 -0.1111 -45.001 -0.0002 0 NA
375.00 0.03000 375.0 0.00107 0 -45.000 -0.1111 -45.001 -0.0002 0 NA
380.00 0.03000 380.0 0.00132 0 -45.000 -0.1111 -45.001 -0.0002 0 NA
385.00 0.03000 385.0 0.00159 0 -45.000 -0.1111 -45.001 -0.0002 0 NA
390.00 0.03000 390.0 0.00189 0 -45.000 -0.1111 -45.001 -0.0001 0 NA
395.00 0.03000 395.0 0.00222 0 -45.000 -0.1111 -45.001 -0.0002 0 NA
400.00 0.03000 400.0 0.00257 0 -45.000 -0.1111 -45.002 -0.0001 0 NA
405.00 0.03000 405.0 0.00296 0 -45.000 -0.1111 -45.001 -0.0002 0 NA
410.00 0.03000 410.0 0.00338 0 -45.000 -0.1111 -45.001 -0.0002 0 NA
415.00 0.03000 415.0 0.00382 0 -45.000 -0.1111 -45.001 -0.0002 0 NA
420.00 0.03000 420.0 0.00428 0 -45.000 -0.1111 -45.002 -0.0002 0 NA
425.00 0.03000 425.0 0.00477 0 -45.000 -0.1111 -45.001 -0.0002 0 NA
430.00 0.03000 430.0 0.00528 0 -45.000 -0.1111 -45.001 -0.0002 0 NA
435.00 0.03000 435.0 0.00581 0 -45.000 -0.1111 -45.001 -0.0002 0 NA
440.00 0.03000 440.0 0.00636 0 -45.000 -0.1111 -45.001 -0.0002 0 NA
445.00 0.03000 445.0 0.00692 0 -45.000 -0.1111 -45.001 -0.0002 0 NA
450.00 0.03000 450.0 0.00752 0 -45.000 -0.1111 -45.001 -0.0002 0 NA
