% * Sample: VT62_27-HYTRON-BRWONBASE
% * Date / time: 2025-05-25 14:27:02.965848
% * R2CONTROL =  NOT SPECIFIED
% Column 1:  PSU1 nominal voltage setting (V)
% Column 2:  PSU1 nominal current setting (A)
% Column 3:  PSU1 voltage measurement (V)
% Column 4:  PSU1 current measurement (I)
% Column 5:  PSU1 limiter flag
% Column 6:  PSU2 nominal voltage setting (V)
% Column 7:  PSU2 nominal current setting (A)
% Column 8:  PSU2 voltage measurement (V)
% Column 9:  PSU2 current measurement (I)
% Column 10: PSU2 limiter flag
% Column 11: Heaterblock temperature (°C)
% * OPERATING POINT AT END OF PREHEAT / IDLE: U1 = 300.0 V  I1 = 0.02000 A  U2 = -25.673 V  I2 = -0.000 A  T = NA °C
0.00 0.03000 0.1 0.00177 0 -0.000 -1.000 -2.233 -0.000 0 NA
5.00 0.03000 5.0 0.00252 0 -0.000 -1.000 -1.703 -0.000 0 NA
10.00 0.03000 10.0 0.00331 0 -0.000 -1.000 -1.465 -0.000 0 NA
15.00 0.03000 15.0 0.00410 0 -0.000 -1.000 -1.219 -0.000 0 NA
20.00 0.03000 20.0 0.00489 0 -0.000 -1.000 -1.107 -0.000 0 NA
25.00 0.03000 25.0 0.00566 0 -0.000 -1.000 -0.992 -0.000 0 NA
30.00 0.03000 30.0 0.00646 0 -0.000 -1.000 -0.940 -0.000 0 NA
35.00 0.03000 35.0 0.00728 0 -0.000 -1.000 -0.885 -0.000 0 NA
40.00 0.03000 40.0 0.00809 0 -0.000 -1.000 -0.859 -0.000 0 NA
45.00 0.03000 45.0 0.00893 0 -0.000 -1.000 -0.833 -0.000 0 NA
50.00 0.03000 50.0 0.00978 0 -0.000 -1.000 -0.820 -0.000 0 NA
55.00 0.03000 55.0 0.01064 0 -0.000 -1.000 -0.807 -0.000 0 NA
60.00 0.03000 60.0 0.01152 0 -0.000 -1.000 -0.801 -0.000 0 NA
65.00 0.03000 65.0 0.01242 0 -0.000 -1.000 -0.794 -0.000 0 NA
70.00 0.03000 70.0 0.01335 0 -0.000 -1.000 -0.790 -0.000 0 NA
75.00 0.03000 75.0 0.01429 0 -0.000 -1.000 -0.788 -0.000 0 NA
80.00 0.03000 80.0 0.01526 0 -0.000 -1.000 -0.786 -0.000 0 NA
85.00 0.03000 85.0 0.01624 0 -0.000 -1.000 -0.785 -0.000 0 NA
90.00 0.03000 90.0 0.01723 0 -0.000 -1.000 -0.784 -0.000 0 NA
95.00 0.03000 95.0 0.01824 0 -0.000 -1.000 -0.783 -0.000 0 NA
100.00 0.03000 100.0 0.01926 0 -0.000 -1.000 -0.783 -0.000 0 NA
105.00 0.03000 105.0 0.02030 0 -0.000 -1.000 -0.782 -0.000 0 NA
110.00 0.03000 110.0 0.02136 0 -0.000 -1.000 -0.782 -0.000 0 NA
115.00 0.03000 115.0 0.02243 0 -0.000 -1.000 -0.782 -0.000 0 NA
120.00 0.03000 120.0 0.02350 0 -0.000 -1.000 -0.782 -0.000 0 NA
125.00 0.03000 125.0 0.02460 0 -0.000 -1.000 -0.782 -0.000 0 NA
130.00 0.03000 130.0 0.02570 0 -0.000 -1.000 -0.782 -0.000 0 NA
135.00 0.03000 135.0 0.02683 0 -0.000 -1.000 -0.782 -0.000 0 NA
140.00 0.03000 140.0 0.02795 0 -0.000 -1.000 -0.782 -0.000 0 NA
145.00 0.03000 145.0 0.02909 0 -0.000 -1.000 -0.782 -0.000 0 NA
150.00 0.03000 150.0 0.03024 1 -0.000 -1.000 -0.782 -0.000 0 NA
0.00 0.03000 0.1 0.00074 0 -5.000 -1.000 -5.000 -0.000 0 NA
5.00 0.03000 5.0 0.00100 0 -5.000 -1.000 -5.000 -0.000 0 NA
10.00 0.03000 10.0 0.00131 0 -5.000 -1.000 -5.000 -0.000 0 NA
15.00 0.03000 15.0 0.00165 0 -5.000 -1.000 -5.000 -0.000 0 NA
20.00 0.03000 20.0 0.00204 0 -5.000 -1.000 -5.000 -0.000 0 NA
25.00 0.03000 25.0 0.00248 0 -5.000 -1.000 -5.000 -0.000 0 NA
30.00 0.03000 30.0 0.00296 0 -5.000 -1.000 -5.000 -0.000 0 NA
35.00 0.03000 35.0 0.00349 0 -5.000 -1.000 -5.000 -0.000 0 NA
40.00 0.03000 40.0 0.00406 0 -5.000 -1.000 -5.000 -0.000 0 NA
45.00 0.03000 45.0 0.00468 0 -5.000 -1.000 -5.000 -0.000 0 NA
50.00 0.03000 50.0 0.00533 0 -5.000 -1.000 -5.000 -0.000 0 NA
55.00 0.03000 55.0 0.00603 0 -5.000 -1.000 -5.000 -0.000 0 NA
60.00 0.03000 60.0 0.00674 0 -5.000 -1.000 -5.000 -0.000 0 NA
65.00 0.03000 65.0 0.00748 0 -5.000 -1.000 -5.000 -0.000 0 NA
70.00 0.03000 70.0 0.00826 0 -5.000 -1.000 -5.000 -0.000 0 NA
75.00 0.03000 75.0 0.00906 0 -5.000 -1.000 -5.000 -0.000 0 NA
80.00 0.03000 80.0 0.00988 0 -5.000 -1.000 -5.000 -0.000 0 NA
85.00 0.03000 85.0 0.01072 0 -5.000 -1.000 -5.000 -0.000 0 NA
90.00 0.03000 90.0 0.01160 0 -5.000 -1.000 -5.000 -0.000 0 NA
95.00 0.03000 95.0 0.01249 0 -5.000 -1.000 -5.000 -0.000 0 NA
100.00 0.03000 100.0 0.01340 0 -5.000 -1.000 -5.000 -0.000 0 NA
105.00 0.03000 105.0 0.01433 0 -5.000 -1.000 -5.000 -0.000 0 NA
110.00 0.03000 110.0 0.01528 0 -5.000 -1.000 -5.000 -0.000 0 NA
115.00 0.03000 115.0 0.01625 0 -5.000 -1.000 -5.000 -0.000 0 NA
120.00 0.03000 120.0 0.01724 0 -5.000 -1.000 -5.000 -0.000 0 NA
125.00 0.03000 125.0 0.01824 0 -5.000 -1.000 -5.000 -0.000 0 NA
130.00 0.03000 130.0 0.01926 0 -5.000 -1.000 -5.000 -0.000 0 NA
135.00 0.03000 135.0 0.02030 0 -5.000 -1.000 -5.000 -0.000 0 NA
140.00 0.03000 140.0 0.02135 0 -5.000 -1.000 -5.000 -0.000 0 NA
145.00 0.03000 145.0 0.02241 0 -5.000 -1.000 -5.000 -0.000 0 NA
150.00 0.03000 150.0 0.02349 0 -5.000 -1.000 -5.000 -0.000 0 NA
155.00 0.03000 155.0 0.02457 0 -5.000 -1.000 -5.000 -0.000 0 NA
160.00 0.03000 160.0 0.02568 0 -5.000 -1.000 -5.000 -0.000 0 NA
165.00 0.03000 165.0 0.02679 0 -5.000 -1.000 -5.000 -0.000 0 NA
170.00 0.03000 170.0 0.02791 0 -5.000 -1.000 -5.000 -0.000 0 NA
175.00 0.03000 175.0 0.02905 0 -5.000 -1.000 -5.000 -0.000 0 NA
180.00 0.03000 180.0 0.03020 1 -5.000 -1.000 -5.000 -0.000 0 NA
0.00 0.03000 0.1 0.00000 0 -10.000 -0.500 -10.000 -0.000 0 NA
5.00 0.03000 5.0 0.00000 0 -10.000 -0.500 -10.000 -0.000 0 NA
10.00 0.03000 10.0 0.00006 0 -10.000 -0.500 -10.000 -0.000 0 NA
15.00 0.03000 15.0 0.00011 0 -10.000 -0.500 -10.000 -0.000 0 NA
20.00 0.03000 20.0 0.00018 0 -10.000 -0.500 -10.000 -0.000 0 NA
25.00 0.03000 25.0 0.00029 0 -10.000 -0.500 -10.000 -0.000 0 NA
30.00 0.03000 30.0 0.00044 0 -10.000 -0.500 -10.000 -0.000 0 NA
35.00 0.03000 35.0 0.00063 0 -10.000 -0.500 -10.000 -0.000 0 NA
40.00 0.03000 40.0 0.00085 0 -10.000 -0.500 -10.000 -0.000 0 NA
45.00 0.03000 45.0 0.00112 0 -10.000 -0.500 -10.000 -0.000 0 NA
50.00 0.03000 50.0 0.00142 0 -10.000 -0.500 -10.000 -0.000 0 NA
55.00 0.03000 55.0 0.00176 0 -10.000 -0.500 -10.000 -0.000 0 NA
60.00 0.03000 60.0 0.00214 0 -10.000 -0.500 -10.000 -0.000 0 NA
65.00 0.03000 65.0 0.00257 0 -10.000 -0.500 -10.000 -0.000 0 NA
70.00 0.03000 70.0 0.00305 0 -10.000 -0.500 -10.000 -0.000 0 NA
75.00 0.03000 75.0 0.00357 0 -10.000 -0.500 -10.000 -0.000 0 NA
80.00 0.03000 80.0 0.00415 0 -10.000 -0.500 -10.000 -0.000 0 NA
85.00 0.03000 85.0 0.00476 0 -10.000 -0.500 -10.000 -0.000 0 NA
90.00 0.03000 90.0 0.00541 0 -10.000 -0.500 -10.000 -0.000 0 NA
95.00 0.03000 95.0 0.00610 0 -10.000 -0.500 -10.000 -0.000 0 NA
100.00 0.03000 100.0 0.00681 0 -10.000 -0.500 -10.000 -0.000 0 NA
105.00 0.03000 105.0 0.00756 0 -10.000 -0.500 -10.000 -0.000 0 NA
110.00 0.03000 110.0 0.00833 0 -10.000 -0.500 -10.000 -0.000 0 NA
115.00 0.03000 115.0 0.00913 0 -10.000 -0.500 -10.000 -0.000 0 NA
120.00 0.03000 120.0 0.00995 0 -10.000 -0.500 -10.000 -0.000 0 NA
125.00 0.03000 125.0 0.01079 0 -10.000 -0.500 -10.000 -0.000 0 NA
130.00 0.03000 130.0 0.01166 0 -10.000 -0.500 -10.000 -0.000 0 NA
135.00 0.03000 135.0 0.01256 0 -10.000 -0.500 -10.000 -0.000 0 NA
140.00 0.03000 140.0 0.01347 0 -10.000 -0.500 -10.000 -0.000 0 NA
145.00 0.03000 145.0 0.01440 0 -10.000 -0.500 -10.000 -0.000 0 NA
150.00 0.03000 150.0 0.01535 0 -10.000 -0.500 -10.000 -0.000 0 NA
155.00 0.03000 155.0 0.01632 0 -10.000 -0.500 -10.000 -0.000 0 NA
160.00 0.03000 160.0 0.01731 0 -10.000 -0.500 -10.000 -0.000 0 NA
165.00 0.03000 165.0 0.01831 0 -10.000 -0.500 -10.000 -0.000 0 NA
170.00 0.03000 170.0 0.01933 0 -10.000 -0.500 -10.000 -0.000 0 NA
175.00 0.03000 175.0 0.02037 0 -10.000 -0.500 -10.000 -0.000 0 NA
180.00 0.03000 180.0 0.02142 0 -10.000 -0.500 -10.000 -0.000 0 NA
185.00 0.03000 185.0 0.02248 0 -10.000 -0.500 -10.000 -0.000 0 NA
190.00 0.03000 190.0 0.02356 0 -10.000 -0.500 -10.000 -0.000 0 NA
195.00 0.03000 195.0 0.02465 0 -10.000 -0.500 -10.000 -0.000 0 NA
200.00 0.03000 200.0 0.02576 0 -10.000 -0.500 -10.000 -0.000 0 NA
205.00 0.03000 205.0 0.02687 0 -10.000 -0.500 -10.000 -0.000 0 NA
210.00 0.03000 210.0 0.02799 0 -10.000 -0.500 -10.000 -0.000 0 NA
215.00 0.03000 215.0 0.02913 0 -10.000 -0.500 -10.000 -0.000 0 NA
220.00 0.03000 220.0 0.03028 1 -10.000 -0.500 -10.000 -0.000 0 NA
0.00 0.03000 0.1 0.00000 0 -15.000 -0.333 -15.000 -0.000 0 NA
5.00 0.03000 5.0 0.00000 0 -15.000 -0.333 -15.000 -0.000 0 NA
10.00 0.03000 10.0 0.00000 0 -15.000 -0.333 -15.000 -0.000 0 NA
15.00 0.03000 15.0 0.00000 0 -15.000 -0.333 -15.000 -0.000 0 NA
20.00 0.03000 20.0 0.00000 0 -15.000 -0.333 -15.000 -0.000 0 NA
25.00 0.03000 25.0 0.00000 0 -15.000 -0.333 -15.000 -0.000 0 NA
30.00 0.03000 30.0 0.00000 0 -15.000 -0.333 -15.000 -0.000 0 NA
35.00 0.03000 35.0 0.00000 0 -15.000 -0.333 -15.000 -0.000 0 NA
40.00 0.03000 40.0 0.00000 0 -15.000 -0.333 -15.000 -0.000 0 NA
45.00 0.03000 45.0 0.00000 0 -15.000 -0.333 -15.000 -0.000 0 NA
50.00 0.03000 50.0 0.00007 0 -15.000 -0.333 -15.000 -0.000 0 NA
55.00 0.03000 55.0 0.00011 0 -15.000 -0.333 -15.000 -0.000 0 NA
60.00 0.03000 60.0 0.00019 0 -15.000 -0.333 -15.000 -0.000 0 NA
65.00 0.03000 65.0 0.00029 0 -15.000 -0.333 -15.000 -0.000 0 NA
70.00 0.03000 70.0 0.00044 0 -15.000 -0.333 -15.000 -0.000 0 NA
75.00 0.03000 75.0 0.00063 0 -15.000 -0.333 -15.000 -0.000 0 NA
80.00 0.03000 80.0 0.00085 0 -15.000 -0.333 -15.000 -0.000 0 NA
85.00 0.03000 85.0 0.00112 0 -15.000 -0.333 -15.000 -0.000 0 NA
90.00 0.03000 90.0 0.00142 0 -15.000 -0.333 -15.000 -0.000 0 NA
95.00 0.03000 95.0 0.00176 0 -15.000 -0.333 -15.000 -0.000 0 NA
100.00 0.03000 100.0 0.00214 0 -15.000 -0.333 -15.000 -0.000 0 NA
105.00 0.03000 105.0 0.00256 0 -15.000 -0.333 -15.000 -0.000 0 NA
110.00 0.03000 110.0 0.00304 0 -15.000 -0.333 -15.000 -0.000 0 NA
115.00 0.03000 115.0 0.00355 0 -15.000 -0.333 -15.000 -0.000 0 NA
120.00 0.03000 120.0 0.00412 0 -15.000 -0.333 -15.000 -0.000 0 NA
125.00 0.03000 125.0 0.00473 0 -15.000 -0.333 -15.000 -0.000 0 NA
130.00 0.03000 130.0 0.00538 0 -15.000 -0.333 -15.000 -0.000 0 NA
135.00 0.03000 135.0 0.00606 0 -15.000 -0.333 -15.000 -0.000 0 NA
140.00 0.03000 140.0 0.00677 0 -15.000 -0.333 -15.000 -0.000 0 NA
145.00 0.03000 145.0 0.00752 0 -15.000 -0.333 -15.000 -0.000 0 NA
150.00 0.03000 150.0 0.00828 0 -15.000 -0.333 -15.000 -0.000 0 NA
155.00 0.03000 155.0 0.00908 0 -15.000 -0.333 -15.000 -0.000 0 NA
160.00 0.03000 160.0 0.00989 0 -15.000 -0.333 -15.000 -0.000 0 NA
165.00 0.03000 165.0 0.01073 0 -15.000 -0.333 -15.000 -0.000 0 NA
170.00 0.03000 170.0 0.01160 0 -15.000 -0.333 -15.000 -0.000 0 NA
175.00 0.03000 175.0 0.01249 0 -15.000 -0.333 -15.000 -0.000 0 NA
180.00 0.03000 180.0 0.01340 0 -15.000 -0.333 -15.000 -0.000 0 NA
185.00 0.03000 185.0 0.01433 0 -15.000 -0.333 -15.000 -0.000 0 NA
190.00 0.03000 190.0 0.01528 0 -15.000 -0.333 -15.000 -0.000 0 NA
195.00 0.03000 195.0 0.01625 0 -15.000 -0.333 -15.000 -0.000 0 NA
200.00 0.03000 200.0 0.01723 0 -15.000 -0.333 -15.000 -0.000 0 NA
205.00 0.03000 205.0 0.01824 0 -15.000 -0.333 -15.000 -0.000 0 NA
210.00 0.03000 210.0 0.01925 0 -15.000 -0.333 -15.000 -0.000 0 NA
215.00 0.03000 215.0 0.02029 0 -15.000 -0.333 -15.000 -0.000 0 NA
220.00 0.03000 220.0 0.02134 0 -15.000 -0.333 -15.000 -0.000 0 NA
225.00 0.03000 225.0 0.02240 0 -15.000 -0.333 -15.000 -0.000 0 NA
230.00 0.03000 230.1 0.02348 0 -15.000 -0.333 -15.000 -0.000 0 NA
235.00 0.03000 235.0 0.02456 0 -15.000 -0.333 -15.000 -0.000 0 NA
240.00 0.03000 240.1 0.02567 0 -15.000 -0.333 -15.000 -0.000 0 NA
245.00 0.03000 245.0 0.02678 0 -15.000 -0.333 -15.000 -0.000 0 NA
250.00 0.03000 250.1 0.02791 0 -15.000 -0.333 -15.000 -0.000 0 NA
255.00 0.03000 255.0 0.02904 0 -15.000 -0.333 -15.000 -0.000 0 NA
260.00 0.03000 260.1 0.03020 1 -15.000 -0.333 -15.000 -0.000 0 NA
0.00 0.03000 0.1 0.00000 0 -20.000 -0.250 -20.000 -0.000 0 NA
5.00 0.03000 5.0 0.00000 0 -20.000 -0.250 -20.000 -0.000 0 NA
10.00 0.03000 10.0 0.00000 0 -20.000 -0.250 -20.000 -0.000 0 NA
15.00 0.03000 15.0 0.00000 0 -20.000 -0.250 -20.000 -0.000 0 NA
20.00 0.03000 20.0 0.00000 0 -20.000 -0.250 -20.000 -0.000 0 NA
25.00 0.03000 25.0 0.00000 0 -20.000 -0.250 -20.000 -0.000 0 NA
30.00 0.03000 30.0 0.00000 0 -20.000 -0.250 -20.000 -0.000 0 NA
35.00 0.03000 35.0 0.00000 0 -20.000 -0.250 -20.000 -0.000 0 NA
40.00 0.03000 40.0 0.00000 0 -20.000 -0.250 -20.000 -0.000 0 NA
45.00 0.03000 45.0 0.00000 0 -20.000 -0.250 -20.000 -0.000 0 NA
50.00 0.03000 50.0 0.00000 0 -20.000 -0.250 -20.000 -0.000 0 NA
55.00 0.03000 55.0 0.00000 0 -20.000 -0.250 -20.000 -0.000 0 NA
60.00 0.03000 60.0 0.00000 0 -20.000 -0.250 -20.000 -0.000 0 NA
65.00 0.03000 65.0 0.00000 0 -20.000 -0.250 -20.000 -0.000 0 NA
70.00 0.03000 70.0 0.00000 0 -20.000 -0.250 -20.000 -0.000 0 NA
75.00 0.03000 75.0 0.00000 0 -20.000 -0.250 -20.000 -0.000 0 NA
80.00 0.03000 80.0 0.00000 0 -20.000 -0.250 -20.000 -0.000 0 NA
85.00 0.03000 85.0 0.00000 0 -20.000 -0.250 -20.000 -0.000 0 NA
90.00 0.03000 90.0 0.00007 0 -20.000 -0.250 -20.000 -0.000 0 NA
95.00 0.03000 95.0 0.00012 0 -20.000 -0.250 -20.000 -0.000 0 NA
100.00 0.03000 100.0 0.00020 0 -20.000 -0.250 -20.000 -0.000 0 NA
105.00 0.03000 105.0 0.00030 0 -20.000 -0.250 -20.000 -0.000 0 NA
110.00 0.03000 110.0 0.00045 0 -20.000 -0.250 -20.000 -0.000 0 NA
115.00 0.03000 115.0 0.00063 0 -20.000 -0.250 -20.000 -0.000 0 NA
120.00 0.03000 120.0 0.00085 0 -20.000 -0.250 -20.000 -0.000 0 NA
125.00 0.03000 125.0 0.00112 0 -20.000 -0.250 -20.000 -0.000 0 NA
130.00 0.03000 130.0 0.00142 0 -20.000 -0.250 -20.000 -0.000 0 NA
135.00 0.03000 135.0 0.00177 0 -20.000 -0.250 -20.000 -0.000 0 NA
140.00 0.03000 140.0 0.00215 0 -20.000 -0.250 -20.000 -0.000 0 NA
145.00 0.03000 145.0 0.00257 0 -20.000 -0.250 -20.000 -0.000 0 NA
150.00 0.03000 150.0 0.00304 0 -20.000 -0.250 -20.000 -0.000 0 NA
155.00 0.03000 155.0 0.00355 0 -20.000 -0.250 -20.000 -0.000 0 NA
160.00 0.03000 160.0 0.00411 0 -20.000 -0.250 -20.000 -0.000 0 NA
165.00 0.03000 165.0 0.00471 0 -20.000 -0.250 -20.000 -0.000 0 NA
170.00 0.03000 170.0 0.00535 0 -20.000 -0.250 -20.000 -0.000 0 NA
175.00 0.03000 175.0 0.00603 0 -20.000 -0.250 -20.000 -0.000 0 NA
180.00 0.03000 180.0 0.00674 0 -20.000 -0.250 -20.000 -0.000 0 NA
185.00 0.03000 185.0 0.00747 0 -20.000 -0.250 -20.000 -0.000 0 NA
190.00 0.03000 190.0 0.00823 0 -20.000 -0.250 -20.000 -0.000 0 NA
195.00 0.03000 195.0 0.00902 0 -20.000 -0.250 -20.000 -0.000 0 NA
200.00 0.03000 200.0 0.00985 0 -20.000 -0.250 -20.000 -0.000 0 NA
205.00 0.03000 205.0 0.01068 0 -20.000 -0.250 -20.000 -0.000 0 NA
210.00 0.03000 210.0 0.01155 0 -20.000 -0.250 -20.000 -0.000 0 NA
215.00 0.03000 215.0 0.01243 0 -20.000 -0.250 -20.000 -0.000 0 NA
220.00 0.03000 220.0 0.01334 0 -20.000 -0.250 -20.000 -0.000 0 NA
225.00 0.03000 225.0 0.01426 0 -20.000 -0.250 -20.000 -0.000 0 NA
230.00 0.03000 230.1 0.01521 0 -20.000 -0.250 -20.000 -0.000 0 NA
235.00 0.03000 235.0 0.01618 0 -20.000 -0.250 -20.000 -0.000 0 NA
240.00 0.03000 240.1 0.01717 0 -20.000 -0.250 -20.000 -0.000 0 NA
245.00 0.03000 245.0 0.01817 0 -20.000 -0.250 -20.000 -0.000 0 NA
250.00 0.03000 250.1 0.01918 0 -20.000 -0.250 -20.000 -0.000 0 NA
255.00 0.03000 255.0 0.02022 0 -20.000 -0.250 -20.000 -0.000 0 NA
260.00 0.03000 260.1 0.02127 0 -20.000 -0.250 -20.000 -0.000 0 NA
265.00 0.03000 265.0 0.02232 0 -20.000 -0.250 -20.000 -0.000 0 NA
270.00 0.03000 270.0 0.02340 0 -20.000 -0.250 -20.000 -0.000 0 NA
275.00 0.03000 275.0 0.02449 0 -20.000 -0.250 -20.000 -0.000 0 NA
280.00 0.03000 280.1 0.02560 0 -20.000 -0.250 -20.000 -0.000 0 NA
285.00 0.03000 285.0 0.02671 0 -20.000 -0.250 -20.000 -0.000 0 NA
290.00 0.03000 290.0 0.02784 0 -20.000 -0.250 -20.000 -0.000 0 NA
295.00 0.03000 295.0 0.02898 0 -20.000 -0.250 -20.000 -0.000 0 NA
300.00 0.03000 300.0 0.03013 1 -20.000 -0.250 -20.000 -0.000 0 NA
0.00 0.03000 0.1 0.00000 0 -25.000 -0.200 -25.000 -0.000 0 NA
5.00 0.03000 5.0 0.00000 0 -25.000 -0.200 -25.000 -0.000 0 NA
10.00 0.03000 10.0 0.00000 0 -25.000 -0.200 -25.000 -0.000 0 NA
15.00 0.03000 15.0 0.00000 0 -25.000 -0.200 -25.000 -0.000 0 NA
20.00 0.03000 20.0 0.00000 0 -25.000 -0.200 -25.000 -0.000 0 NA
25.00 0.03000 25.0 0.00000 0 -25.000 -0.200 -25.000 -0.000 0 NA
30.00 0.03000 30.0 0.00000 0 -25.000 -0.200 -25.000 -0.000 0 NA
35.00 0.03000 35.0 0.00000 0 -25.000 -0.200 -25.000 -0.000 0 NA
40.00 0.03000 40.0 0.00000 0 -25.000 -0.200 -25.000 -0.000 0 NA
45.00 0.03000 45.0 0.00000 0 -25.000 -0.200 -25.000 -0.000 0 NA
50.00 0.03000 50.0 0.00000 0 -25.000 -0.200 -25.000 -0.000 0 NA
55.00 0.03000 55.0 0.00000 0 -25.000 -0.200 -25.000 -0.000 0 NA
60.00 0.03000 60.0 0.00000 0 -25.000 -0.200 -25.000 -0.000 0 NA
65.00 0.03000 65.0 0.00000 0 -25.000 -0.200 -25.000 -0.000 0 NA
70.00 0.03000 70.0 0.00000 0 -25.000 -0.200 -25.000 -0.000 0 NA
75.00 0.03000 75.0 0.00000 0 -25.000 -0.200 -25.000 -0.000 0 NA
80.00 0.03000 80.0 0.00000 0 -25.000 -0.200 -25.000 -0.000 0 NA
85.00 0.03000 85.0 0.00000 0 -25.000 -0.200 -25.000 -0.000 0 NA
90.00 0.03000 90.0 0.00000 0 -25.000 -0.200 -25.000 -0.000 0 NA
95.00 0.03000 95.0 0.00000 0 -25.000 -0.200 -25.000 -0.000 0 NA
100.00 0.03000 100.0 0.00000 0 -25.000 -0.200 -25.000 -0.000 0 NA
105.00 0.03000 105.0 0.00000 0 -25.000 -0.200 -25.000 -0.000 0 NA
110.00 0.03000 110.0 0.00000 0 -25.000 -0.200 -25.000 -0.000 0 NA
115.00 0.03000 115.0 0.00000 0 -25.000 -0.200 -25.000 -0.000 0 NA
120.00 0.03000 120.0 0.00000 0 -25.000 -0.200 -25.000 -0.000 0 NA
125.00 0.03000 125.0 0.00005 0 -25.000 -0.200 -25.000 -0.000 0 NA
130.00 0.03000 130.0 0.00007 0 -25.000 -0.200 -25.000 -0.000 0 NA
135.00 0.03000 135.0 0.00013 0 -25.000 -0.200 -25.000 -0.000 0 NA
140.00 0.03000 140.0 0.00021 0 -25.000 -0.200 -25.000 -0.000 0 NA
145.00 0.03000 145.0 0.00032 0 -25.000 -0.200 -25.000 -0.000 0 NA
150.00 0.03000 150.0 0.00046 0 -25.000 -0.200 -25.000 -0.000 0 NA
155.00 0.03000 155.0 0.00064 0 -25.000 -0.200 -25.000 -0.000 0 NA
160.00 0.03000 160.0 0.00086 0 -25.000 -0.200 -25.000 -0.000 0 NA
165.00 0.03000 165.0 0.00113 0 -25.000 -0.200 -25.000 -0.000 0 NA
170.00 0.03000 170.0 0.00143 0 -25.000 -0.200 -25.000 -0.000 0 NA
175.00 0.03000 175.0 0.00177 0 -25.000 -0.200 -25.000 -0.000 0 NA
180.00 0.03000 180.0 0.00216 0 -25.000 -0.200 -25.000 -0.000 0 NA
185.00 0.03000 185.0 0.00258 0 -25.000 -0.200 -25.000 -0.000 0 NA
190.00 0.03000 190.0 0.00305 0 -25.000 -0.200 -25.000 -0.000 0 NA
195.00 0.03000 195.0 0.00356 0 -25.000 -0.200 -25.000 -0.000 0 NA
200.00 0.03000 200.0 0.00411 0 -25.000 -0.200 -25.000 -0.000 0 NA
205.00 0.03000 205.0 0.00471 0 -25.000 -0.200 -25.000 -0.000 0 NA
210.00 0.03000 210.0 0.00534 0 -25.000 -0.200 -25.000 -0.000 0 NA
215.00 0.03000 215.0 0.00602 0 -25.000 -0.200 -25.000 -0.000 0 NA
220.00 0.03000 220.0 0.00672 0 -25.000 -0.200 -25.000 -0.000 0 NA
225.00 0.03000 225.0 0.00745 0 -25.000 -0.200 -25.000 -0.000 0 NA
230.00 0.03000 230.0 0.00821 0 -25.000 -0.200 -25.000 -0.000 0 NA
235.00 0.03000 235.0 0.00899 0 -25.000 -0.200 -25.000 -0.000 0 NA
240.00 0.03000 240.1 0.00980 0 -25.000 -0.200 -25.000 -0.000 0 NA
245.00 0.03000 245.0 0.01064 0 -25.000 -0.200 -25.000 -0.000 0 NA
250.00 0.03000 250.1 0.01150 0 -25.000 -0.200 -25.000 -0.000 0 NA
255.00 0.03000 255.0 0.01238 0 -25.000 -0.200 -25.000 -0.000 0 NA
260.00 0.03000 260.1 0.01329 0 -25.000 -0.200 -25.000 -0.000 0 NA
265.00 0.03000 265.0 0.01421 0 -25.000 -0.200 -25.000 -0.000 0 NA
270.00 0.03000 270.0 0.01516 0 -25.000 -0.200 -25.000 -0.000 0 NA
275.00 0.03000 275.0 0.01612 0 -25.000 -0.200 -25.000 -0.000 0 NA
280.00 0.03000 280.1 0.01710 0 -25.000 -0.200 -25.000 -0.000 0 NA
285.00 0.03000 285.0 0.01810 0 -25.000 -0.200 -25.000 -0.000 0 NA
290.00 0.03000 290.0 0.01912 0 -25.000 -0.200 -25.000 -0.000 0 NA
295.00 0.03000 295.0 0.02015 0 -25.000 -0.200 -25.000 -0.000 0 NA
300.00 0.03000 300.0 0.02120 0 -25.000 -0.200 -25.000 -0.000 0 NA
305.00 0.03000 305.0 0.02227 0 -25.000 -0.200 -25.000 -0.000 0 NA
310.00 0.03000 310.0 0.02335 0 -25.000 -0.200 -25.000 -0.000 0 NA
315.00 0.03000 315.0 0.02443 0 -25.000 -0.200 -25.000 -0.000 0 NA
320.00 0.03000 320.0 0.02554 0 -25.000 -0.200 -25.000 -0.000 0 NA
325.00 0.03000 325.0 0.02666 0 -25.000 -0.200 -25.000 -0.000 0 NA
330.00 0.03000 330.0 0.02779 0 -25.000 -0.200 -25.000 -0.000 0 NA
335.00 0.03000 335.0 0.02893 0 -25.000 -0.200 -25.000 -0.000 0 NA
340.00 0.03000 340.0 0.03009 1 -25.000 -0.200 -25.000 -0.000 0 NA
0.00 0.03000 0.1 0.00000 0 -30.000 -0.167 -30.000 -0.000 0 NA
5.00 0.03000 5.0 0.00000 0 -30.000 -0.167 -30.000 -0.000 0 NA
10.00 0.03000 10.0 0.00000 0 -30.000 -0.167 -30.000 -0.000 0 NA
15.00 0.03000 15.0 0.00000 0 -30.000 -0.167 -30.000 -0.000 0 NA
20.00 0.03000 20.0 0.00000 0 -30.000 -0.167 -30.000 -0.000 0 NA
25.00 0.03000 25.0 0.00000 0 -30.000 -0.167 -30.000 -0.000 0 NA
30.00 0.03000 30.0 0.00000 0 -30.000 -0.167 -30.000 -0.000 0 NA
35.00 0.03000 35.0 0.00000 0 -30.000 -0.167 -30.000 -0.000 0 NA
40.00 0.03000 40.0 0.00000 0 -30.000 -0.167 -30.000 -0.000 0 NA
45.00 0.03000 45.0 0.00000 0 -30.000 -0.167 -30.000 -0.000 0 NA
50.00 0.03000 50.0 0.00000 0 -30.000 -0.167 -30.000 -0.000 0 NA
55.00 0.03000 55.0 0.00000 0 -30.000 -0.167 -30.000 -0.000 0 NA
60.00 0.03000 60.0 0.00000 0 -30.000 -0.167 -30.000 -0.000 0 NA
65.00 0.03000 65.0 0.00000 0 -30.000 -0.167 -30.000 -0.000 0 NA
70.00 0.03000 70.0 0.00000 0 -30.000 -0.167 -30.000 -0.000 0 NA
75.00 0.03000 75.0 0.00000 0 -30.000 -0.167 -30.000 -0.000 0 NA
80.00 0.03000 80.0 0.00000 0 -30.000 -0.167 -30.000 -0.000 0 NA
85.00 0.03000 85.0 0.00000 0 -30.000 -0.167 -30.000 -0.000 0 NA
90.00 0.03000 90.0 0.00000 0 -30.000 -0.167 -30.000 -0.000 0 NA
95.00 0.03000 95.0 0.00000 0 -30.000 -0.167 -30.000 -0.000 0 NA
100.00 0.03000 100.0 0.00000 0 -30.000 -0.167 -30.000 -0.000 0 NA
105.00 0.03000 105.0 0.00000 0 -30.000 -0.167 -30.000 -0.000 0 NA
110.00 0.03000 110.0 0.00000 0 -30.000 -0.167 -30.000 -0.000 0 NA
115.00 0.03000 115.0 0.00000 0 -30.000 -0.167 -30.000 -0.000 0 NA
120.00 0.03000 120.0 0.00000 0 -30.000 -0.167 -30.000 -0.000 0 NA
125.00 0.03000 125.0 0.00000 0 -30.000 -0.167 -30.000 -0.000 0 NA
130.00 0.03000 130.0 0.00000 0 -30.000 -0.167 -30.000 -0.000 0 NA
135.00 0.03000 135.0 0.00000 0 -30.000 -0.167 -30.000 -0.000 0 NA
140.00 0.03000 140.0 0.00000 0 -30.000 -0.167 -30.000 -0.000 0 NA
145.00 0.03000 145.0 0.00000 0 -30.000 -0.167 -30.000 -0.000 0 NA
150.00 0.03000 150.0 0.00000 0 -30.000 -0.167 -30.000 -0.000 0 NA
155.00 0.03000 155.0 0.00000 0 -30.000 -0.167 -30.000 -0.000 0 NA
160.00 0.03000 160.0 0.00000 0 -30.000 -0.167 -30.000 -0.000 0 NA
165.00 0.03000 165.0 0.00005 0 -30.000 -0.167 -30.000 -0.000 0 NA
170.00 0.03000 170.0 0.00008 0 -30.000 -0.167 -30.000 -0.000 0 NA
175.00 0.03000 175.0 0.00014 0 -30.000 -0.167 -30.000 -0.000 0 NA
180.00 0.03000 180.0 0.00021 0 -30.000 -0.167 -30.000 -0.000 0 NA
185.00 0.03000 185.0 0.00033 0 -30.000 -0.167 -30.000 -0.000 0 NA
190.00 0.03000 190.0 0.00048 0 -30.000 -0.167 -30.000 -0.000 0 NA
195.00 0.03000 195.0 0.00066 0 -30.000 -0.167 -30.000 -0.000 0 NA
200.00 0.03000 200.0 0.00088 0 -30.000 -0.167 -30.000 -0.000 0 NA
205.00 0.03000 205.0 0.00114 0 -30.000 -0.167 -30.000 -0.000 0 NA
210.00 0.03000 210.0 0.00144 0 -30.000 -0.167 -30.000 -0.000 0 NA
215.00 0.03000 215.0 0.00178 0 -30.000 -0.167 -30.000 -0.000 0 NA
220.00 0.03000 220.0 0.00217 0 -30.000 -0.167 -30.000 -0.000 0 NA
225.00 0.03000 225.0 0.00260 0 -30.000 -0.167 -30.000 -0.000 0 NA
230.00 0.03000 230.1 0.00306 0 -30.000 -0.167 -30.000 -0.000 0 NA
235.00 0.03000 235.0 0.00357 0 -30.000 -0.167 -30.000 -0.000 0 NA
240.00 0.03000 240.1 0.00412 0 -30.000 -0.167 -30.000 -0.000 0 NA
245.00 0.03000 245.0 0.00471 0 -30.000 -0.167 -30.000 -0.000 0 NA
250.00 0.03000 250.1 0.00534 0 -30.000 -0.167 -30.000 -0.000 0 NA
255.00 0.03000 255.0 0.00601 0 -30.000 -0.167 -30.000 -0.000 0 NA
260.00 0.03000 260.1 0.00670 0 -30.000 -0.167 -30.000 -0.000 0 NA
265.00 0.03000 265.0 0.00743 0 -30.000 -0.167 -30.000 -0.000 0 NA
270.00 0.03000 270.0 0.00818 0 -30.000 -0.167 -30.000 -0.000 0 NA
275.00 0.03000 275.0 0.00896 0 -30.000 -0.167 -30.000 -0.000 0 NA
280.00 0.03000 280.1 0.00977 0 -30.000 -0.167 -30.000 -0.000 0 NA
285.00 0.03000 285.0 0.01060 0 -30.000 -0.167 -30.000 -0.000 0 NA
290.00 0.03000 290.0 0.01146 0 -30.000 -0.167 -30.000 -0.000 0 NA
295.00 0.03000 295.0 0.01234 0 -30.000 -0.167 -30.000 -0.000 0 NA
300.00 0.03000 300.0 0.01324 0 -30.000 -0.167 -30.000 -0.000 0 NA
305.00 0.03000 305.0 0.01417 0 -30.000 -0.167 -30.000 -0.000 0 NA
310.00 0.03000 310.0 0.01511 0 -30.000 -0.167 -30.000 -0.000 0 NA
315.00 0.03000 315.0 0.01608 0 -30.000 -0.167 -30.000 -0.000 0 NA
320.00 0.03000 320.0 0.01705 0 -30.000 -0.167 -30.000 -0.000 0 NA
325.00 0.03000 325.0 0.01805 0 -30.000 -0.167 -30.000 -0.000 0 NA
330.00 0.03000 330.0 0.01907 0 -30.000 -0.167 -30.000 -0.000 0 NA
335.00 0.03000 335.0 0.02010 0 -30.000 -0.167 -30.000 -0.000 0 NA
340.00 0.03000 340.0 0.02115 0 -30.000 -0.167 -30.000 -0.000 0 NA
345.00 0.03000 345.0 0.02221 0 -30.000 -0.167 -30.000 -0.000 0 NA
350.00 0.03000 350.0 0.02329 0 -30.000 -0.167 -30.000 -0.000 0 NA
355.00 0.03000 355.0 0.02439 0 -30.000 -0.167 -30.000 -0.000 0 NA
360.00 0.03000 360.0 0.02549 0 -30.000 -0.167 -30.000 -0.000 0 NA
365.00 0.03000 365.0 0.02661 0 -30.000 -0.167 -30.000 -0.000 0 NA
370.00 0.03000 370.0 0.02775 0 -30.000 -0.167 -30.000 -0.000 0 NA
375.00 0.03000 375.0 0.02888 0 -30.000 -0.167 -30.000 -0.000 0 NA
380.00 0.03000 380.0 0.03005 1 -30.000 -0.167 -30.000 -0.000 0 NA
0.00 0.03000 0.1 0.00000 0 -35.000 -0.143 -35.000 -0.000 0 NA
5.00 0.03000 5.0 0.00000 0 -35.000 -0.143 -35.000 -0.000 0 NA
10.00 0.03000 10.0 0.00000 0 -35.000 -0.143 -35.000 -0.000 0 NA
15.00 0.03000 15.0 0.00000 0 -35.000 -0.143 -35.000 -0.000 0 NA
20.00 0.03000 20.0 0.00000 0 -35.000 -0.143 -35.000 -0.000 0 NA
25.00 0.03000 25.0 0.00000 0 -35.000 -0.143 -35.000 -0.000 0 NA
30.00 0.03000 30.0 0.00000 0 -35.000 -0.143 -35.000 -0.000 0 NA
35.00 0.03000 35.0 0.00000 0 -35.000 -0.143 -35.000 -0.000 0 NA
40.00 0.03000 40.0 0.00000 0 -35.000 -0.143 -35.000 -0.000 0 NA
45.00 0.03000 45.0 0.00000 0 -35.000 -0.143 -35.000 -0.000 0 NA
50.00 0.03000 50.0 0.00000 0 -35.000 -0.143 -35.000 -0.000 0 NA
55.00 0.03000 55.0 0.00000 0 -35.000 -0.143 -35.000 -0.000 0 NA
60.00 0.03000 60.0 0.00000 0 -35.000 -0.143 -35.000 -0.000 0 NA
65.00 0.03000 65.0 0.00000 0 -35.000 -0.143 -35.000 -0.000 0 NA
70.00 0.03000 70.0 0.00000 0 -35.000 -0.143 -35.000 -0.000 0 NA
75.00 0.03000 75.0 0.00000 0 -35.000 -0.143 -35.000 -0.000 0 NA
80.00 0.03000 80.0 0.00000 0 -35.000 -0.143 -35.000 -0.000 0 NA
85.00 0.03000 85.0 0.00000 0 -35.000 -0.143 -35.000 -0.000 0 NA
90.00 0.03000 90.0 0.00000 0 -35.000 -0.143 -35.000 -0.000 0 NA
95.00 0.03000 95.0 0.00000 0 -35.000 -0.143 -35.000 -0.000 0 NA
100.00 0.03000 100.0 0.00000 0 -35.000 -0.143 -35.000 -0.000 0 NA
105.00 0.03000 105.0 0.00000 0 -35.000 -0.143 -35.000 -0.000 0 NA
110.00 0.03000 110.0 0.00000 0 -35.000 -0.143 -35.000 -0.000 0 NA
115.00 0.03000 115.0 0.00000 0 -35.000 -0.143 -35.000 -0.000 0 NA
120.00 0.03000 120.0 0.00000 0 -35.000 -0.143 -35.000 -0.000 0 NA
125.00 0.03000 125.0 0.00000 0 -35.000 -0.143 -35.000 -0.000 0 NA
130.00 0.03000 130.0 0.00000 0 -35.000 -0.143 -35.000 -0.000 0 NA
135.00 0.03000 135.0 0.00000 0 -35.000 -0.143 -35.000 -0.000 0 NA
140.00 0.03000 140.0 0.00000 0 -35.000 -0.143 -35.000 -0.000 0 NA
145.00 0.03000 145.0 0.00000 0 -35.000 -0.143 -35.000 -0.000 0 NA
150.00 0.03000 150.0 0.00000 0 -35.000 -0.143 -35.000 -0.000 0 NA
155.00 0.03000 155.0 0.00000 0 -35.000 -0.143 -35.000 -0.000 0 NA
160.00 0.03000 160.0 0.00000 0 -35.000 -0.143 -35.000 -0.000 0 NA
165.00 0.03000 165.0 0.00000 0 -35.000 -0.143 -35.000 -0.000 0 NA
170.00 0.03000 170.0 0.00000 0 -35.000 -0.143 -35.000 -0.000 0 NA
175.00 0.03000 175.0 0.00000 0 -35.000 -0.143 -35.000 -0.000 0 NA
180.00 0.03000 180.0 0.00000 0 -35.000 -0.143 -35.000 -0.000 0 NA
185.00 0.03000 185.0 0.00000 0 -35.000 -0.143 -35.000 -0.000 0 NA
190.00 0.03000 190.0 0.00000 0 -35.000 -0.143 -35.000 -0.000 0 NA
195.00 0.03000 195.0 0.00000 0 -35.000 -0.143 -35.000 -0.000 0 NA
200.00 0.03000 200.0 0.00000 0 -35.000 -0.143 -35.000 -0.000 0 NA
205.00 0.03000 205.0 0.00006 0 -35.000 -0.143 -35.000 -0.000 0 NA
210.00 0.03000 210.0 0.00009 0 -35.000 -0.143 -35.000 -0.000 0 NA
215.00 0.03000 215.0 0.00015 0 -35.000 -0.143 -35.000 -0.000 0 NA
220.00 0.03000 220.0 0.00023 0 -35.000 -0.143 -35.000 -0.000 0 NA
225.00 0.03000 225.0 0.00035 0 -35.000 -0.143 -35.000 -0.000 0 NA
230.00 0.03000 230.1 0.00049 0 -35.000 -0.143 -35.000 -0.000 0 NA
235.00 0.03000 235.0 0.00068 0 -35.000 -0.143 -35.000 -0.000 0 NA
240.00 0.03000 240.1 0.00090 0 -35.000 -0.143 -35.000 -0.000 0 NA
245.00 0.03000 245.0 0.00116 0 -35.000 -0.143 -35.000 -0.000 0 NA
250.00 0.03000 250.1 0.00147 0 -35.000 -0.143 -35.000 -0.000 0 NA
255.00 0.03000 255.0 0.00181 0 -35.000 -0.143 -35.000 -0.000 0 NA
260.00 0.03000 260.1 0.00220 0 -35.000 -0.143 -35.000 -0.000 0 NA
265.00 0.03000 265.0 0.00262 0 -35.000 -0.143 -35.000 -0.000 0 NA
270.00 0.03000 270.0 0.00308 0 -35.000 -0.143 -35.000 -0.000 0 NA
275.00 0.03000 275.0 0.00359 0 -35.000 -0.143 -35.000 -0.000 0 NA
280.00 0.03000 280.1 0.00414 0 -35.000 -0.143 -35.000 -0.000 0 NA
285.00 0.03000 285.0 0.00472 0 -35.000 -0.143 -35.000 -0.000 0 NA
290.00 0.03000 290.0 0.00535 0 -35.000 -0.143 -35.000 -0.000 0 NA
295.00 0.03000 295.0 0.00600 0 -35.000 -0.143 -35.000 -0.000 0 NA
300.00 0.03000 300.0 0.00669 0 -35.000 -0.143 -35.000 -0.000 0 NA
305.00 0.03000 305.0 0.00741 0 -35.000 -0.143 -35.000 -0.000 0 NA
310.00 0.03000 310.0 0.00816 0 -35.000 -0.143 -35.000 -0.000 0 NA
315.00 0.03000 315.0 0.00894 0 -35.000 -0.143 -35.000 -0.000 0 NA
320.00 0.03000 320.0 0.00975 0 -35.000 -0.143 -35.000 -0.000 0 NA
325.00 0.03000 325.0 0.01057 0 -35.000 -0.143 -35.000 -0.000 0 NA
330.00 0.03000 330.0 0.01143 0 -35.000 -0.143 -35.000 -0.000 0 NA
335.00 0.03000 335.0 0.01231 0 -35.000 -0.143 -35.000 -0.000 0 NA
340.00 0.03000 340.0 0.01321 0 -35.000 -0.143 -35.000 -0.000 0 NA
345.00 0.03000 345.0 0.01413 0 -35.000 -0.143 -35.000 -0.000 0 NA
350.00 0.03000 350.0 0.01507 0 -35.000 -0.143 -35.000 -0.000 0 NA
355.00 0.03000 355.0 0.01604 0 -35.000 -0.143 -35.000 -0.000 0 NA
360.00 0.03000 360.0 0.01702 0 -35.000 -0.143 -35.000 -0.000 0 NA
365.00 0.03000 365.0 0.01802 0 -35.000 -0.143 -35.000 -0.000 0 NA
370.00 0.03000 370.0 0.01903 0 -35.000 -0.143 -35.000 -0.000 0 NA
375.00 0.03000 375.0 0.02007 0 -35.000 -0.143 -35.000 -0.000 0 NA
380.00 0.03000 380.0 0.02111 0 -35.000 -0.143 -35.000 -0.000 0 NA
385.00 0.03000 385.0 0.02218 0 -35.000 -0.143 -35.000 -0.000 0 NA
390.00 0.03000 390.0 0.02326 0 -35.000 -0.143 -35.000 -0.000 0 NA
395.00 0.03000 395.0 0.02435 0 -35.000 -0.143 -35.000 -0.000 0 NA
400.00 0.03000 400.0 0.02547 0 -35.000 -0.143 -35.000 -0.000 0 NA
405.00 0.03000 405.0 0.02660 0 -35.000 -0.143 -35.000 -0.000 0 NA
410.00 0.03000 410.0 0.02773 0 -35.000 -0.143 -35.000 -0.000 0 NA
415.00 0.03000 415.0 0.02887 0 -35.000 -0.143 -35.000 -0.000 0 NA
420.00 0.03000 420.0 0.03002 1 -35.000 -0.143 -35.000 -0.000 0 NA
0.00 0.03000 0.1 0.00000 0 -40.000 -0.125 -40.000 -0.000 0 NA
5.00 0.03000 5.0 0.00000 0 -40.000 -0.125 -40.000 -0.000 0 NA
10.00 0.03000 10.0 0.00000 0 -40.000 -0.125 -40.000 -0.000 0 NA
15.00 0.03000 15.0 0.00000 0 -40.000 -0.125 -40.000 -0.000 0 NA
20.00 0.03000 20.0 0.00000 0 -40.000 -0.125 -40.000 -0.000 0 NA
25.00 0.03000 25.0 0.00000 0 -40.000 -0.125 -40.000 -0.000 0 NA
30.00 0.03000 30.0 0.00000 0 -40.000 -0.125 -40.000 -0.000 0 NA
35.00 0.03000 35.0 0.00000 0 -40.000 -0.125 -40.000 -0.000 0 NA
40.00 0.03000 40.0 0.00000 0 -40.000 -0.125 -40.000 -0.000 0 NA
45.00 0.03000 45.0 0.00000 0 -40.000 -0.125 -40.000 -0.000 0 NA
50.00 0.03000 50.0 0.00000 0 -40.000 -0.125 -40.000 -0.000 0 NA
55.00 0.03000 55.0 0.00000 0 -40.000 -0.125 -40.000 -0.000 0 NA
60.00 0.03000 60.0 0.00000 0 -40.000 -0.125 -40.000 -0.000 0 NA
65.00 0.03000 65.0 0.00000 0 -40.000 -0.125 -40.000 -0.000 0 NA
70.00 0.03000 70.0 0.00000 0 -40.000 -0.125 -40.000 -0.000 0 NA
75.00 0.03000 75.0 0.00000 0 -40.000 -0.125 -40.000 -0.000 0 NA
80.00 0.03000 80.0 0.00000 0 -40.000 -0.125 -40.000 -0.000 0 NA
85.00 0.03000 85.0 0.00000 0 -40.000 -0.125 -40.000 -0.000 0 NA
90.00 0.03000 90.0 0.00000 0 -40.000 -0.125 -40.000 -0.000 0 NA
95.00 0.03000 95.0 0.00000 0 -40.000 -0.125 -40.000 -0.000 0 NA
100.00 0.03000 100.0 0.00000 0 -40.000 -0.125 -40.000 -0.000 0 NA
105.00 0.03000 105.0 0.00000 0 -40.000 -0.125 -40.000 -0.000 0 NA
110.00 0.03000 110.0 0.00000 0 -40.000 -0.125 -40.000 -0.000 0 NA
115.00 0.03000 115.0 0.00000 0 -40.000 -0.125 -40.000 -0.000 0 NA
120.00 0.03000 120.0 0.00000 0 -40.000 -0.125 -40.000 -0.000 0 NA
125.00 0.03000 125.0 0.00000 0 -40.000 -0.125 -40.000 -0.000 0 NA
130.00 0.03000 130.0 0.00000 0 -40.000 -0.125 -40.000 -0.000 0 NA
135.00 0.03000 135.0 0.00000 0 -40.000 -0.125 -40.000 -0.000 0 NA
140.00 0.03000 140.0 0.00000 0 -40.000 -0.125 -40.000 -0.000 0 NA
145.00 0.03000 145.0 0.00000 0 -40.000 -0.125 -40.000 -0.000 0 NA
150.00 0.03000 150.0 0.00000 0 -40.000 -0.125 -40.000 -0.000 0 NA
155.00 0.03000 155.0 0.00000 0 -40.000 -0.125 -40.000 -0.000 0 NA
160.00 0.03000 160.0 0.00000 0 -40.000 -0.125 -40.000 -0.000 0 NA
165.00 0.03000 165.0 0.00000 0 -40.000 -0.125 -40.000 -0.000 0 NA
170.00 0.03000 170.0 0.00000 0 -40.000 -0.125 -40.000 -0.000 0 NA
175.00 0.03000 175.0 0.00000 0 -40.000 -0.125 -40.000 -0.000 0 NA
180.00 0.03000 180.0 0.00000 0 -40.000 -0.125 -40.000 -0.000 0 NA
185.00 0.03000 185.0 0.00000 0 -40.000 -0.125 -40.000 -0.000 0 NA
190.00 0.03000 190.0 0.00000 0 -40.000 -0.125 -40.000 -0.000 0 NA
195.00 0.03000 195.0 0.00000 0 -40.000 -0.125 -40.000 -0.000 0 NA
200.00 0.03000 200.0 0.00000 0 -40.000 -0.125 -40.000 -0.000 0 NA
205.00 0.03000 205.0 0.00000 0 -40.000 -0.125 -40.000 -0.000 0 NA
210.00 0.03000 210.0 0.00000 0 -40.000 -0.125 -40.000 -0.000 0 NA
215.00 0.03000 215.0 0.00000 0 -40.000 -0.125 -40.000 -0.000 0 NA
220.00 0.03000 220.0 0.00000 0 -40.000 -0.125 -40.000 -0.000 0 NA
225.00 0.03000 225.0 0.00000 0 -40.000 -0.125 -40.000 -0.000 0 NA
230.00 0.03000 230.1 0.00000 0 -40.000 -0.125 -40.000 -0.000 0 NA
235.00 0.03000 235.0 0.00000 0 -40.000 -0.125 -40.000 -0.000 0 NA
240.00 0.03000 240.1 0.00000 0 -40.000 -0.125 -40.000 -0.000 0 NA
245.00 0.03000 245.0 0.00007 0 -40.000 -0.125 -40.000 -0.000 0 NA
250.00 0.03000 250.1 0.00010 0 -40.000 -0.125 -40.000 -0.000 0 NA
255.00 0.03000 255.0 0.00016 0 -40.000 -0.125 -40.000 -0.000 0 NA
260.00 0.03000 260.1 0.00025 0 -40.000 -0.125 -40.000 -0.000 0 NA
265.00 0.03000 265.0 0.00036 0 -40.000 -0.125 -40.000 -0.000 0 NA
270.00 0.03000 270.0 0.00051 0 -40.000 -0.125 -40.000 -0.000 0 NA
275.00 0.03000 275.0 0.00071 0 -40.000 -0.125 -40.000 -0.000 0 NA
280.00 0.03000 280.1 0.00092 0 -40.000 -0.125 -40.000 -0.000 0 NA
285.00 0.03000 285.0 0.00119 0 -40.000 -0.125 -40.000 -0.000 0 NA
290.00 0.03000 290.0 0.00149 0 -40.000 -0.125 -40.000 -0.000 0 NA
295.00 0.03000 295.0 0.00183 0 -40.000 -0.125 -40.000 -0.000 0 NA
300.00 0.03000 300.0 0.00221 0 -40.000 -0.125 -40.000 -0.000 0 NA
305.00 0.03000 305.0 0.00264 0 -40.000 -0.125 -40.000 -0.000 0 NA
310.00 0.03000 310.0 0.00311 0 -40.000 -0.125 -40.000 -0.000 0 NA
315.00 0.03000 315.0 0.00362 0 -40.000 -0.125 -40.000 -0.000 0 NA
320.00 0.03000 320.0 0.00416 0 -40.000 -0.125 -40.000 -0.000 0 NA
325.00 0.03000 325.0 0.00474 0 -40.000 -0.125 -40.000 -0.000 0 NA
330.00 0.03000 330.0 0.00536 0 -40.000 -0.125 -40.000 -0.000 0 NA
335.00 0.03000 335.0 0.00601 0 -40.000 -0.125 -40.000 -0.000 0 NA
340.00 0.03000 340.0 0.00670 0 -40.000 -0.125 -40.000 -0.000 0 NA
345.00 0.03000 345.0 0.00741 0 -40.000 -0.125 -40.000 -0.000 0 NA
350.00 0.03000 350.0 0.00816 0 -40.000 -0.125 -40.000 -0.000 0 NA
355.00 0.03000 355.0 0.00893 0 -40.000 -0.125 -40.000 -0.000 0 NA
360.00 0.03000 360.0 0.00973 0 -40.000 -0.125 -40.000 -0.000 0 NA
365.00 0.03000 365.0 0.01056 0 -40.000 -0.125 -40.000 -0.000 0 NA
370.00 0.03000 370.0 0.01141 0 -40.000 -0.125 -40.000 -0.000 0 NA
375.00 0.03000 375.0 0.01228 0 -40.000 -0.125 -40.000 -0.000 0 NA
380.00 0.03000 380.0 0.01319 0 -40.000 -0.125 -40.000 -0.000 0 NA
385.00 0.03000 385.0 0.01410 0 -40.000 -0.125 -40.000 -0.000 0 NA
390.00 0.03000 390.0 0.01504 0 -40.000 -0.125 -40.000 -0.000 0 NA
395.00 0.03000 395.0 0.01601 0 -40.000 -0.125 -40.000 -0.000 0 NA
400.00 0.03000 400.0 0.01699 0 -40.000 -0.125 -40.000 -0.000 0 NA
405.00 0.03000 405.0 0.01799 0 -40.000 -0.125 -40.000 -0.000 0 NA
410.00 0.03000 410.0 0.01901 0 -40.000 -0.125 -40.000 -0.000 0 NA
415.00 0.03000 415.0 0.02003 0 -40.000 -0.125 -40.000 -0.000 0 NA
420.00 0.03000 420.0 0.02108 0 -40.000 -0.125 -40.000 -0.000 0 NA
425.00 0.03000 425.0 0.02215 0 -40.000 -0.125 -40.000 -0.000 0 NA
430.00 0.03000 430.0 0.02323 0 -40.000 -0.125 -40.000 -0.000 0 NA
435.00 0.03000 435.0 0.02433 0 -40.000 -0.125 -40.000 -0.000 0 NA
440.00 0.03000 440.0 0.02543 0 -40.000 -0.125 -40.000 -0.000 0 NA
445.00 0.03000 445.0 0.02656 0 -40.000 -0.125 -40.000 -0.000 0 NA
450.00 0.03000 450.0 0.02770 0 -40.000 -0.125 -40.000 -0.000 0 NA
0.00 0.03000 0.1 0.00000 0 -45.000 -0.111 -45.000 -0.000 0 NA
5.00 0.03000 5.0 0.00000 0 -45.000 -0.111 -45.000 -0.000 0 NA
10.00 0.03000 10.0 0.00000 0 -45.000 -0.111 -45.000 -0.000 0 NA
15.00 0.03000 15.0 0.00000 0 -45.000 -0.111 -45.000 -0.000 0 NA
20.00 0.03000 20.0 0.00000 0 -45.000 -0.111 -45.000 -0.000 0 NA
25.00 0.03000 25.0 0.00000 0 -45.000 -0.111 -45.000 -0.000 0 NA
30.00 0.03000 30.0 0.00000 0 -45.000 -0.111 -45.000 -0.000 0 NA
35.00 0.03000 35.0 0.00000 0 -45.000 -0.111 -45.000 -0.000 0 NA
40.00 0.03000 40.0 0.00000 0 -45.000 -0.111 -45.000 -0.000 0 NA
45.00 0.03000 45.0 0.00000 0 -45.000 -0.111 -45.000 -0.000 0 NA
50.00 0.03000 50.0 0.00000 0 -45.000 -0.111 -45.000 -0.000 0 NA
55.00 0.03000 55.0 0.00000 0 -45.000 -0.111 -45.000 -0.000 0 NA
60.00 0.03000 60.0 0.00000 0 -45.000 -0.111 -45.000 -0.000 0 NA
65.00 0.03000 65.0 0.00000 0 -45.000 -0.111 -45.000 -0.000 0 NA
70.00 0.03000 70.0 0.00000 0 -45.000 -0.111 -45.000 -0.000 0 NA
75.00 0.03000 75.0 0.00000 0 -45.000 -0.111 -45.000 -0.000 0 NA
80.00 0.03000 80.0 0.00000 0 -45.000 -0.111 -45.000 -0.000 0 NA
85.00 0.03000 85.0 0.00000 0 -45.000 -0.111 -45.000 -0.000 0 NA
90.00 0.03000 90.0 0.00000 0 -45.000 -0.111 -45.000 -0.000 0 NA
95.00 0.03000 95.0 0.00000 0 -45.000 -0.111 -45.000 -0.000 0 NA
100.00 0.03000 100.0 0.00000 0 -45.000 -0.111 -45.000 -0.000 0 NA
105.00 0.03000 105.0 0.00000 0 -45.000 -0.111 -45.000 -0.000 0 NA
110.00 0.03000 110.0 0.00000 0 -45.000 -0.111 -45.000 -0.000 0 NA
115.00 0.03000 115.0 0.00000 0 -45.000 -0.111 -45.000 -0.000 0 NA
120.00 0.03000 120.0 0.00000 0 -45.000 -0.111 -45.000 -0.000 0 NA
125.00 0.03000 125.0 0.00000 0 -45.000 -0.111 -45.000 -0.000 0 NA
130.00 0.03000 130.0 0.00000 0 -45.000 -0.111 -45.000 -0.000 0 NA
135.00 0.03000 135.0 0.00000 0 -45.000 -0.111 -45.000 -0.000 0 NA
140.00 0.03000 140.0 0.00000 0 -45.000 -0.111 -45.000 -0.000 0 NA
145.00 0.03000 145.0 0.00000 0 -45.000 -0.111 -45.000 -0.000 0 NA
150.00 0.03000 150.0 0.00000 0 -45.000 -0.111 -45.000 -0.000 0 NA
155.00 0.03000 155.0 0.00000 0 -45.000 -0.111 -45.000 -0.000 0 NA
160.00 0.03000 160.0 0.00000 0 -45.000 -0.111 -45.000 -0.000 0 NA
165.00 0.03000 165.0 0.00000 0 -45.000 -0.111 -45.000 -0.000 0 NA
170.00 0.03000 170.0 0.00000 0 -45.000 -0.111 -45.000 -0.000 0 NA
175.00 0.03000 175.0 0.00000 0 -45.000 -0.111 -45.000 -0.000 0 NA
180.00 0.03000 180.0 0.00000 0 -45.000 -0.111 -45.000 -0.000 0 NA
185.00 0.03000 185.0 0.00000 0 -45.000 -0.111 -45.000 -0.000 0 NA
190.00 0.03000 190.0 0.00000 0 -45.000 -0.111 -45.000 -0.000 0 NA
195.00 0.03000 195.0 0.00000 0 -45.000 -0.111 -45.000 -0.000 0 NA
200.00 0.03000 200.0 0.00000 0 -45.000 -0.111 -45.000 -0.000 0 NA
205.00 0.03000 205.0 0.00000 0 -45.000 -0.111 -45.000 -0.000 0 NA
210.00 0.03000 210.0 0.00000 0 -45.000 -0.111 -45.000 -0.000 0 NA
215.00 0.03000 215.0 0.00000 0 -45.000 -0.111 -45.000 -0.000 0 NA
220.00 0.03000 220.0 0.00000 0 -45.000 -0.111 -45.000 -0.000 0 NA
225.00 0.03000 225.0 0.00000 0 -45.000 -0.111 -45.000 -0.000 0 NA
230.00 0.03000 230.1 0.00000 0 -45.000 -0.111 -45.000 -0.000 0 NA
235.00 0.03000 235.0 0.00000 0 -45.000 -0.111 -45.000 -0.000 0 NA
240.00 0.03000 240.1 0.00000 0 -45.000 -0.111 -45.000 -0.000 0 NA
245.00 0.03000 245.0 0.00000 0 -45.000 -0.111 -45.000 -0.000 0 NA
250.00 0.03000 250.1 0.00000 0 -45.000 -0.111 -45.000 -0.000 0 NA
255.00 0.03000 255.0 0.00000 0 -45.000 -0.111 -45.000 -0.000 0 NA
260.00 0.03000 260.1 0.00000 0 -45.000 -0.111 -45.000 -0.000 0 NA
265.00 0.03000 265.0 0.00000 0 -45.000 -0.111 -45.000 -0.000 0 NA
270.00 0.03000 270.0 0.00000 0 -45.000 -0.111 -45.000 -0.000 0 NA
275.00 0.03000 275.0 0.00000 0 -45.000 -0.111 -45.000 -0.000 0 NA
280.00 0.03000 280.1 0.00005 0 -45.000 -0.111 -45.000 -0.000 0 NA
285.00 0.03000 285.0 0.00007 0 -45.000 -0.111 -45.000 -0.000 0 NA
290.00 0.03000 290.0 0.00012 0 -45.000 -0.111 -45.000 -0.000 0 NA
295.00 0.03000 295.0 0.00018 0 -45.000 -0.111 -45.000 -0.000 0 NA
300.00 0.03000 300.0 0.00027 0 -45.000 -0.111 -45.000 -0.000 0 NA
305.00 0.03000 305.0 0.00038 0 -45.000 -0.111 -45.000 -0.000 0 NA
310.00 0.03000 310.0 0.00054 0 -45.000 -0.111 -45.000 -0.000 0 NA
315.00 0.03000 315.0 0.00072 0 -45.000 -0.111 -45.000 -0.000 0 NA
320.00 0.03000 320.0 0.00095 0 -45.000 -0.111 -45.000 -0.000 0 NA
325.00 0.03000 325.0 0.00121 0 -45.000 -0.111 -45.000 -0.000 0 NA
330.00 0.03000 330.0 0.00152 0 -45.000 -0.111 -45.000 -0.000 0 NA
335.00 0.03000 335.0 0.00186 0 -45.000 -0.111 -45.000 -0.000 0 NA
340.00 0.03000 340.0 0.00225 0 -45.000 -0.111 -45.000 -0.000 0 NA
345.00 0.03000 345.0 0.00268 0 -45.000 -0.111 -45.000 -0.000 0 NA
350.00 0.03000 350.0 0.00314 0 -45.000 -0.111 -45.000 -0.000 0 NA
355.00 0.03000 355.0 0.00364 0 -45.000 -0.111 -45.000 -0.000 0 NA
360.00 0.03000 360.0 0.00418 0 -45.000 -0.111 -45.000 -0.000 0 NA
365.00 0.03000 365.0 0.00476 0 -45.000 -0.111 -45.000 -0.000 0 NA
370.00 0.03000 370.0 0.00538 0 -45.000 -0.111 -45.000 -0.000 0 NA
375.00 0.03000 375.0 0.00603 0 -45.000 -0.111 -45.000 -0.000 0 NA
380.00 0.03000 380.0 0.00671 0 -45.000 -0.111 -45.000 -0.000 0 NA
385.00 0.03000 385.0 0.00742 0 -45.000 -0.111 -45.000 -0.000 0 NA
390.00 0.03000 390.0 0.00816 0 -45.000 -0.111 -45.000 -0.000 0 NA
395.00 0.03000 395.0 0.00893 0 -45.000 -0.111 -45.000 -0.000 0 NA
400.00 0.03000 400.0 0.00972 0 -45.000 -0.111 -45.000 -0.000 0 NA
405.00 0.03000 405.0 0.01056 0 -45.000 -0.111 -45.000 -0.000 0 NA
410.00 0.03000 410.0 0.01141 0 -45.000 -0.111 -45.000 -0.000 0 NA
415.00 0.03000 415.0 0.01228 0 -45.000 -0.111 -45.000 -0.000 0 NA
420.00 0.03000 420.0 0.01318 0 -45.000 -0.111 -45.000 -0.000 0 NA
425.00 0.03000 425.0 0.01409 0 -45.000 -0.111 -45.000 -0.000 0 NA
430.00 0.03000 430.0 0.01504 0 -45.000 -0.111 -45.000 -0.000 0 NA
435.00 0.03000 435.0 0.01599 0 -45.000 -0.111 -45.000 -0.000 0 NA
440.00 0.03000 440.0 0.01697 0 -45.000 -0.111 -45.000 -0.000 0 NA
445.00 0.03000 445.0 0.01797 0 -45.000 -0.111 -45.000 -0.000 0 NA
450.00 0.03000 450.0 0.01899 0 -45.000 -0.111 -45.000 -0.000 0 NA
