% * Sample: VT62_22_HYTRON_BROWNBASE
% * Date / time: 2025-03-14 11:24:39.511949
% * R2CONTROL =  NOT SPECIFIED
% Column 1:  PSU1 nominal voltage setting (V)
% Column 2:  PSU1 nominal current setting (A)
% Column 3:  PSU1 voltage measurement (V)
% Column 4:  PSU1 current measurement (I)
% Column 5:  PSU1 limiter flag
% Column 6:  PSU2 nominal voltage setting (V)
% Column 7:  PSU2 nominal current setting (A)
% Column 8:  PSU2 voltage measurement (V)
% Column 9:  PSU2 current measurement (I)
% Column 10: PSU2 limiter flag
% Column 11: Heaterblock temperature (°C)
% * OPERATING POINT AT END OF PREHEAT / IDLE: U1 = 300.1 V  I1 = 0.02000 A  U2 = -16.982 V  I2 = -0.000 A  T = NA °C
0.00 0.03000 0.1 0.00000 0 -0.000 -1.000 -1.277 -0.000 0 NA
5.00 0.03000 5.1 0.00007 0 -0.000 -1.000 -0.847 -0.000 0 NA
10.00 0.03000 10.0 0.00014 0 -0.000 -1.000 -0.648 -0.000 0 NA
15.00 0.03000 15.0 0.00026 0 -0.000 -1.000 -0.439 -0.000 0 NA
20.00 0.03000 20.0 0.00042 0 -0.000 -1.000 -0.302 -0.000 0 NA
25.00 0.03000 25.0 0.00061 0 -0.000 -1.000 -0.238 -0.000 0 NA
30.00 0.03000 30.0 0.00085 0 -0.000 -1.000 -0.170 -0.000 0 NA
35.00 0.03000 35.0 0.00113 0 -0.000 -1.000 -0.137 -0.000 0 NA
40.00 0.03000 40.0 0.00145 0 -0.000 -1.000 -0.103 -0.000 0 NA
45.00 0.03000 45.0 0.00181 0 -0.000 -1.000 -0.086 -0.000 0 NA
50.00 0.03000 50.0 0.00220 0 -0.000 -1.000 -0.067 -0.000 0 NA
55.00 0.03000 55.0 0.00265 0 -0.000 -1.000 -0.059 -0.000 0 NA
60.00 0.03000 60.0 0.00315 0 -0.000 -1.000 -0.000 -0.000 0 NA
65.00 0.03000 65.0 0.00369 0 -0.000 -1.000 -0.000 -0.000 0 NA
70.00 0.03000 70.0 0.00426 0 -0.000 -1.000 -0.000 -0.000 0 NA
75.00 0.03000 75.0 0.00488 0 -0.000 -1.000 -0.000 -0.000 0 NA
80.00 0.03000 80.0 0.00552 0 -0.000 -1.000 -0.000 -0.000 0 NA
85.00 0.03000 85.0 0.00619 0 -0.000 -1.000 -0.000 -0.000 0 NA
90.00 0.03000 90.1 0.00690 0 -0.000 -1.000 -0.000 -0.000 0 NA
95.00 0.03000 95.0 0.00763 0 -0.000 -1.000 -0.000 -0.000 0 NA
100.00 0.03000 100.0 0.00838 0 -0.000 -1.000 -0.000 -0.000 0 NA
105.00 0.03000 105.0 0.00917 0 -0.000 -1.000 -0.000 -0.000 0 NA
110.00 0.03000 110.0 0.00997 0 -0.000 -1.000 -0.000 -0.000 0 NA
115.00 0.03000 115.0 0.01078 0 -0.000 -1.000 -0.000 -0.000 0 NA
120.00 0.03000 120.1 0.01163 0 -0.000 -1.000 -0.000 -0.000 0 NA
125.00 0.03000 125.0 0.01248 0 -0.000 -1.000 -0.000 -0.000 0 NA
130.00 0.03000 130.1 0.01335 0 -0.000 -1.000 -0.000 -0.000 0 NA
135.00 0.03000 135.1 0.01426 0 -0.000 -1.000 -0.000 -0.000 0 NA
140.00 0.03000 140.1 0.01517 0 -0.000 -1.000 -0.000 -0.000 0 NA
145.00 0.03000 145.1 0.01610 0 -0.000 -1.000 -0.000 -0.000 0 NA
150.00 0.03000 150.1 0.01705 0 -0.000 -1.000 -0.000 -0.000 0 NA
155.00 0.03000 155.1 0.01802 0 -0.000 -1.000 -0.000 -0.000 0 NA
160.00 0.03000 160.1 0.01901 0 -0.000 -1.000 -0.000 -0.000 0 NA
165.00 0.03000 165.1 0.02001 0 -0.000 -1.000 -0.000 -0.000 0 NA
170.00 0.03000 170.1 0.02103 0 -0.000 -1.000 -0.000 -0.000 0 NA
175.00 0.03000 175.1 0.02207 0 -0.000 -1.000 -0.000 -0.000 0 NA
180.00 0.03000 180.1 0.02312 0 -0.000 -1.000 -0.000 -0.000 0 NA
185.00 0.03000 185.1 0.02419 0 -0.000 -1.000 -0.000 -0.000 0 NA
190.00 0.03000 190.1 0.02528 0 -0.000 -1.000 -0.000 -0.000 0 NA
195.00 0.03000 195.0 0.02637 0 -0.000 -1.000 -0.000 -0.000 0 NA
200.00 0.03000 200.1 0.02749 0 -0.000 -1.000 -0.000 -0.000 0 NA
205.00 0.03000 205.1 0.02862 0 -0.000 -1.000 -0.000 -0.000 0 NA
210.00 0.03000 210.1 0.02977 0 -0.000 -1.000 -0.000 -0.000 0 NA
215.00 0.03000 215.1 0.03094 1 -0.000 -1.000 -0.000 -0.000 0 NA
0.00 0.03000 0.1 0.00000 0 -5.000 -1.000 -5.000 -0.000 0 NA
5.00 0.03000 5.1 0.00000 0 -5.000 -1.000 -5.000 -0.000 0 NA
10.00 0.03000 10.0 0.00000 0 -5.000 -1.000 -5.000 -0.000 0 NA
15.00 0.03000 15.0 0.00000 0 -5.000 -1.000 -5.000 -0.000 0 NA
20.00 0.03000 20.0 0.00000 0 -5.000 -1.000 -5.000 -0.000 0 NA
25.00 0.03000 25.0 0.00000 0 -5.000 -1.000 -5.000 -0.000 0 NA
30.00 0.03000 30.0 0.00000 0 -5.000 -1.000 -5.000 -0.000 0 NA
35.00 0.03000 35.0 0.00006 0 -5.000 -1.000 -5.000 -0.000 0 NA
40.00 0.03000 40.0 0.00009 0 -5.000 -1.000 -5.000 -0.000 0 NA
45.00 0.03000 45.0 0.00014 0 -5.000 -1.000 -5.000 -0.000 0 NA
50.00 0.03000 50.0 0.00023 0 -5.000 -1.000 -5.000 -0.000 0 NA
55.00 0.03000 55.0 0.00035 0 -5.000 -1.000 -5.000 -0.000 0 NA
60.00 0.03000 60.0 0.00049 0 -5.000 -1.000 -5.000 -0.000 0 NA
65.00 0.03000 65.0 0.00069 0 -5.000 -1.000 -5.000 -0.000 0 NA
70.00 0.03000 70.0 0.00092 0 -5.000 -1.000 -5.000 -0.000 0 NA
75.00 0.03000 75.0 0.00120 0 -5.000 -1.000 -5.000 -0.000 0 NA
80.00 0.03000 80.0 0.00151 0 -5.000 -1.000 -5.000 -0.000 0 NA
85.00 0.03000 85.0 0.00187 0 -5.000 -1.000 -5.000 -0.000 0 NA
90.00 0.03000 90.0 0.00227 0 -5.000 -1.000 -5.000 -0.000 0 NA
95.00 0.03000 95.0 0.00270 0 -5.000 -1.000 -5.000 -0.000 0 NA
100.00 0.03000 100.0 0.00319 0 -5.000 -1.000 -5.000 -0.000 0 NA
105.00 0.03000 105.0 0.00372 0 -5.000 -1.000 -5.000 -0.000 0 NA
110.00 0.03000 110.0 0.00429 0 -5.000 -1.000 -5.000 -0.000 0 NA
115.00 0.03000 115.0 0.00489 0 -5.000 -1.000 -5.000 -0.000 0 NA
120.00 0.03000 120.0 0.00554 0 -5.000 -1.000 -5.000 -0.000 0 NA
125.00 0.03000 125.0 0.00621 0 -5.000 -1.000 -5.000 -0.000 0 NA
130.00 0.03000 130.1 0.00691 0 -5.000 -1.000 -5.000 -0.000 0 NA
135.00 0.03000 135.1 0.00765 0 -5.000 -1.000 -5.000 -0.000 0 NA
140.00 0.03000 140.1 0.00840 0 -5.000 -1.000 -5.000 -0.000 0 NA
145.00 0.03000 145.1 0.00918 0 -5.000 -1.000 -5.000 -0.000 0 NA
150.00 0.03000 150.1 0.00999 0 -5.000 -1.000 -5.000 -0.000 0 NA
155.00 0.03000 155.1 0.01080 0 -5.000 -1.000 -5.000 -0.000 0 NA
160.00 0.03000 160.1 0.01164 0 -5.000 -1.000 -5.000 -0.000 0 NA
165.00 0.03000 165.1 0.01249 0 -5.000 -1.000 -5.000 -0.000 0 NA
170.00 0.03000 170.1 0.01338 0 -5.000 -1.000 -5.000 -0.000 0 NA
175.00 0.03000 175.1 0.01427 0 -5.000 -1.000 -5.000 -0.000 0 NA
180.00 0.03000 180.1 0.01519 0 -5.000 -1.000 -5.000 -0.000 0 NA
185.00 0.03000 185.0 0.01612 0 -5.000 -1.000 -5.000 -0.000 0 NA
190.00 0.03000 190.1 0.01708 0 -5.000 -1.000 -5.000 -0.000 0 NA
195.00 0.03000 195.0 0.01804 0 -5.000 -1.000 -5.000 -0.000 0 NA
200.00 0.03000 200.1 0.01904 0 -5.000 -1.000 -5.000 -0.000 0 NA
205.00 0.03000 205.1 0.02006 0 -5.000 -1.000 -5.000 -0.000 0 NA
210.00 0.03000 210.1 0.02108 0 -5.000 -1.000 -5.000 -0.000 0 NA
215.00 0.03000 215.1 0.02212 0 -5.000 -1.000 -5.000 -0.000 0 NA
220.00 0.03000 220.1 0.02317 0 -5.000 -1.000 -5.000 -0.000 0 NA
225.00 0.03000 225.1 0.02425 0 -5.000 -1.000 -5.000 -0.000 0 NA
230.00 0.03000 230.1 0.02534 0 -5.000 -1.000 -5.000 -0.000 0 NA
235.00 0.03000 235.1 0.02645 0 -5.000 -1.000 -5.000 -0.000 0 NA
240.00 0.03000 240.1 0.02757 0 -5.000 -1.000 -5.000 -0.000 0 NA
245.00 0.03000 245.1 0.02871 0 -5.000 -1.000 -5.000 -0.000 0 NA
250.00 0.03000 250.1 0.02988 0 -5.000 -1.000 -5.000 -0.000 0 NA
255.00 0.03000 255.1 0.03104 1 -5.000 -1.000 -5.000 -0.000 0 NA
0.00 0.03000 0.1 0.00000 0 -10.000 -0.500 -10.000 -0.000 0 NA
5.00 0.03000 5.1 0.00000 0 -10.000 -0.500 -10.000 -0.000 0 NA
10.00 0.03000 10.0 0.00000 0 -10.000 -0.500 -10.000 -0.000 0 NA
15.00 0.03000 15.0 0.00000 0 -10.000 -0.500 -10.000 -0.000 0 NA
20.00 0.03000 20.0 0.00000 0 -10.000 -0.500 -10.000 -0.000 0 NA
25.00 0.03000 25.0 0.00000 0 -10.000 -0.500 -10.000 -0.000 0 NA
30.00 0.03000 30.0 0.00000 0 -10.000 -0.500 -10.000 -0.000 0 NA
35.00 0.03000 35.0 0.00000 0 -10.000 -0.500 -10.000 -0.000 0 NA
40.00 0.03000 40.0 0.00000 0 -10.000 -0.500 -10.000 -0.000 0 NA
45.00 0.03000 45.0 0.00000 0 -10.000 -0.500 -10.000 -0.000 0 NA
50.00 0.03000 50.0 0.00000 0 -10.000 -0.500 -10.000 -0.000 0 NA
55.00 0.03000 55.0 0.00000 0 -10.000 -0.500 -10.000 -0.000 0 NA
60.00 0.03000 60.0 0.00000 0 -10.000 -0.500 -10.000 -0.000 0 NA
65.00 0.03000 65.0 0.00000 0 -10.000 -0.500 -10.000 -0.000 0 NA
70.00 0.03000 70.0 0.00000 0 -10.000 -0.500 -10.000 -0.000 0 NA
75.00 0.03000 75.0 0.00006 0 -10.000 -0.500 -10.000 -0.000 0 NA
80.00 0.03000 80.0 0.00009 0 -10.000 -0.500 -10.000 -0.000 0 NA
85.00 0.03000 85.0 0.00015 0 -10.000 -0.500 -10.000 -0.000 0 NA
90.00 0.03000 90.0 0.00023 0 -10.000 -0.500 -10.000 -0.000 0 NA
95.00 0.03000 95.0 0.00035 0 -10.000 -0.500 -10.000 -0.000 0 NA
100.00 0.03000 100.0 0.00050 0 -10.000 -0.500 -10.000 -0.000 0 NA
105.00 0.03000 105.0 0.00070 0 -10.000 -0.500 -10.000 -0.000 0 NA
110.00 0.03000 110.0 0.00092 0 -10.000 -0.500 -10.000 -0.000 0 NA
115.00 0.03000 115.0 0.00120 0 -10.000 -0.500 -10.000 -0.000 0 NA
120.00 0.03000 120.0 0.00151 0 -10.000 -0.500 -10.000 -0.000 0 NA
125.00 0.03000 125.0 0.00187 0 -10.000 -0.500 -10.000 -0.000 0 NA
130.00 0.03000 130.1 0.00227 0 -10.000 -0.500 -10.000 -0.000 0 NA
135.00 0.03000 135.1 0.00271 0 -10.000 -0.500 -10.000 -0.000 0 NA
140.00 0.03000 140.1 0.00319 0 -10.000 -0.500 -10.000 -0.000 0 NA
145.00 0.03000 145.1 0.00372 0 -10.000 -0.500 -10.000 -0.000 0 NA
150.00 0.03000 150.1 0.00428 0 -10.000 -0.500 -10.000 -0.000 0 NA
155.00 0.03000 155.1 0.00489 0 -10.000 -0.500 -10.000 -0.000 0 NA
160.00 0.03000 160.1 0.00553 0 -10.000 -0.500 -10.000 -0.000 0 NA
165.00 0.03000 165.1 0.00620 0 -10.000 -0.500 -10.000 -0.000 0 NA
170.00 0.03000 170.1 0.00690 0 -10.000 -0.500 -10.000 -0.000 0 NA
175.00 0.03000 175.1 0.00763 0 -10.000 -0.500 -10.000 -0.000 0 NA
180.00 0.03000 180.1 0.00838 0 -10.000 -0.500 -10.000 -0.000 0 NA
185.00 0.03000 185.0 0.00917 0 -10.000 -0.500 -10.000 -0.000 0 NA
190.00 0.03000 190.1 0.00998 0 -10.000 -0.500 -10.000 -0.000 0 NA
195.00 0.03000 195.0 0.01079 0 -10.000 -0.500 -10.000 -0.000 0 NA
200.00 0.03000 200.1 0.01163 0 -10.000 -0.500 -10.000 -0.000 0 NA
205.00 0.03000 205.1 0.01249 0 -10.000 -0.500 -10.000 -0.000 0 NA
210.00 0.03000 210.1 0.01338 0 -10.000 -0.500 -10.000 -0.000 0 NA
215.00 0.03000 215.1 0.01427 0 -10.000 -0.500 -10.000 -0.000 0 NA
220.00 0.03000 220.1 0.01519 0 -10.000 -0.500 -10.000 -0.000 0 NA
225.00 0.03000 225.1 0.01613 0 -10.000 -0.500 -10.000 -0.000 0 NA
230.00 0.03000 230.1 0.01709 0 -10.000 -0.500 -10.000 -0.000 0 NA
235.00 0.03000 235.1 0.01806 0 -10.000 -0.500 -10.000 -0.000 0 NA
240.00 0.03000 240.1 0.01906 0 -10.000 -0.500 -10.000 -0.000 0 NA
245.00 0.03000 245.1 0.02007 0 -10.000 -0.500 -10.000 -0.000 0 NA
250.00 0.03000 250.1 0.02110 0 -10.000 -0.500 -10.000 -0.000 0 NA
255.00 0.03000 255.1 0.02214 0 -10.000 -0.500 -10.000 -0.000 0 NA
260.00 0.03000 260.1 0.02321 0 -10.000 -0.500 -10.000 -0.000 0 NA
265.00 0.03000 265.1 0.02428 0 -10.000 -0.500 -10.000 -0.000 0 NA
270.00 0.03000 270.1 0.02540 0 -10.000 -0.500 -10.000 -0.000 0 NA
275.00 0.03000 275.1 0.02651 0 -10.000 -0.500 -10.000 -0.000 0 NA
280.00 0.03000 280.1 0.02764 0 -10.000 -0.500 -10.000 -0.000 0 NA
285.00 0.03000 285.1 0.02879 0 -10.000 -0.500 -10.000 -0.000 0 NA
290.00 0.03000 290.1 0.02995 0 -10.000 -0.500 -10.000 -0.000 0 NA
295.00 0.03000 295.1 0.03112 1 -10.000 -0.500 -10.000 -0.000 0 NA
0.00 0.03000 0.1 0.00000 0 -15.000 -0.333 -15.000 -0.000 0 NA
5.00 0.03000 5.1 0.00000 0 -15.000 -0.333 -15.000 -0.000 0 NA
10.00 0.03000 10.0 0.00000 0 -15.000 -0.333 -15.000 -0.000 0 NA
15.00 0.03000 15.0 0.00000 0 -15.000 -0.333 -15.000 -0.000 0 NA
20.00 0.03000 20.0 0.00000 0 -15.000 -0.333 -15.000 -0.000 0 NA
25.00 0.03000 25.0 0.00000 0 -15.000 -0.333 -15.000 -0.000 0 NA
30.00 0.03000 30.0 0.00000 0 -15.000 -0.333 -15.000 -0.000 0 NA
35.00 0.03000 35.0 0.00000 0 -15.000 -0.333 -15.000 -0.000 0 NA
40.00 0.03000 40.0 0.00000 0 -15.000 -0.333 -15.000 -0.000 0 NA
45.00 0.03000 45.0 0.00000 0 -15.000 -0.333 -15.000 -0.000 0 NA
50.00 0.03000 50.0 0.00000 0 -15.000 -0.333 -15.000 -0.000 0 NA
55.00 0.03000 55.0 0.00000 0 -15.000 -0.333 -15.000 -0.000 0 NA
60.00 0.03000 60.0 0.00000 0 -15.000 -0.333 -15.000 -0.000 0 NA
65.00 0.03000 65.0 0.00000 0 -15.000 -0.333 -15.000 -0.000 0 NA
70.00 0.03000 70.0 0.00000 0 -15.000 -0.333 -15.000 -0.000 0 NA
75.00 0.03000 75.0 0.00000 0 -15.000 -0.333 -15.000 -0.000 0 NA
80.00 0.03000 80.0 0.00000 0 -15.000 -0.333 -15.000 -0.000 0 NA
85.00 0.03000 85.0 0.00000 0 -15.000 -0.333 -15.000 -0.000 0 NA
90.00 0.03000 90.0 0.00000 0 -15.000 -0.333 -15.000 -0.000 0 NA
95.00 0.03000 95.0 0.00000 0 -15.000 -0.333 -15.000 -0.000 0 NA
100.00 0.03000 100.0 0.00000 0 -15.000 -0.333 -15.000 -0.000 0 NA
105.00 0.03000 105.0 0.00000 0 -15.000 -0.333 -15.000 -0.000 0 NA
110.00 0.03000 110.0 0.00005 0 -15.000 -0.333 -15.000 -0.000 0 NA
115.00 0.03000 115.0 0.00007 0 -15.000 -0.333 -15.000 -0.000 0 NA
120.00 0.03000 120.0 0.00010 0 -15.000 -0.333 -15.000 -0.000 0 NA
125.00 0.03000 125.0 0.00016 0 -15.000 -0.333 -15.000 -0.000 0 NA
130.00 0.03000 130.1 0.00025 0 -15.000 -0.333 -15.000 -0.000 0 NA
135.00 0.03000 135.1 0.00036 0 -15.000 -0.333 -15.000 -0.000 0 NA
140.00 0.03000 140.1 0.00052 0 -15.000 -0.333 -15.000 -0.000 0 NA
145.00 0.03000 145.1 0.00071 0 -15.000 -0.333 -15.000 -0.000 0 NA
150.00 0.03000 150.0 0.00094 0 -15.000 -0.333 -15.000 -0.000 0 NA
155.00 0.03000 155.1 0.00121 0 -15.000 -0.333 -15.000 -0.000 0 NA
160.00 0.03000 160.1 0.00153 0 -15.000 -0.333 -15.000 -0.000 0 NA
165.00 0.03000 165.1 0.00188 0 -15.000 -0.333 -15.000 -0.000 0 NA
170.00 0.03000 170.1 0.00227 0 -15.000 -0.333 -15.000 -0.000 0 NA
175.00 0.03000 175.1 0.00271 0 -15.000 -0.333 -15.000 -0.000 0 NA
180.00 0.03000 180.1 0.00320 0 -15.000 -0.333 -15.000 -0.000 0 NA
185.00 0.03000 185.0 0.00372 0 -15.000 -0.333 -15.000 -0.000 0 NA
190.00 0.03000 190.1 0.00429 0 -15.000 -0.333 -15.000 -0.000 0 NA
195.00 0.03000 195.0 0.00489 0 -15.000 -0.333 -15.000 -0.000 0 NA
200.00 0.03000 200.1 0.00552 0 -15.000 -0.333 -15.000 -0.000 0 NA
205.00 0.03000 205.1 0.00619 0 -15.000 -0.333 -15.000 -0.000 0 NA
210.00 0.03000 210.1 0.00688 0 -15.000 -0.333 -15.000 -0.000 0 NA
215.00 0.03000 215.1 0.00761 0 -15.000 -0.333 -15.000 -0.000 0 NA
220.00 0.03000 220.1 0.00837 0 -15.000 -0.333 -15.000 -0.000 0 NA
225.00 0.03000 225.1 0.00915 0 -15.000 -0.333 -15.000 -0.000 0 NA
230.00 0.03000 230.1 0.00995 0 -15.000 -0.333 -15.000 -0.000 0 NA
235.00 0.03000 235.1 0.01078 0 -15.000 -0.333 -15.000 -0.000 0 NA
240.00 0.03000 240.1 0.01163 0 -15.000 -0.333 -15.000 -0.000 0 NA
245.00 0.03000 245.1 0.01249 0 -15.000 -0.333 -15.000 -0.000 0 NA
250.00 0.03000 250.1 0.01337 0 -15.000 -0.333 -15.000 -0.000 0 NA
255.00 0.03000 255.1 0.01427 0 -15.000 -0.333 -15.000 -0.000 0 NA
260.00 0.03000 260.1 0.01520 0 -15.000 -0.333 -15.000 -0.000 0 NA
265.00 0.03000 265.1 0.01614 0 -15.000 -0.333 -15.000 -0.000 0 NA
270.00 0.03000 270.1 0.01710 0 -15.000 -0.333 -15.000 -0.000 0 NA
275.00 0.03000 275.1 0.01809 0 -15.000 -0.333 -15.000 -0.000 0 NA
280.00 0.03000 280.1 0.01909 0 -15.000 -0.333 -15.000 -0.000 0 NA
285.00 0.03000 285.1 0.02010 0 -15.000 -0.333 -15.000 -0.000 0 NA
290.00 0.03000 290.1 0.02115 0 -15.000 -0.333 -15.000 -0.000 0 NA
295.00 0.03000 295.1 0.02221 0 -15.000 -0.333 -15.000 -0.000 0 NA
300.00 0.03000 300.1 0.02328 0 -15.000 -0.333 -15.000 -0.000 0 NA
305.00 0.03000 305.1 0.02438 0 -15.000 -0.333 -15.000 -0.000 0 NA
310.00 0.03000 310.1 0.02548 0 -15.000 -0.333 -15.000 -0.000 0 NA
315.00 0.03000 315.1 0.02660 0 -15.000 -0.333 -15.000 -0.000 0 NA
320.00 0.03000 320.1 0.02774 0 -15.000 -0.333 -15.000 -0.000 0 NA
325.00 0.03000 325.1 0.02889 0 -15.000 -0.333 -15.000 -0.000 0 NA
330.00 0.03000 330.1 0.03007 1 -15.000 -0.333 -15.000 -0.000 0 NA
0.00 0.03000 0.1 0.00000 0 -20.000 -0.250 -20.000 -0.000 0 NA
5.00 0.03000 5.1 0.00000 0 -20.000 -0.250 -20.000 -0.000 0 NA
10.00 0.03000 10.0 0.00000 0 -20.000 -0.250 -20.000 -0.000 0 NA
15.00 0.03000 15.0 0.00000 0 -20.000 -0.250 -20.000 -0.000 0 NA
20.00 0.03000 20.0 0.00000 0 -20.000 -0.250 -20.000 -0.000 0 NA
25.00 0.03000 25.0 0.00000 0 -20.000 -0.250 -20.000 -0.000 0 NA
30.00 0.03000 30.0 0.00000 0 -20.000 -0.250 -20.000 -0.000 0 NA
35.00 0.03000 35.0 0.00000 0 -20.000 -0.250 -20.000 -0.000 0 NA
40.00 0.03000 40.0 0.00000 0 -20.000 -0.250 -20.000 -0.000 0 NA
45.00 0.03000 45.0 0.00000 0 -20.000 -0.250 -20.000 -0.000 0 NA
50.00 0.03000 50.0 0.00000 0 -20.000 -0.250 -20.000 -0.000 0 NA
55.00 0.03000 55.0 0.00000 0 -20.000 -0.250 -20.000 -0.000 0 NA
60.00 0.03000 60.0 0.00000 0 -20.000 -0.250 -20.000 -0.000 0 NA
65.00 0.03000 65.0 0.00000 0 -20.000 -0.250 -20.000 -0.000 0 NA
70.00 0.03000 70.0 0.00000 0 -20.000 -0.250 -20.000 -0.000 0 NA
75.00 0.03000 75.0 0.00000 0 -20.000 -0.250 -20.000 -0.000 0 NA
80.00 0.03000 80.0 0.00000 0 -20.000 -0.250 -20.000 -0.000 0 NA
85.00 0.03000 85.0 0.00000 0 -20.000 -0.250 -20.000 -0.000 0 NA
90.00 0.03000 90.0 0.00000 0 -20.000 -0.250 -20.000 -0.000 0 NA
95.00 0.03000 95.0 0.00000 0 -20.000 -0.250 -20.000 -0.000 0 NA
100.00 0.03000 100.0 0.00000 0 -20.000 -0.250 -20.000 -0.000 0 NA
105.00 0.03000 105.0 0.00000 0 -20.000 -0.250 -20.000 -0.000 0 NA
110.00 0.03000 110.0 0.00000 0 -20.000 -0.250 -20.000 -0.000 0 NA
115.00 0.03000 115.0 0.00000 0 -20.000 -0.250 -20.000 -0.000 0 NA
120.00 0.03000 120.0 0.00000 0 -20.000 -0.250 -20.000 -0.000 0 NA
125.00 0.03000 125.0 0.00000 0 -20.000 -0.250 -20.000 -0.000 0 NA
130.00 0.03000 130.1 0.00000 0 -20.000 -0.250 -20.000 -0.000 0 NA
135.00 0.03000 135.1 0.00000 0 -20.000 -0.250 -20.000 -0.000 0 NA
140.00 0.03000 140.1 0.00000 0 -20.000 -0.250 -20.000 -0.000 0 NA
145.00 0.03000 145.1 0.00000 0 -20.000 -0.250 -20.000 -0.000 0 NA
150.00 0.03000 150.0 0.00005 0 -20.000 -0.250 -20.000 -0.000 0 NA
155.00 0.03000 155.1 0.00007 0 -20.000 -0.250 -20.000 -0.000 0 NA
160.00 0.03000 160.1 0.00012 0 -20.000 -0.250 -20.000 -0.000 0 NA
165.00 0.03000 165.1 0.00018 0 -20.000 -0.250 -20.000 -0.000 0 NA
170.00 0.03000 170.1 0.00027 0 -20.000 -0.250 -20.000 -0.000 0 NA
175.00 0.03000 175.1 0.00039 0 -20.000 -0.250 -20.000 -0.000 0 NA
180.00 0.03000 180.1 0.00055 0 -20.000 -0.250 -20.000 -0.000 0 NA
185.00 0.03000 185.0 0.00074 0 -20.000 -0.250 -20.000 -0.000 0 NA
190.00 0.03000 190.1 0.00098 0 -20.000 -0.250 -20.000 -0.000 0 NA
195.00 0.03000 195.0 0.00125 0 -20.000 -0.250 -20.000 -0.000 0 NA
200.00 0.03000 200.1 0.00156 0 -20.000 -0.250 -20.000 -0.000 0 NA
205.00 0.03000 205.1 0.00191 0 -20.000 -0.250 -20.000 -0.000 0 NA
210.00 0.03000 210.1 0.00230 0 -20.000 -0.250 -20.000 -0.000 0 NA
215.00 0.03000 215.1 0.00274 0 -20.000 -0.250 -20.000 -0.000 0 NA
220.00 0.03000 220.1 0.00322 0 -20.000 -0.250 -20.000 -0.000 0 NA
225.00 0.03000 225.1 0.00375 0 -20.000 -0.250 -20.000 -0.000 0 NA
230.00 0.03000 230.1 0.00431 0 -20.000 -0.250 -20.000 -0.000 0 NA
235.00 0.03000 235.1 0.00490 0 -20.000 -0.250 -20.000 -0.000 0 NA
240.00 0.03000 240.1 0.00554 0 -20.000 -0.250 -20.000 -0.000 0 NA
245.00 0.03000 245.1 0.00621 0 -20.000 -0.250 -20.000 -0.000 0 NA
250.00 0.03000 250.1 0.00690 0 -20.000 -0.250 -20.000 -0.000 0 NA
255.00 0.03000 255.1 0.00762 0 -20.000 -0.250 -20.000 -0.000 0 NA
260.00 0.03000 260.1 0.00837 0 -20.000 -0.250 -20.000 -0.000 0 NA
265.00 0.03000 265.1 0.00915 0 -20.000 -0.250 -20.000 -0.000 0 NA
270.00 0.03000 270.1 0.00996 0 -20.000 -0.250 -20.000 -0.000 0 NA
275.00 0.03000 275.1 0.01078 0 -20.000 -0.250 -20.000 -0.000 0 NA
280.00 0.03000 280.1 0.01164 0 -20.000 -0.250 -20.000 -0.000 0 NA
285.00 0.03000 285.1 0.01251 0 -20.000 -0.250 -20.000 -0.000 0 NA
290.00 0.03000 290.1 0.01341 0 -20.000 -0.250 -20.000 -0.000 0 NA
295.00 0.03000 295.1 0.01433 0 -20.000 -0.250 -20.000 -0.000 0 NA
300.00 0.03000 300.1 0.01525 0 -20.000 -0.250 -20.000 -0.000 0 NA
305.00 0.03000 305.1 0.01620 0 -20.000 -0.250 -20.000 -0.000 0 NA
310.00 0.03000 310.1 0.01717 0 -20.000 -0.250 -20.000 -0.000 0 NA
315.00 0.03000 315.1 0.01817 0 -20.000 -0.250 -20.000 -0.000 0 NA
320.00 0.03000 320.1 0.01917 0 -20.000 -0.250 -20.000 -0.000 0 NA
325.00 0.03000 325.1 0.02020 0 -20.000 -0.250 -20.000 -0.000 0 NA
330.00 0.03000 330.1 0.02125 0 -20.000 -0.250 -20.000 -0.000 0 NA
335.00 0.03000 335.1 0.02231 0 -20.000 -0.250 -20.000 -0.000 0 NA
340.00 0.03000 340.1 0.02340 0 -20.000 -0.250 -20.000 -0.000 0 NA
345.00 0.03000 345.1 0.02449 0 -20.000 -0.250 -20.000 -0.000 0 NA
350.00 0.03000 350.1 0.02560 0 -20.000 -0.250 -20.000 -0.000 0 NA
355.00 0.03000 355.1 0.02673 0 -20.000 -0.250 -20.000 -0.000 0 NA
360.00 0.03000 360.1 0.02789 0 -20.000 -0.250 -20.000 -0.000 0 NA
365.00 0.03000 365.1 0.02904 0 -20.000 -0.250 -20.000 -0.000 0 NA
370.00 0.03000 370.1 0.03022 1 -20.000 -0.250 -20.000 -0.000 0 NA
0.00 0.03000 0.1 0.00000 0 -25.000 -0.200 -25.000 -0.000 0 NA
5.00 0.03000 5.1 0.00000 0 -25.000 -0.200 -25.000 -0.000 0 NA
10.00 0.03000 10.0 0.00000 0 -25.000 -0.200 -25.000 -0.000 0 NA
15.00 0.03000 15.0 0.00000 0 -25.000 -0.200 -25.000 -0.000 0 NA
20.00 0.03000 20.0 0.00000 0 -25.000 -0.200 -25.000 -0.000 0 NA
25.00 0.03000 25.0 0.00000 0 -25.000 -0.200 -25.000 -0.000 0 NA
30.00 0.03000 30.0 0.00000 0 -25.000 -0.200 -25.000 -0.000 0 NA
35.00 0.03000 35.0 0.00000 0 -25.000 -0.200 -25.000 -0.000 0 NA
40.00 0.03000 40.0 0.00000 0 -25.000 -0.200 -25.000 -0.000 0 NA
45.00 0.03000 45.0 0.00000 0 -25.000 -0.200 -25.000 -0.000 0 NA
50.00 0.03000 50.0 0.00000 0 -25.000 -0.200 -25.000 -0.000 0 NA
55.00 0.03000 55.0 0.00000 0 -25.000 -0.200 -25.000 -0.000 0 NA
60.00 0.03000 60.0 0.00000 0 -25.000 -0.200 -25.000 -0.000 0 NA
65.00 0.03000 65.0 0.00000 0 -25.000 -0.200 -25.000 -0.000 0 NA
70.00 0.03000 70.0 0.00000 0 -25.000 -0.200 -25.000 -0.000 0 NA
75.00 0.03000 75.0 0.00000 0 -25.000 -0.200 -25.000 -0.000 0 NA
80.00 0.03000 80.0 0.00000 0 -25.000 -0.200 -25.000 -0.000 0 NA
85.00 0.03000 85.0 0.00000 0 -25.000 -0.200 -25.000 -0.000 0 NA
90.00 0.03000 90.0 0.00000 0 -25.000 -0.200 -25.000 -0.000 0 NA
95.00 0.03000 95.0 0.00000 0 -25.000 -0.200 -25.000 -0.000 0 NA
100.00 0.03000 100.0 0.00000 0 -25.000 -0.200 -25.000 -0.000 0 NA
105.00 0.03000 105.0 0.00000 0 -25.000 -0.200 -25.000 -0.000 0 NA
110.00 0.03000 110.0 0.00000 0 -25.000 -0.200 -25.000 -0.000 0 NA
115.00 0.03000 115.0 0.00000 0 -25.000 -0.200 -25.000 -0.000 0 NA
120.00 0.03000 120.0 0.00000 0 -25.000 -0.200 -25.000 -0.000 0 NA
125.00 0.03000 125.0 0.00000 0 -25.000 -0.200 -25.000 -0.000 0 NA
130.00 0.03000 130.1 0.00000 0 -25.000 -0.200 -25.000 -0.000 0 NA
135.00 0.03000 135.1 0.00000 0 -25.000 -0.200 -25.000 -0.000 0 NA
140.00 0.03000 140.1 0.00000 0 -25.000 -0.200 -25.000 -0.000 0 NA
145.00 0.03000 145.1 0.00000 0 -25.000 -0.200 -25.000 -0.000 0 NA
150.00 0.03000 150.0 0.00000 0 -25.000 -0.200 -25.000 -0.000 0 NA
155.00 0.03000 155.1 0.00000 0 -25.000 -0.200 -25.000 -0.000 0 NA
160.00 0.03000 160.1 0.00000 0 -25.000 -0.200 -25.000 -0.000 0 NA
165.00 0.03000 165.1 0.00000 0 -25.000 -0.200 -25.000 -0.000 0 NA
170.00 0.03000 170.1 0.00000 0 -25.000 -0.200 -25.000 -0.000 0 NA
175.00 0.03000 175.1 0.00000 0 -25.000 -0.200 -25.000 -0.000 0 NA
180.00 0.03000 180.1 0.00000 0 -25.000 -0.200 -25.000 -0.000 0 NA
185.00 0.03000 185.0 0.00000 0 -25.000 -0.200 -25.000 -0.000 0 NA
190.00 0.03000 190.1 0.00006 0 -25.000 -0.200 -25.000 -0.000 0 NA
195.00 0.03000 195.0 0.00008 0 -25.000 -0.200 -25.000 -0.000 0 NA
200.00 0.03000 200.1 0.00013 0 -25.000 -0.200 -25.000 -0.000 0 NA
205.00 0.03000 205.1 0.00020 0 -25.000 -0.200 -25.000 -0.000 0 NA
210.00 0.03000 210.1 0.00028 0 -25.000 -0.200 -25.000 -0.000 0 NA
215.00 0.03000 215.1 0.00042 0 -25.000 -0.200 -25.000 -0.000 0 NA
220.00 0.03000 220.1 0.00057 0 -25.000 -0.200 -25.000 -0.000 0 NA
225.00 0.03000 225.1 0.00078 0 -25.000 -0.200 -25.000 -0.000 0 NA
230.00 0.03000 230.1 0.00101 0 -25.000 -0.200 -25.000 -0.000 0 NA
235.00 0.03000 235.1 0.00128 0 -25.000 -0.200 -25.000 -0.000 0 NA
240.00 0.03000 240.1 0.00160 0 -25.000 -0.200 -25.000 -0.000 0 NA
245.00 0.03000 245.1 0.00195 0 -25.000 -0.200 -25.000 -0.000 0 NA
250.00 0.03000 250.1 0.00234 0 -25.000 -0.200 -25.000 -0.000 0 NA
255.00 0.03000 255.1 0.00278 0 -25.000 -0.200 -25.000 -0.000 0 NA
260.00 0.03000 260.1 0.00326 0 -25.000 -0.200 -25.000 -0.000 0 NA
265.00 0.03000 265.1 0.00377 0 -25.000 -0.200 -25.000 -0.000 0 NA
270.00 0.03000 270.1 0.00433 0 -25.000 -0.200 -25.000 -0.000 0 NA
275.00 0.03000 275.1 0.00494 0 -25.000 -0.200 -25.000 -0.000 0 NA
280.00 0.03000 280.1 0.00558 0 -25.000 -0.200 -25.000 -0.000 0 NA
285.00 0.03000 285.1 0.00624 0 -25.000 -0.200 -25.000 -0.000 0 NA
290.00 0.03000 290.1 0.00694 0 -25.000 -0.200 -25.000 -0.000 0 NA
295.00 0.03000 295.1 0.00766 0 -25.000 -0.200 -25.000 -0.000 0 NA
300.00 0.03000 300.1 0.00842 0 -25.000 -0.200 -25.000 -0.000 0 NA
305.00 0.03000 305.1 0.00920 0 -25.000 -0.200 -25.000 -0.000 0 NA
310.00 0.03000 310.1 0.01000 0 -25.000 -0.200 -25.000 -0.000 0 NA
315.00 0.03000 315.1 0.01083 0 -25.000 -0.200 -25.000 -0.000 0 NA
320.00 0.03000 320.1 0.01169 0 -25.000 -0.200 -25.000 -0.000 0 NA
325.00 0.03000 325.1 0.01257 0 -25.000 -0.200 -25.000 -0.000 0 NA
330.00 0.03000 330.1 0.01347 0 -25.000 -0.200 -25.000 -0.000 0 NA
335.00 0.03000 335.1 0.01439 0 -25.000 -0.200 -25.000 -0.000 0 NA
340.00 0.03000 340.1 0.01533 0 -25.000 -0.200 -25.000 -0.000 0 NA
345.00 0.03000 345.1 0.01628 0 -25.000 -0.200 -25.000 -0.000 0 NA
350.00 0.03000 350.1 0.01726 0 -25.000 -0.200 -25.000 -0.000 0 NA
355.00 0.03000 355.1 0.01826 0 -25.000 -0.200 -25.000 -0.000 0 NA
360.00 0.03000 360.1 0.01928 0 -25.000 -0.200 -25.000 -0.000 0 NA
365.00 0.03000 365.1 0.02030 0 -25.000 -0.200 -25.000 -0.000 0 NA
370.00 0.03000 370.1 0.02136 0 -25.000 -0.200 -25.000 -0.000 0 NA
375.00 0.03000 375.1 0.02243 0 -25.000 -0.200 -25.000 -0.000 0 NA
380.00 0.03000 380.1 0.02352 0 -25.000 -0.200 -25.000 -0.000 0 NA
385.00 0.03000 385.1 0.02463 0 -25.000 -0.200 -25.000 -0.000 0 NA
390.00 0.03000 390.1 0.02575 0 -25.000 -0.200 -25.000 -0.000 0 NA
395.00 0.03000 395.1 0.02690 0 -25.000 -0.200 -25.000 -0.000 0 NA
400.00 0.03000 400.1 0.02805 0 -25.000 -0.200 -25.000 -0.000 0 NA
405.00 0.03000 405.1 0.02927 0 -25.000 -0.200 -25.000 -0.000 0 NA
410.00 0.03000 410.1 0.03045 1 -25.000 -0.200 -25.000 -0.000 0 NA
0.00 0.03000 0.1 0.00000 0 -30.000 -0.167 -30.000 -0.000 0 NA
5.00 0.03000 5.1 0.00000 0 -30.000 -0.167 -30.000 -0.000 0 NA
10.00 0.03000 10.0 0.00000 0 -30.000 -0.167 -30.000 -0.000 0 NA
15.00 0.03000 15.0 0.00000 0 -30.000 -0.167 -30.000 -0.000 0 NA
20.00 0.03000 20.0 0.00000 0 -30.000 -0.167 -30.000 -0.000 0 NA
25.00 0.03000 25.0 0.00000 0 -30.000 -0.167 -30.000 -0.000 0 NA
30.00 0.03000 30.0 0.00000 0 -30.000 -0.167 -30.000 -0.000 0 NA
35.00 0.03000 35.0 0.00000 0 -30.000 -0.167 -30.000 -0.000 0 NA
40.00 0.03000 40.0 0.00000 0 -30.000 -0.167 -30.000 -0.000 0 NA
45.00 0.03000 45.0 0.00000 0 -30.000 -0.167 -30.000 -0.000 0 NA
50.00 0.03000 50.0 0.00000 0 -30.000 -0.167 -30.000 -0.000 0 NA
55.00 0.03000 55.0 0.00000 0 -30.000 -0.167 -30.000 -0.000 0 NA
60.00 0.03000 60.0 0.00000 0 -30.000 -0.167 -30.000 -0.000 0 NA
65.00 0.03000 65.0 0.00000 0 -30.000 -0.167 -30.000 -0.000 0 NA
70.00 0.03000 70.0 0.00000 0 -30.000 -0.167 -30.000 -0.000 0 NA
75.00 0.03000 75.0 0.00000 0 -30.000 -0.167 -30.000 -0.000 0 NA
80.00 0.03000 80.0 0.00000 0 -30.000 -0.167 -30.000 -0.000 0 NA
85.00 0.03000 85.0 0.00000 0 -30.000 -0.167 -30.000 -0.000 0 NA
90.00 0.03000 90.0 0.00000 0 -30.000 -0.167 -30.000 -0.000 0 NA
95.00 0.03000 95.0 0.00000 0 -30.000 -0.167 -30.000 -0.000 0 NA
100.00 0.03000 100.0 0.00000 0 -30.000 -0.167 -30.000 -0.000 0 NA
105.00 0.03000 105.0 0.00000 0 -30.000 -0.167 -30.000 -0.000 0 NA
110.00 0.03000 110.0 0.00000 0 -30.000 -0.167 -30.000 -0.000 0 NA
115.00 0.03000 115.0 0.00000 0 -30.000 -0.167 -30.000 -0.000 0 NA
120.00 0.03000 120.0 0.00000 0 -30.000 -0.167 -30.000 -0.000 0 NA
125.00 0.03000 125.0 0.00000 0 -30.000 -0.167 -30.000 -0.000 0 NA
130.00 0.03000 130.1 0.00000 0 -30.000 -0.167 -30.000 -0.000 0 NA
135.00 0.03000 135.1 0.00000 0 -30.000 -0.167 -30.000 -0.000 0 NA
140.00 0.03000 140.1 0.00000 0 -30.000 -0.167 -30.000 -0.000 0 NA
145.00 0.03000 145.1 0.00000 0 -30.000 -0.167 -30.000 -0.000 0 NA
150.00 0.03000 150.0 0.00000 0 -30.000 -0.167 -30.000 -0.000 0 NA
155.00 0.03000 155.1 0.00000 0 -30.000 -0.167 -30.000 -0.000 0 NA
160.00 0.03000 160.1 0.00000 0 -30.000 -0.167 -30.000 -0.000 0 NA
165.00 0.03000 165.1 0.00000 0 -30.000 -0.167 -30.000 -0.000 0 NA
170.00 0.03000 170.1 0.00000 0 -30.000 -0.167 -30.000 -0.000 0 NA
175.00 0.03000 175.1 0.00000 0 -30.000 -0.167 -30.000 -0.000 0 NA
180.00 0.03000 180.1 0.00000 0 -30.000 -0.167 -30.000 -0.000 0 NA
185.00 0.03000 185.0 0.00000 0 -30.000 -0.167 -30.000 -0.000 0 NA
190.00 0.03000 190.1 0.00000 0 -30.000 -0.167 -30.000 -0.000 0 NA
195.00 0.03000 195.0 0.00000 0 -30.000 -0.167 -30.000 -0.000 0 NA
200.00 0.03000 200.1 0.00000 0 -30.000 -0.167 -30.000 -0.000 0 NA
205.00 0.03000 205.1 0.00000 0 -30.000 -0.167 -30.000 -0.000 0 NA
210.00 0.03000 210.1 0.00000 0 -30.000 -0.167 -30.000 -0.000 0 NA
215.00 0.03000 215.1 0.00000 0 -30.000 -0.167 -30.000 -0.000 0 NA
220.00 0.03000 220.1 0.00000 0 -30.000 -0.167 -30.000 -0.000 0 NA
225.00 0.03000 225.1 0.00005 0 -30.000 -0.167 -30.000 -0.000 0 NA
230.00 0.03000 230.1 0.00007 0 -30.000 -0.167 -30.000 -0.000 0 NA
235.00 0.03000 235.1 0.00009 0 -30.000 -0.167 -30.000 -0.000 0 NA
240.00 0.03000 240.1 0.00014 0 -30.000 -0.167 -30.000 -0.000 0 NA
245.00 0.03000 245.1 0.00021 0 -30.000 -0.167 -30.000 -0.000 0 NA
250.00 0.03000 250.1 0.00031 0 -30.000 -0.167 -30.000 -0.000 0 NA
255.00 0.03000 255.1 0.00044 0 -30.000 -0.167 -30.000 -0.000 0 NA
260.00 0.03000 260.1 0.00061 0 -30.000 -0.167 -30.000 -0.000 0 NA
265.00 0.03000 265.1 0.00081 0 -30.000 -0.167 -30.000 -0.000 0 NA
270.00 0.03000 270.1 0.00105 0 -30.000 -0.167 -30.000 -0.000 0 NA
275.00 0.03000 275.1 0.00133 0 -30.000 -0.167 -30.000 -0.000 0 NA
280.00 0.03000 280.1 0.00164 0 -30.000 -0.167 -30.000 -0.000 0 NA
285.00 0.03000 285.1 0.00199 0 -30.000 -0.167 -30.000 -0.000 0 NA
290.00 0.03000 290.1 0.00239 0 -30.000 -0.167 -30.000 -0.000 0 NA
295.00 0.03000 295.1 0.00283 0 -30.000 -0.167 -30.000 -0.000 0 NA
300.00 0.03000 300.1 0.00330 0 -30.000 -0.167 -30.000 -0.000 0 NA
305.00 0.03000 305.1 0.00382 0 -30.000 -0.167 -30.000 -0.000 0 NA
310.00 0.03000 310.1 0.00437 0 -30.000 -0.167 -30.000 -0.000 0 NA
315.00 0.03000 315.1 0.00496 0 -30.000 -0.167 -30.000 -0.000 0 NA
320.00 0.03000 320.1 0.00560 0 -30.000 -0.167 -30.000 -0.000 0 NA
325.00 0.03000 325.1 0.00627 0 -30.000 -0.167 -30.000 -0.000 0 NA
330.00 0.03000 330.1 0.00696 0 -30.000 -0.167 -30.000 -0.000 0 NA
335.00 0.03000 335.1 0.00770 0 -30.000 -0.167 -30.000 -0.000 0 NA
340.00 0.03000 340.1 0.00844 0 -30.000 -0.167 -30.000 -0.000 0 NA
345.00 0.03000 345.1 0.00922 0 -30.000 -0.167 -30.000 -0.000 0 NA
350.00 0.03000 350.1 0.01004 0 -30.000 -0.167 -30.000 -0.000 0 NA
355.00 0.03000 355.1 0.01087 0 -30.000 -0.167 -30.000 -0.000 0 NA
360.00 0.03000 360.1 0.01173 0 -30.000 -0.167 -30.000 -0.000 0 NA
365.00 0.03000 365.1 0.01261 0 -30.000 -0.167 -30.000 -0.000 0 NA
370.00 0.03000 370.1 0.01352 0 -30.000 -0.167 -30.000 -0.000 0 NA
375.00 0.03000 375.1 0.01445 0 -30.000 -0.167 -30.000 -0.000 0 NA
380.00 0.03000 380.1 0.01540 0 -30.000 -0.167 -30.000 -0.000 0 NA
385.00 0.03000 385.1 0.01637 0 -30.000 -0.167 -30.000 -0.000 0 NA
390.00 0.03000 390.1 0.01735 0 -30.000 -0.167 -30.000 -0.000 0 NA
395.00 0.03000 395.1 0.01835 0 -30.000 -0.167 -30.000 -0.000 0 NA
400.00 0.03000 400.1 0.01938 0 -30.000 -0.167 -30.000 -0.000 0 NA
405.00 0.03000 405.0 0.02043 0 -30.000 -0.167 -30.000 -0.000 0 NA
410.00 0.03000 410.1 0.02150 0 -30.000 -0.167 -30.000 -0.000 0 NA
415.00 0.03000 415.1 0.02257 0 -30.000 -0.167 -30.000 -0.000 0 NA
420.00 0.03000 420.1 0.02367 0 -30.000 -0.167 -30.000 -0.000 0 NA
425.00 0.03000 425.0 0.02479 0 -30.000 -0.167 -30.000 -0.000 0 NA
430.00 0.03000 430.0 0.02592 0 -30.000 -0.167 -30.000 -0.000 0 NA
435.00 0.03000 435.0 0.02708 0 -30.000 -0.167 -30.000 -0.000 0 NA
440.00 0.03000 440.0 0.02825 0 -30.000 -0.167 -30.000 -0.000 0 NA
445.00 0.03000 445.0 0.02943 0 -30.000 -0.167 -30.000 -0.000 0 NA
450.00 0.03000 450.0 0.03064 1 -30.000 -0.167 -30.000 -0.000 0 NA
0.00 0.03000 0.1 0.00000 0 -35.000 -0.143 -35.000 -0.000 0 NA
5.00 0.03000 5.1 0.00000 0 -35.000 -0.143 -35.000 -0.000 0 NA
10.00 0.03000 10.0 0.00000 0 -35.000 -0.143 -35.000 -0.000 0 NA
15.00 0.03000 15.0 0.00000 0 -35.000 -0.143 -35.000 -0.000 0 NA
20.00 0.03000 20.0 0.00000 0 -35.000 -0.143 -35.000 -0.000 0 NA
25.00 0.03000 25.0 0.00000 0 -35.000 -0.143 -35.000 -0.000 0 NA
30.00 0.03000 30.0 0.00000 0 -35.000 -0.143 -35.000 -0.000 0 NA
35.00 0.03000 35.0 0.00000 0 -35.000 -0.143 -35.000 -0.000 0 NA
40.00 0.03000 40.0 0.00000 0 -35.000 -0.143 -35.000 -0.000 0 NA
45.00 0.03000 45.0 0.00000 0 -35.000 -0.143 -35.000 -0.000 0 NA
50.00 0.03000 50.0 0.00000 0 -35.000 -0.143 -35.000 -0.000 0 NA
55.00 0.03000 55.0 0.00000 0 -35.000 -0.143 -35.000 -0.000 0 NA
60.00 0.03000 60.0 0.00000 0 -35.000 -0.143 -35.000 -0.000 0 NA
65.00 0.03000 65.0 0.00000 0 -35.000 -0.143 -35.000 -0.000 0 NA
70.00 0.03000 70.0 0.00000 0 -35.000 -0.143 -35.000 -0.000 0 NA
75.00 0.03000 75.0 0.00000 0 -35.000 -0.143 -35.000 -0.000 0 NA
80.00 0.03000 80.0 0.00000 0 -35.000 -0.143 -35.000 -0.000 0 NA
85.00 0.03000 85.0 0.00000 0 -35.000 -0.143 -35.000 -0.000 0 NA
90.00 0.03000 90.0 0.00000 0 -35.000 -0.143 -35.000 -0.000 0 NA
95.00 0.03000 95.0 0.00000 0 -35.000 -0.143 -35.000 -0.000 0 NA
100.00 0.03000 100.0 0.00000 0 -35.000 -0.143 -35.000 -0.000 0 NA
105.00 0.03000 105.0 0.00000 0 -35.000 -0.143 -35.000 -0.000 0 NA
110.00 0.03000 110.0 0.00000 0 -35.000 -0.143 -35.000 -0.000 0 NA
115.00 0.03000 115.0 0.00000 0 -35.000 -0.143 -35.000 -0.000 0 NA
120.00 0.03000 120.0 0.00000 0 -35.000 -0.143 -35.000 -0.000 0 NA
125.00 0.03000 125.0 0.00000 0 -35.000 -0.143 -35.000 -0.000 0 NA
130.00 0.03000 130.1 0.00000 0 -35.000 -0.143 -35.000 -0.000 0 NA
135.00 0.03000 135.1 0.00000 0 -35.000 -0.143 -35.000 -0.000 0 NA
140.00 0.03000 140.1 0.00000 0 -35.000 -0.143 -35.000 -0.000 0 NA
145.00 0.03000 145.1 0.00000 0 -35.000 -0.143 -35.000 -0.000 0 NA
150.00 0.03000 150.0 0.00000 0 -35.000 -0.143 -35.000 -0.000 0 NA
155.00 0.03000 155.1 0.00000 0 -35.000 -0.143 -35.000 -0.000 0 NA
160.00 0.03000 160.1 0.00000 0 -35.000 -0.143 -35.000 -0.000 0 NA
165.00 0.03000 165.1 0.00000 0 -35.000 -0.143 -35.000 -0.000 0 NA
170.00 0.03000 170.1 0.00000 0 -35.000 -0.143 -35.000 -0.000 0 NA
175.00 0.03000 175.1 0.00000 0 -35.000 -0.143 -35.000 -0.000 0 NA
180.00 0.03000 180.1 0.00000 0 -35.000 -0.143 -35.000 -0.000 0 NA
185.00 0.03000 185.0 0.00000 0 -35.000 -0.143 -35.000 -0.000 0 NA
190.00 0.03000 190.1 0.00000 0 -35.000 -0.143 -35.000 -0.000 0 NA
195.00 0.03000 195.0 0.00000 0 -35.000 -0.143 -35.000 -0.000 0 NA
200.00 0.03000 200.1 0.00000 0 -35.000 -0.143 -35.000 -0.000 0 NA
205.00 0.03000 205.1 0.00000 0 -35.000 -0.143 -35.000 -0.000 0 NA
210.00 0.03000 210.1 0.00000 0 -35.000 -0.143 -35.000 -0.000 0 NA
215.00 0.03000 215.1 0.00000 0 -35.000 -0.143 -35.000 -0.000 0 NA
220.00 0.03000 220.1 0.00000 0 -35.000 -0.143 -35.000 -0.000 0 NA
225.00 0.03000 225.1 0.00000 0 -35.000 -0.143 -35.000 -0.000 0 NA
230.00 0.03000 230.1 0.00000 0 -35.000 -0.143 -35.000 -0.000 0 NA
235.00 0.03000 235.1 0.00000 0 -35.000 -0.143 -35.000 -0.000 0 NA
240.00 0.03000 240.1 0.00000 0 -35.000 -0.143 -35.000 -0.000 0 NA
245.00 0.03000 245.1 0.00000 0 -35.000 -0.143 -35.000 -0.000 0 NA
250.00 0.03000 250.1 0.00000 0 -35.000 -0.143 -35.000 -0.000 0 NA
255.00 0.03000 255.1 0.00000 0 -35.000 -0.143 -35.000 -0.000 0 NA
260.00 0.03000 260.1 0.00000 0 -35.000 -0.143 -35.000 -0.000 0 NA
265.00 0.03000 265.1 0.00005 0 -35.000 -0.143 -35.000 -0.000 0 NA
270.00 0.03000 270.1 0.00007 0 -35.000 -0.143 -35.000 -0.000 0 NA
275.00 0.03000 275.1 0.00011 0 -35.000 -0.143 -35.000 -0.000 0 NA
280.00 0.03000 280.1 0.00016 0 -35.000 -0.143 -35.000 -0.000 0 NA
285.00 0.03000 285.1 0.00024 0 -35.000 -0.143 -35.000 -0.000 0 NA
290.00 0.03000 290.1 0.00035 0 -35.000 -0.143 -35.000 -0.000 0 NA
295.00 0.03000 295.1 0.00049 0 -35.000 -0.143 -35.000 -0.000 0 NA
300.00 0.03000 300.1 0.00065 0 -35.000 -0.143 -35.000 -0.000 0 NA
305.00 0.03000 305.1 0.00085 0 -35.000 -0.143 -35.000 -0.000 0 NA
310.00 0.03000 310.1 0.00110 0 -35.000 -0.143 -35.000 -0.000 0 NA
315.00 0.03000 315.1 0.00138 0 -35.000 -0.143 -35.000 -0.000 0 NA
320.00 0.03000 320.1 0.00170 0 -35.000 -0.143 -35.000 -0.000 0 NA
325.00 0.03000 325.1 0.00205 0 -35.000 -0.143 -35.000 -0.000 0 NA
330.00 0.03000 330.1 0.00245 0 -35.000 -0.143 -35.000 -0.000 0 NA
335.00 0.03000 335.1 0.00289 0 -35.000 -0.143 -35.000 -0.000 0 NA
340.00 0.03000 340.1 0.00336 0 -35.000 -0.143 -35.000 -0.000 0 NA
345.00 0.03000 345.1 0.00388 0 -35.000 -0.143 -35.000 -0.000 0 NA
350.00 0.03000 350.1 0.00443 0 -35.000 -0.143 -35.000 -0.000 0 NA
355.00 0.03000 355.1 0.00503 0 -35.000 -0.143 -35.000 -0.000 0 NA
360.00 0.03000 360.1 0.00566 0 -35.000 -0.143 -35.000 -0.000 0 NA
365.00 0.03000 365.1 0.00631 0 -35.000 -0.143 -35.000 -0.000 0 NA
370.00 0.03000 370.1 0.00702 0 -35.000 -0.143 -35.000 -0.000 0 NA
375.00 0.03000 375.1 0.00775 0 -35.000 -0.143 -35.000 -0.000 0 NA
380.00 0.03000 380.1 0.00851 0 -35.000 -0.143 -35.000 -0.000 0 NA
385.00 0.03000 385.1 0.00929 0 -35.000 -0.143 -35.000 -0.000 0 NA
390.00 0.03000 390.1 0.01010 0 -35.000 -0.143 -35.000 -0.000 0 NA
395.00 0.03000 395.1 0.01094 0 -35.000 -0.143 -35.000 -0.000 0 NA
400.00 0.03000 400.1 0.01180 0 -35.000 -0.143 -35.000 -0.000 0 NA
405.00 0.03000 405.0 0.01272 0 -35.000 -0.143 -35.000 -0.000 0 NA
410.00 0.03000 410.1 0.01362 0 -35.000 -0.143 -35.000 -0.000 0 NA
415.00 0.03000 415.1 0.01456 0 -35.000 -0.143 -35.000 -0.000 0 NA
420.00 0.03000 420.1 0.01551 0 -35.000 -0.143 -35.000 -0.000 0 NA
425.00 0.03000 425.0 0.01648 0 -35.000 -0.143 -35.000 -0.000 0 NA
430.00 0.03000 430.0 0.01748 0 -35.000 -0.143 -35.000 -0.000 0 NA
435.00 0.03000 435.0 0.01850 0 -35.000 -0.143 -35.000 -0.000 0 NA
440.00 0.03000 440.0 0.01954 0 -35.000 -0.143 -35.000 -0.000 0 NA
445.00 0.03000 445.0 0.02059 0 -35.000 -0.143 -35.000 -0.000 0 NA
450.00 0.03000 450.0 0.02166 0 -35.000 -0.143 -35.000 -0.000 0 NA
0.00 0.03000 0.1 0.00000 0 -40.000 -0.125 -40.000 -0.000 0 NA
5.00 0.03000 5.1 0.00000 0 -40.000 -0.125 -40.000 -0.000 0 NA
10.00 0.03000 10.0 0.00000 0 -40.000 -0.125 -40.000 -0.000 0 NA
15.00 0.03000 15.0 0.00000 0 -40.000 -0.125 -40.000 -0.000 0 NA
20.00 0.03000 20.0 0.00000 0 -40.000 -0.125 -40.000 -0.000 0 NA
25.00 0.03000 25.0 0.00000 0 -40.000 -0.125 -40.000 -0.000 0 NA
30.00 0.03000 30.0 0.00000 0 -40.000 -0.125 -40.000 -0.000 0 NA
35.00 0.03000 35.0 0.00000 0 -40.000 -0.125 -40.000 -0.000 0 NA
40.00 0.03000 40.0 0.00000 0 -40.000 -0.125 -40.000 -0.000 0 NA
45.00 0.03000 45.0 0.00000 0 -40.000 -0.125 -40.000 -0.000 0 NA
50.00 0.03000 50.0 0.00000 0 -40.000 -0.125 -40.000 -0.000 0 NA
55.00 0.03000 55.0 0.00000 0 -40.000 -0.125 -40.000 -0.000 0 NA
60.00 0.03000 60.0 0.00000 0 -40.000 -0.125 -40.000 -0.000 0 NA
65.00 0.03000 65.0 0.00000 0 -40.000 -0.125 -40.000 -0.000 0 NA
70.00 0.03000 70.0 0.00000 0 -40.000 -0.125 -40.000 -0.000 0 NA
75.00 0.03000 75.0 0.00000 0 -40.000 -0.125 -40.000 -0.000 0 NA
80.00 0.03000 80.0 0.00000 0 -40.000 -0.125 -40.000 -0.000 0 NA
85.00 0.03000 85.0 0.00000 0 -40.000 -0.125 -40.000 -0.000 0 NA
90.00 0.03000 90.0 0.00000 0 -40.000 -0.125 -40.000 -0.000 0 NA
95.00 0.03000 95.0 0.00000 0 -40.000 -0.125 -40.000 -0.000 0 NA
100.00 0.03000 100.0 0.00000 0 -40.000 -0.125 -40.000 -0.000 0 NA
105.00 0.03000 105.0 0.00000 0 -40.000 -0.125 -40.000 -0.000 0 NA
110.00 0.03000 110.0 0.00000 0 -40.000 -0.125 -40.000 -0.000 0 NA
115.00 0.03000 115.0 0.00000 0 -40.000 -0.125 -40.000 -0.000 0 NA
120.00 0.03000 120.0 0.00000 0 -40.000 -0.125 -40.000 -0.000 0 NA
125.00 0.03000 125.0 0.00000 0 -40.000 -0.125 -40.000 -0.000 0 NA
130.00 0.03000 130.1 0.00000 0 -40.000 -0.125 -40.000 -0.000 0 NA
135.00 0.03000 135.1 0.00000 0 -40.000 -0.125 -40.000 -0.000 0 NA
140.00 0.03000 140.1 0.00000 0 -40.000 -0.125 -40.000 -0.000 0 NA
145.00 0.03000 145.1 0.00000 0 -40.000 -0.125 -40.000 -0.000 0 NA
150.00 0.03000 150.0 0.00000 0 -40.000 -0.125 -40.000 -0.000 0 NA
155.00 0.03000 155.1 0.00000 0 -40.000 -0.125 -40.000 -0.000 0 NA
160.00 0.03000 160.1 0.00000 0 -40.000 -0.125 -40.000 -0.000 0 NA
165.00 0.03000 165.1 0.00000 0 -40.000 -0.125 -40.000 -0.000 0 NA
170.00 0.03000 170.1 0.00000 0 -40.000 -0.125 -40.000 -0.000 0 NA
175.00 0.03000 175.1 0.00000 0 -40.000 -0.125 -40.000 -0.000 0 NA
180.00 0.03000 180.1 0.00000 0 -40.000 -0.125 -40.000 -0.000 0 NA
185.00 0.03000 185.0 0.00000 0 -40.000 -0.125 -40.000 -0.000 0 NA
190.00 0.03000 190.1 0.00000 0 -40.000 -0.125 -40.000 -0.000 0 NA
195.00 0.03000 195.0 0.00000 0 -40.000 -0.125 -40.000 -0.000 0 NA
200.00 0.03000 200.1 0.00000 0 -40.000 -0.125 -40.000 -0.000 0 NA
205.00 0.03000 205.1 0.00000 0 -40.000 -0.125 -40.000 -0.000 0 NA
210.00 0.03000 210.1 0.00000 0 -40.000 -0.125 -40.000 -0.000 0 NA
215.00 0.03000 215.1 0.00000 0 -40.000 -0.125 -40.000 -0.000 0 NA
220.00 0.03000 220.1 0.00000 0 -40.000 -0.125 -40.000 -0.000 0 NA
225.00 0.03000 225.1 0.00000 0 -40.000 -0.125 -40.000 -0.000 0 NA
230.00 0.03000 230.1 0.00000 0 -40.000 -0.125 -40.000 -0.000 0 NA
235.00 0.03000 235.1 0.00000 0 -40.000 -0.125 -40.000 -0.000 0 NA
240.00 0.03000 240.1 0.00000 0 -40.000 -0.125 -40.000 -0.000 0 NA
245.00 0.03000 245.1 0.00000 0 -40.000 -0.125 -40.000 -0.000 0 NA
250.00 0.03000 250.1 0.00000 0 -40.000 -0.125 -40.000 -0.000 0 NA
255.00 0.03000 255.1 0.00000 0 -40.000 -0.125 -40.000 -0.000 0 NA
260.00 0.03000 260.1 0.00000 0 -40.000 -0.125 -40.000 -0.000 0 NA
265.00 0.03000 265.1 0.00000 0 -40.000 -0.125 -40.000 -0.000 0 NA
270.00 0.03000 270.1 0.00000 0 -40.000 -0.125 -40.000 -0.000 0 NA
275.00 0.03000 275.1 0.00000 0 -40.000 -0.125 -40.000 -0.000 0 NA
280.00 0.03000 280.1 0.00000 0 -40.000 -0.125 -40.000 -0.000 0 NA
285.00 0.03000 285.1 0.00000 0 -40.000 -0.125 -40.000 -0.000 0 NA
290.00 0.03000 290.1 0.00000 0 -40.000 -0.125 -40.000 -0.000 0 NA
295.00 0.03000 295.1 0.00000 0 -40.000 -0.125 -40.000 -0.000 0 NA
300.00 0.03000 300.1 0.00005 0 -40.000 -0.125 -40.000 -0.000 0 NA
305.00 0.03000 305.1 0.00007 0 -40.000 -0.125 -40.000 -0.000 0 NA
310.00 0.03000 310.1 0.00009 0 -40.000 -0.125 -40.000 -0.000 0 NA
315.00 0.03000 315.1 0.00013 0 -40.000 -0.125 -40.000 -0.000 0 NA
320.00 0.03000 320.1 0.00019 0 -40.000 -0.125 -40.000 -0.000 0 NA
325.00 0.03000 325.1 0.00027 0 -40.000 -0.125 -40.000 -0.000 0 NA
330.00 0.03000 330.1 0.00038 0 -40.000 -0.125 -40.000 -0.000 0 NA
335.00 0.03000 335.1 0.00052 0 -40.000 -0.125 -40.000 -0.000 0 NA
340.00 0.03000 340.1 0.00070 0 -40.000 -0.125 -40.000 -0.000 0 NA
345.00 0.03000 345.1 0.00091 0 -40.000 -0.125 -40.000 -0.000 0 NA
350.00 0.03000 350.1 0.00115 0 -40.000 -0.125 -40.000 -0.000 0 NA
355.00 0.03000 355.1 0.00143 0 -40.000 -0.125 -40.000 -0.000 0 NA
360.00 0.03000 360.1 0.00176 0 -40.000 -0.125 -40.000 -0.000 0 NA
365.00 0.03000 365.1 0.00212 0 -40.000 -0.125 -40.000 -0.000 0 NA
370.00 0.03000 370.1 0.00251 0 -40.000 -0.125 -40.000 -0.000 0 NA
375.00 0.03000 375.1 0.00295 0 -40.000 -0.125 -40.000 -0.000 0 NA
380.00 0.03000 380.1 0.00342 0 -40.000 -0.125 -40.000 -0.000 0 NA
385.00 0.03000 385.1 0.00394 0 -40.000 -0.125 -40.000 -0.000 0 NA
390.00 0.03000 390.1 0.00449 0 -40.000 -0.125 -40.000 -0.000 0 NA
395.00 0.03000 395.1 0.00509 0 -40.000 -0.125 -40.000 -0.000 0 NA
400.00 0.03000 400.1 0.00572 0 -40.000 -0.125 -40.000 -0.000 0 NA
405.00 0.03000 404.6 0.00633 0 -40.000 -0.125 -40.000 -0.000 0 NA
410.00 0.03000 410.1 0.00709 0 -40.000 -0.125 -40.000 -0.000 0 NA
415.00 0.03000 415.1 0.00781 0 -40.000 -0.125 -40.000 -0.000 0 NA
420.00 0.03000 420.1 0.00858 0 -40.000 -0.125 -40.000 -0.000 0 NA
425.00 0.03000 425.0 0.00937 0 -40.000 -0.125 -40.000 -0.000 0 NA
430.00 0.03000 430.0 0.01018 0 -40.000 -0.125 -40.000 -0.000 0 NA
435.00 0.03000 435.0 0.01103 0 -40.000 -0.125 -40.000 -0.000 0 NA
440.00 0.03000 440.0 0.01191 0 -40.000 -0.125 -40.000 -0.000 0 NA
445.00 0.03000 445.0 0.01280 0 -40.000 -0.125 -40.000 -0.000 0 NA
450.00 0.03000 450.0 0.01372 0 -40.000 -0.125 -40.000 -0.000 0 NA
0.00 0.03000 0.1 0.00000 0 -45.000 -0.111 -45.000 -0.000 0 NA
5.00 0.03000 5.1 0.00000 0 -45.000 -0.111 -45.000 -0.000 0 NA
10.00 0.03000 10.0 0.00000 0 -45.000 -0.111 -45.000 -0.000 0 NA
15.00 0.03000 15.0 0.00000 0 -45.000 -0.111 -45.000 -0.000 0 NA
20.00 0.03000 20.0 0.00000 0 -45.000 -0.111 -45.000 -0.000 0 NA
25.00 0.03000 25.0 0.00000 0 -45.000 -0.111 -45.000 -0.000 0 NA
30.00 0.03000 30.0 0.00000 0 -45.000 -0.111 -45.000 -0.000 0 NA
35.00 0.03000 35.0 0.00000 0 -45.000 -0.111 -45.000 -0.000 0 NA
40.00 0.03000 40.0 0.00000 0 -45.000 -0.111 -45.000 -0.000 0 NA
45.00 0.03000 45.0 0.00000 0 -45.000 -0.111 -45.000 -0.000 0 NA
50.00 0.03000 50.0 0.00000 0 -45.000 -0.111 -45.000 -0.000 0 NA
55.00 0.03000 55.0 0.00000 0 -45.000 -0.111 -45.000 -0.000 0 NA
60.00 0.03000 60.0 0.00000 0 -45.000 -0.111 -45.000 -0.000 0 NA
65.00 0.03000 65.0 0.00000 0 -45.000 -0.111 -45.000 -0.000 0 NA
70.00 0.03000 70.0 0.00000 0 -45.000 -0.111 -45.000 -0.000 0 NA
75.00 0.03000 75.0 0.00000 0 -45.000 -0.111 -45.000 -0.000 0 NA
80.00 0.03000 80.0 0.00000 0 -45.000 -0.111 -45.000 -0.000 0 NA
85.00 0.03000 85.0 0.00000 0 -45.000 -0.111 -45.000 -0.000 0 NA
90.00 0.03000 90.0 0.00000 0 -45.000 -0.111 -45.000 -0.000 0 NA
95.00 0.03000 95.0 0.00000 0 -45.000 -0.111 -45.000 -0.000 0 NA
100.00 0.03000 100.0 0.00000 0 -45.000 -0.111 -45.000 -0.000 0 NA
105.00 0.03000 105.0 0.00000 0 -45.000 -0.111 -45.000 -0.000 0 NA
110.00 0.03000 110.0 0.00000 0 -45.000 -0.111 -45.000 -0.000 0 NA
115.00 0.03000 115.0 0.00000 0 -45.000 -0.111 -45.000 -0.000 0 NA
120.00 0.03000 120.0 0.00000 0 -45.000 -0.111 -45.000 -0.000 0 NA
125.00 0.03000 125.0 0.00000 0 -45.000 -0.111 -45.000 -0.000 0 NA
130.00 0.03000 130.1 0.00000 0 -45.000 -0.111 -45.000 -0.000 0 NA
135.00 0.03000 135.1 0.00000 0 -45.000 -0.111 -45.000 -0.000 0 NA
140.00 0.03000 140.1 0.00000 0 -45.000 -0.111 -45.000 -0.000 0 NA
145.00 0.03000 145.1 0.00000 0 -45.000 -0.111 -45.000 -0.000 0 NA
150.00 0.03000 150.0 0.00000 0 -45.000 -0.111 -45.000 -0.000 0 NA
155.00 0.03000 155.1 0.00000 0 -45.000 -0.111 -45.000 -0.000 0 NA
160.00 0.03000 160.1 0.00000 0 -45.000 -0.111 -45.000 -0.000 0 NA
165.00 0.03000 165.1 0.00000 0 -45.000 -0.111 -45.000 -0.000 0 NA
170.00 0.03000 170.1 0.00000 0 -45.000 -0.111 -45.000 -0.000 0 NA
175.00 0.03000 175.1 0.00000 0 -45.000 -0.111 -45.000 -0.000 0 NA
180.00 0.03000 180.1 0.00000 0 -45.000 -0.111 -45.000 -0.000 0 NA
185.00 0.03000 185.0 0.00000 0 -45.000 -0.111 -45.000 -0.000 0 NA
190.00 0.03000 190.1 0.00000 0 -45.000 -0.111 -45.000 -0.000 0 NA
195.00 0.03000 195.0 0.00000 0 -45.000 -0.111 -45.000 -0.000 0 NA
200.00 0.03000 200.1 0.00000 0 -45.000 -0.111 -45.000 -0.000 0 NA
205.00 0.03000 205.1 0.00000 0 -45.000 -0.111 -45.000 -0.000 0 NA
210.00 0.03000 210.1 0.00000 0 -45.000 -0.111 -45.000 -0.000 0 NA
215.00 0.03000 215.1 0.00000 0 -45.000 -0.111 -45.000 -0.000 0 NA
220.00 0.03000 220.1 0.00000 0 -45.000 -0.111 -45.000 -0.000 0 NA
225.00 0.03000 225.1 0.00000 0 -45.000 -0.111 -45.000 -0.000 0 NA
230.00 0.03000 230.1 0.00000 0 -45.000 -0.111 -45.000 -0.000 0 NA
235.00 0.03000 235.1 0.00000 0 -45.000 -0.111 -45.000 -0.000 0 NA
240.00 0.03000 240.1 0.00000 0 -45.000 -0.111 -45.000 -0.000 0 NA
245.00 0.03000 245.1 0.00000 0 -45.000 -0.111 -45.000 -0.000 0 NA
250.00 0.03000 250.1 0.00000 0 -45.000 -0.111 -45.000 -0.000 0 NA
255.00 0.03000 255.1 0.00000 0 -45.000 -0.111 -45.000 -0.000 0 NA
260.00 0.03000 260.1 0.00000 0 -45.000 -0.111 -45.000 -0.000 0 NA
265.00 0.03000 265.1 0.00000 0 -45.000 -0.111 -45.000 -0.000 0 NA
270.00 0.03000 270.1 0.00000 0 -45.000 -0.111 -45.000 -0.000 0 NA
275.00 0.03000 275.1 0.00000 0 -45.000 -0.111 -45.000 -0.000 0 NA
280.00 0.03000 280.1 0.00000 0 -45.000 -0.111 -45.000 -0.000 0 NA
285.00 0.03000 285.1 0.00000 0 -45.000 -0.111 -45.000 -0.000 0 NA
290.00 0.03000 290.1 0.00000 0 -45.000 -0.111 -45.000 -0.000 0 NA
295.00 0.03000 295.1 0.00000 0 -45.000 -0.111 -45.000 -0.000 0 NA
300.00 0.03000 300.1 0.00000 0 -45.000 -0.111 -45.000 -0.000 0 NA
305.00 0.03000 305.1 0.00000 0 -45.000 -0.111 -45.000 -0.000 0 NA
310.00 0.03000 310.1 0.00000 0 -45.000 -0.111 -45.000 -0.000 0 NA
315.00 0.03000 315.1 0.00000 0 -45.000 -0.111 -45.000 -0.000 0 NA
320.00 0.03000 320.1 0.00000 0 -45.000 -0.111 -45.000 -0.000 0 NA
325.00 0.03000 325.1 0.00000 0 -45.000 -0.111 -45.000 -0.000 0 NA
330.00 0.03000 330.1 0.00000 0 -45.000 -0.111 -45.000 -0.000 0 NA
335.00 0.03000 335.1 0.00000 0 -45.000 -0.111 -45.000 -0.000 0 NA
340.00 0.03000 340.1 0.00006 0 -45.000 -0.111 -45.000 -0.000 0 NA
345.00 0.03000 345.1 0.00007 0 -45.000 -0.111 -45.000 -0.000 0 NA
350.00 0.03000 350.1 0.00010 0 -45.000 -0.111 -45.000 -0.000 0 NA
355.00 0.03000 355.1 0.00015 0 -45.000 -0.111 -45.000 -0.000 0 NA
360.00 0.03000 360.1 0.00021 0 -45.000 -0.111 -45.000 -0.000 0 NA
365.00 0.03000 365.1 0.00030 0 -45.000 -0.111 -45.000 -0.000 0 NA
370.00 0.03000 370.1 0.00042 0 -45.000 -0.111 -45.000 -0.000 0 NA
375.00 0.03000 375.1 0.00056 0 -45.000 -0.111 -45.000 -0.000 0 NA
380.00 0.03000 380.1 0.00075 0 -45.000 -0.111 -45.000 -0.000 0 NA
385.00 0.03000 385.1 0.00096 0 -45.000 -0.111 -45.000 -0.000 0 NA
390.00 0.03000 390.1 0.00121 0 -45.000 -0.111 -45.000 -0.000 0 NA
395.00 0.03000 395.1 0.00149 0 -45.000 -0.111 -45.000 -0.000 0 NA
400.00 0.03000 400.1 0.00182 0 -45.000 -0.111 -45.000 -0.000 0 NA
405.00 0.03000 405.0 0.00219 0 -45.000 -0.111 -45.000 -0.000 0 NA
410.00 0.03000 410.1 0.00258 0 -45.000 -0.111 -45.000 -0.000 0 NA
415.00 0.03000 415.1 0.00302 0 -45.000 -0.111 -45.000 -0.000 0 NA
420.00 0.03000 420.1 0.00350 0 -45.000 -0.111 -45.000 -0.000 0 NA
425.00 0.03000 425.0 0.00402 0 -45.000 -0.111 -45.000 -0.000 0 NA
430.00 0.03000 430.0 0.00457 0 -45.000 -0.111 -45.000 -0.000 0 NA
435.00 0.03000 435.0 0.00516 0 -45.000 -0.111 -45.000 -0.000 0 NA
440.00 0.03000 440.0 0.00580 0 -45.000 -0.111 -45.000 -0.000 0 NA
445.00 0.03000 445.0 0.00646 0 -45.000 -0.111 -45.000 -0.000 0 NA
450.00 0.03000 450.0 0.00716 0 -45.000 -0.111 -45.000 -0.000 0 NA
