% * Sample: VT62_26-HYTRON-BROWNBASE
% * Date / time: 2025-05-25 14:15:32.158861
% * R2CONTROL =  NOT SPECIFIED
% Column 1:  PSU1 nominal voltage setting (V)
% Column 2:  PSU1 nominal current setting (A)
% Column 3:  PSU1 voltage measurement (V)
% Column 4:  PSU1 current measurement (I)
% Column 5:  PSU1 limiter flag
% Column 6:  PSU2 nominal voltage setting (V)
% Column 7:  PSU2 nominal current setting (A)
% Column 8:  PSU2 voltage measurement (V)
% Column 9:  PSU2 current measurement (I)
% Column 10: PSU2 limiter flag
% Column 11: Heaterblock temperature (°C)
% * OPERATING POINT AT END OF PREHEAT / IDLE: U1 = 300.0 V  I1 = 0.02000 A  U2 = -25.848 V  I2 = -0.000 A  T = NA °C
0.00 0.03000 0.1 0.00147 0 -0.000 -1.000 -2.994 -0.000 0 NA
5.00 0.03000 5.0 0.00230 0 -0.000 -1.000 -2.394 -0.000 0 NA
10.00 0.03000 10.0 0.00317 0 -0.000 -1.000 -1.780 -0.000 0 NA
15.00 0.03000 15.0 0.00401 0 -0.000 -1.000 -1.506 -0.000 0 NA
20.00 0.03000 20.0 0.00482 0 -0.000 -1.000 -1.225 -0.000 0 NA
25.00 0.03000 25.0 0.00560 0 -0.000 -1.000 -1.100 -0.000 0 NA
30.00 0.03000 30.0 0.00638 0 -0.000 -1.000 -0.971 -0.000 0 NA
35.00 0.03000 35.0 0.00717 0 -0.000 -1.000 -0.890 -0.000 0 NA
40.00 0.03000 40.0 0.00796 0 -0.000 -1.000 -0.853 -0.000 0 NA
45.00 0.03000 45.0 0.00874 0 -0.000 -1.000 -0.815 -0.000 0 NA
50.00 0.03000 50.0 0.00954 0 -0.000 -1.000 -0.798 -0.000 0 NA
55.00 0.03000 55.0 0.01035 0 -0.000 -1.000 -0.779 -0.000 0 NA
60.00 0.03000 60.0 0.01115 0 -0.000 -1.000 -0.767 -0.000 0 NA
65.00 0.03000 65.0 0.01199 0 -0.000 -1.000 -0.761 -0.000 0 NA
70.00 0.03000 70.0 0.01284 0 -0.000 -1.000 -0.754 -0.000 0 NA
75.00 0.03000 75.0 0.01370 0 -0.000 -1.000 -0.751 -0.000 0 NA
80.00 0.03000 80.0 0.01458 0 -0.000 -1.000 -0.747 -0.000 0 NA
85.00 0.03000 85.0 0.01547 0 -0.000 -1.000 -0.745 -0.000 0 NA
90.00 0.03000 90.0 0.01639 0 -0.000 -1.000 -0.742 -0.000 0 NA
95.00 0.03000 95.0 0.01730 0 -0.000 -1.000 -0.741 -0.000 0 NA
100.00 0.03000 100.0 0.01824 0 -0.000 -1.000 -0.739 -0.000 0 NA
105.00 0.03000 105.0 0.01918 0 -0.000 -1.000 -0.738 -0.000 0 NA
110.00 0.03000 110.0 0.02015 0 -0.000 -1.000 -0.737 -0.000 0 NA
115.00 0.03000 115.0 0.02112 0 -0.000 -1.000 -0.737 -0.000 0 NA
120.00 0.03000 120.0 0.02210 0 -0.000 -1.000 -0.737 -0.000 0 NA
125.00 0.03000 125.0 0.02310 0 -0.000 -1.000 -0.737 -0.000 0 NA
130.00 0.03000 130.0 0.02412 0 -0.000 -1.000 -0.737 -0.000 0 NA
135.00 0.03000 135.0 0.02515 0 -0.000 -1.000 -0.737 -0.000 0 NA
140.00 0.03000 140.0 0.02619 0 -0.000 -1.000 -0.737 -0.000 0 NA
145.00 0.03000 145.0 0.02724 0 -0.000 -1.000 -0.737 -0.000 0 NA
150.00 0.03000 150.0 0.02831 0 -0.000 -1.000 -0.737 -0.000 0 NA
155.00 0.03000 155.0 0.02938 0 -0.000 -1.000 -0.738 -0.000 0 NA
160.00 0.03000 160.0 0.03047 1 -0.000 -1.000 -0.738 -0.000 0 NA
0.00 0.03000 0.1 0.00082 0 -5.000 -1.000 -5.000 -0.000 0 NA
5.00 0.03000 5.0 0.00109 0 -5.000 -1.000 -5.000 -0.000 0 NA
10.00 0.03000 10.0 0.00142 0 -5.000 -1.000 -5.000 -0.000 0 NA
15.00 0.03000 15.0 0.00177 0 -5.000 -1.000 -5.000 -0.000 0 NA
20.00 0.03000 20.0 0.00216 0 -5.000 -1.000 -5.000 -0.000 0 NA
25.00 0.03000 25.0 0.00260 0 -5.000 -1.000 -5.000 -0.000 0 NA
30.00 0.03000 30.0 0.00308 0 -5.000 -1.000 -5.000 -0.000 0 NA
35.00 0.03000 35.0 0.00361 0 -5.000 -1.000 -5.000 -0.000 0 NA
40.00 0.03000 40.0 0.00418 0 -5.000 -1.000 -5.000 -0.000 0 NA
45.00 0.03000 45.0 0.00478 0 -5.000 -1.000 -5.000 -0.000 0 NA
50.00 0.03000 50.0 0.00541 0 -5.000 -1.000 -5.000 -0.000 0 NA
55.00 0.03000 55.0 0.00607 0 -5.000 -1.000 -5.000 -0.000 0 NA
60.00 0.03000 60.0 0.00675 0 -5.000 -1.000 -5.000 -0.000 0 NA
65.00 0.03000 65.0 0.00746 0 -5.000 -1.000 -5.000 -0.000 0 NA
70.00 0.03000 70.0 0.00820 0 -5.000 -1.000 -5.000 -0.000 0 NA
75.00 0.03000 75.0 0.00894 0 -5.000 -1.000 -5.000 -0.000 0 NA
80.00 0.03000 80.0 0.00972 0 -5.000 -1.000 -5.000 -0.000 0 NA
85.00 0.03000 85.0 0.01050 0 -5.000 -1.000 -5.000 -0.000 0 NA
90.00 0.03000 90.0 0.01131 0 -5.000 -1.000 -5.000 -0.000 0 NA
95.00 0.03000 95.0 0.01213 0 -5.000 -1.000 -5.000 -0.000 0 NA
100.00 0.03000 100.0 0.01297 0 -5.000 -1.000 -5.000 -0.000 0 NA
105.00 0.03000 105.0 0.01383 0 -5.000 -1.000 -5.000 -0.000 0 NA
110.00 0.03000 110.0 0.01469 0 -5.000 -1.000 -5.000 -0.000 0 NA
115.00 0.03000 115.0 0.01558 0 -5.000 -1.000 -5.000 -0.000 0 NA
120.00 0.03000 120.0 0.01648 0 -5.000 -1.000 -5.000 -0.000 0 NA
125.00 0.03000 125.0 0.01739 0 -5.000 -1.000 -5.000 -0.000 0 NA
130.00 0.03000 130.0 0.01832 0 -5.000 -1.000 -5.000 -0.000 0 NA
135.00 0.03000 135.0 0.01927 0 -5.000 -1.000 -5.000 -0.000 0 NA
140.00 0.03000 140.0 0.02022 0 -5.000 -1.000 -5.000 -0.000 0 NA
145.00 0.03000 145.0 0.02120 0 -5.000 -1.000 -5.000 -0.000 0 NA
150.00 0.03000 150.0 0.02218 0 -5.000 -1.000 -5.000 -0.000 0 NA
155.00 0.03000 155.0 0.02318 0 -5.000 -1.000 -5.000 -0.000 0 NA
160.00 0.03000 160.0 0.02420 0 -5.000 -1.000 -5.000 -0.000 0 NA
165.00 0.03000 165.0 0.02522 0 -5.000 -1.000 -5.000 -0.000 0 NA
170.00 0.03000 170.0 0.02626 0 -5.000 -1.000 -5.000 -0.000 0 NA
175.00 0.03000 175.0 0.02731 0 -5.000 -1.000 -5.000 -0.000 0 NA
180.00 0.03000 180.0 0.02838 0 -5.000 -1.000 -5.000 -0.000 0 NA
185.00 0.03000 185.0 0.02945 0 -5.000 -1.000 -5.000 -0.000 0 NA
190.00 0.03000 190.0 0.03054 1 -5.000 -1.000 -5.000 -0.000 0 NA
0.00 0.03000 0.1 0.00000 0 -10.000 -0.500 -10.000 -0.000 0 NA
5.00 0.03000 5.0 0.00005 0 -10.000 -0.500 -10.000 -0.000 0 NA
10.00 0.03000 10.0 0.00009 0 -10.000 -0.500 -10.000 -0.000 0 NA
15.00 0.03000 15.0 0.00016 0 -10.000 -0.500 -10.000 -0.000 0 NA
20.00 0.03000 20.0 0.00026 0 -10.000 -0.500 -10.000 -0.000 0 NA
25.00 0.03000 25.0 0.00039 0 -10.000 -0.500 -10.000 -0.000 0 NA
30.00 0.03000 30.0 0.00056 0 -10.000 -0.500 -10.000 -0.000 0 NA
35.00 0.03000 35.0 0.00078 0 -10.000 -0.500 -10.000 -0.000 0 NA
40.00 0.03000 40.0 0.00102 0 -10.000 -0.500 -10.000 -0.000 0 NA
45.00 0.03000 45.0 0.00130 0 -10.000 -0.500 -10.000 -0.000 0 NA
50.00 0.03000 50.0 0.00162 0 -10.000 -0.500 -10.000 -0.000 0 NA
55.00 0.03000 55.0 0.00198 0 -10.000 -0.500 -10.000 -0.000 0 NA
60.00 0.03000 60.0 0.00237 0 -10.000 -0.500 -10.000 -0.000 0 NA
65.00 0.03000 65.0 0.00281 0 -10.000 -0.500 -10.000 -0.000 0 NA
70.00 0.03000 70.0 0.00330 0 -10.000 -0.500 -10.000 -0.000 0 NA
75.00 0.03000 75.0 0.00383 0 -10.000 -0.500 -10.000 -0.000 0 NA
80.00 0.03000 80.0 0.00440 0 -10.000 -0.500 -10.000 -0.000 0 NA
85.00 0.03000 85.0 0.00501 0 -10.000 -0.500 -10.000 -0.000 0 NA
90.00 0.03000 90.0 0.00565 0 -10.000 -0.500 -10.000 -0.000 0 NA
95.00 0.03000 95.0 0.00631 0 -10.000 -0.500 -10.000 -0.000 0 NA
100.00 0.03000 100.0 0.00701 0 -10.000 -0.500 -10.000 -0.000 0 NA
105.00 0.03000 105.0 0.00773 0 -10.000 -0.500 -10.000 -0.000 0 NA
110.00 0.03000 110.0 0.00846 0 -10.000 -0.500 -10.000 -0.000 0 NA
115.00 0.03000 115.0 0.00922 0 -10.000 -0.500 -10.000 -0.000 0 NA
120.00 0.03000 120.0 0.01000 0 -10.000 -0.500 -10.000 -0.000 0 NA
125.00 0.03000 125.0 0.01078 0 -10.000 -0.500 -10.000 -0.000 0 NA
130.00 0.03000 130.0 0.01160 0 -10.000 -0.500 -10.000 -0.000 0 NA
135.00 0.03000 135.0 0.01243 0 -10.000 -0.500 -10.000 -0.000 0 NA
140.00 0.03000 140.0 0.01328 0 -10.000 -0.500 -10.000 -0.000 0 NA
145.00 0.03000 145.0 0.01414 0 -10.000 -0.500 -10.000 -0.000 0 NA
150.00 0.03000 150.0 0.01503 0 -10.000 -0.500 -10.000 -0.000 0 NA
155.00 0.03000 155.0 0.01592 0 -10.000 -0.500 -10.000 -0.000 0 NA
160.00 0.03000 160.0 0.01683 0 -10.000 -0.500 -10.000 -0.000 0 NA
165.00 0.03000 165.0 0.01775 0 -10.000 -0.500 -10.000 -0.000 0 NA
170.00 0.03000 170.0 0.01869 0 -10.000 -0.500 -10.000 -0.000 0 NA
175.00 0.03000 175.0 0.01965 0 -10.000 -0.500 -10.000 -0.000 0 NA
180.00 0.03000 180.0 0.02061 0 -10.000 -0.500 -10.000 -0.000 0 NA
185.00 0.03000 185.0 0.02159 0 -10.000 -0.500 -10.000 -0.000 0 NA
190.00 0.03000 190.0 0.02259 0 -10.000 -0.500 -10.000 -0.000 0 NA
195.00 0.03000 195.0 0.02359 0 -10.000 -0.500 -10.000 -0.000 0 NA
200.00 0.03000 200.0 0.02462 0 -10.000 -0.500 -10.000 -0.000 0 NA
205.00 0.03000 205.0 0.02565 0 -10.000 -0.500 -10.000 -0.000 0 NA
210.00 0.03000 210.0 0.02670 0 -10.000 -0.500 -10.000 -0.000 0 NA
215.00 0.03000 215.0 0.02776 0 -10.000 -0.500 -10.000 -0.000 0 NA
220.00 0.03000 220.0 0.02883 0 -10.000 -0.500 -10.000 -0.000 0 NA
225.00 0.03000 225.0 0.02993 0 -10.000 -0.500 -10.000 -0.000 0 NA
230.00 0.03000 230.1 0.03102 1 -10.000 -0.500 -10.000 -0.000 0 NA
0.00 0.03000 0.1 0.00000 0 -15.000 -0.333 -15.000 -0.000 0 NA
5.00 0.03000 5.0 0.00000 0 -15.000 -0.333 -15.000 -0.000 0 NA
10.00 0.03000 10.0 0.00000 0 -15.000 -0.333 -15.000 -0.000 0 NA
15.00 0.03000 15.0 0.00000 0 -15.000 -0.333 -15.000 -0.000 0 NA
20.00 0.03000 20.0 0.00000 0 -15.000 -0.333 -15.000 -0.000 0 NA
25.00 0.03000 25.0 0.00000 0 -15.000 -0.333 -15.000 -0.000 0 NA
30.00 0.03000 30.0 0.00000 0 -15.000 -0.333 -15.000 -0.000 0 NA
35.00 0.03000 35.0 0.00000 0 -15.000 -0.333 -15.000 -0.000 0 NA
40.00 0.03000 40.0 0.00000 0 -15.000 -0.333 -15.000 -0.000 0 NA
45.00 0.03000 45.0 0.00006 0 -15.000 -0.333 -15.000 -0.000 0 NA
50.00 0.03000 50.0 0.00011 0 -15.000 -0.333 -15.000 -0.000 0 NA
55.00 0.03000 55.0 0.00019 0 -15.000 -0.333 -15.000 -0.000 0 NA
60.00 0.03000 60.0 0.00029 0 -15.000 -0.333 -15.000 -0.000 0 NA
65.00 0.03000 65.0 0.00043 0 -15.000 -0.333 -15.000 -0.000 0 NA
70.00 0.03000 70.0 0.00061 0 -15.000 -0.333 -15.000 -0.000 0 NA
75.00 0.03000 75.0 0.00082 0 -15.000 -0.333 -15.000 -0.000 0 NA
80.00 0.03000 80.0 0.00107 0 -15.000 -0.333 -15.000 -0.000 0 NA
85.00 0.03000 85.0 0.00136 0 -15.000 -0.333 -15.000 -0.000 0 NA
90.00 0.03000 90.0 0.00169 0 -15.000 -0.333 -15.000 -0.000 0 NA
95.00 0.03000 95.0 0.00205 0 -15.000 -0.333 -15.000 -0.000 0 NA
100.00 0.03000 100.0 0.00246 0 -15.000 -0.333 -15.000 -0.000 0 NA
105.00 0.03000 105.0 0.00290 0 -15.000 -0.333 -15.000 -0.000 0 NA
110.00 0.03000 110.0 0.00339 0 -15.000 -0.333 -15.000 -0.000 0 NA
115.00 0.03000 115.0 0.00392 0 -15.000 -0.333 -15.000 -0.000 0 NA
120.00 0.03000 120.0 0.00449 0 -15.000 -0.333 -15.000 -0.000 0 NA
125.00 0.03000 125.0 0.00511 0 -15.000 -0.333 -15.000 -0.000 0 NA
130.00 0.03000 130.0 0.00575 0 -15.000 -0.333 -15.000 -0.000 0 NA
135.00 0.03000 135.0 0.00641 0 -15.000 -0.333 -15.000 -0.000 0 NA
140.00 0.03000 140.0 0.00711 0 -15.000 -0.333 -15.000 -0.000 0 NA
145.00 0.03000 145.0 0.00782 0 -15.000 -0.333 -15.000 -0.000 0 NA
150.00 0.03000 150.0 0.00857 0 -15.000 -0.333 -15.000 -0.000 0 NA
155.00 0.03000 155.0 0.00933 0 -15.000 -0.333 -15.000 -0.000 0 NA
160.00 0.03000 160.0 0.01011 0 -15.000 -0.333 -15.000 -0.000 0 NA
165.00 0.03000 165.0 0.01091 0 -15.000 -0.333 -15.000 -0.000 0 NA
170.00 0.03000 170.0 0.01173 0 -15.000 -0.333 -15.000 -0.000 0 NA
175.00 0.03000 175.0 0.01256 0 -15.000 -0.333 -15.000 -0.000 0 NA
180.00 0.03000 180.0 0.01341 0 -15.000 -0.333 -15.000 -0.000 0 NA
185.00 0.03000 185.0 0.01428 0 -15.000 -0.333 -15.000 -0.000 0 NA
190.00 0.03000 190.0 0.01518 0 -15.000 -0.333 -15.000 -0.000 0 NA
195.00 0.03000 195.0 0.01607 0 -15.000 -0.333 -15.000 -0.000 0 NA
200.00 0.03000 200.0 0.01699 0 -15.000 -0.333 -15.000 -0.000 0 NA
205.00 0.03000 205.0 0.01792 0 -15.000 -0.333 -15.000 -0.000 0 NA
210.00 0.03000 210.0 0.01887 0 -15.000 -0.333 -15.000 -0.000 0 NA
215.00 0.03000 215.0 0.01982 0 -15.000 -0.333 -15.000 -0.000 0 NA
220.00 0.03000 220.0 0.02080 0 -15.000 -0.333 -15.000 -0.000 0 NA
225.00 0.03000 225.0 0.02179 0 -15.000 -0.333 -15.000 -0.000 0 NA
230.00 0.03000 230.1 0.02279 0 -15.000 -0.333 -15.000 -0.000 0 NA
235.00 0.03000 235.0 0.02381 0 -15.000 -0.333 -15.000 -0.000 0 NA
240.00 0.03000 240.1 0.02484 0 -15.000 -0.333 -15.000 -0.000 0 NA
245.00 0.03000 245.0 0.02588 0 -15.000 -0.333 -15.000 -0.000 0 NA
250.00 0.03000 250.1 0.02694 0 -15.000 -0.333 -15.000 -0.000 0 NA
255.00 0.03000 255.0 0.02800 0 -15.000 -0.333 -15.000 -0.000 0 NA
260.00 0.03000 260.1 0.02909 0 -15.000 -0.333 -15.000 -0.000 0 NA
265.00 0.03000 265.0 0.03018 1 -15.000 -0.333 -15.000 -0.000 0 NA
0.00 0.03000 0.1 0.00000 0 -20.000 -0.250 -20.000 -0.000 0 NA
5.00 0.03000 5.0 0.00000 0 -20.000 -0.250 -20.000 -0.000 0 NA
10.00 0.03000 10.0 0.00000 0 -20.000 -0.250 -20.000 -0.000 0 NA
15.00 0.03000 15.0 0.00000 0 -20.000 -0.250 -20.000 -0.000 0 NA
20.00 0.03000 20.0 0.00000 0 -20.000 -0.250 -20.000 -0.000 0 NA
25.00 0.03000 25.0 0.00000 0 -20.000 -0.250 -20.000 -0.000 0 NA
30.00 0.03000 30.0 0.00000 0 -20.000 -0.250 -20.000 -0.000 0 NA
35.00 0.03000 35.0 0.00000 0 -20.000 -0.250 -20.000 -0.000 0 NA
40.00 0.03000 40.0 0.00000 0 -20.000 -0.250 -20.000 -0.000 0 NA
45.00 0.03000 45.0 0.00000 0 -20.000 -0.250 -20.000 -0.000 0 NA
50.00 0.03000 50.0 0.00000 0 -20.000 -0.250 -20.000 -0.000 0 NA
55.00 0.03000 55.0 0.00000 0 -20.000 -0.250 -20.000 -0.000 0 NA
60.00 0.03000 60.0 0.00000 0 -20.000 -0.250 -20.000 -0.000 0 NA
65.00 0.03000 65.0 0.00000 0 -20.000 -0.250 -20.000 -0.000 0 NA
70.00 0.03000 70.0 0.00000 0 -20.000 -0.250 -20.000 -0.000 0 NA
75.00 0.03000 75.0 0.00000 0 -20.000 -0.250 -20.000 -0.000 0 NA
80.00 0.03000 80.0 0.00005 0 -20.000 -0.250 -20.000 -0.000 0 NA
85.00 0.03000 85.0 0.00008 0 -20.000 -0.250 -20.000 -0.000 0 NA
90.00 0.03000 90.0 0.00014 0 -20.000 -0.250 -20.000 -0.000 0 NA
95.00 0.03000 95.0 0.00021 0 -20.000 -0.250 -20.000 -0.000 0 NA
100.00 0.03000 100.0 0.00033 0 -20.000 -0.250 -20.000 -0.000 0 NA
105.00 0.03000 105.0 0.00048 0 -20.000 -0.250 -20.000 -0.000 0 NA
110.00 0.03000 110.0 0.00066 0 -20.000 -0.250 -20.000 -0.000 0 NA
115.00 0.03000 115.0 0.00088 0 -20.000 -0.250 -20.000 -0.000 0 NA
120.00 0.03000 120.0 0.00114 0 -20.000 -0.250 -20.000 -0.000 0 NA
125.00 0.03000 125.0 0.00144 0 -20.000 -0.250 -20.000 -0.000 0 NA
130.00 0.03000 130.0 0.00177 0 -20.000 -0.250 -20.000 -0.000 0 NA
135.00 0.03000 135.0 0.00214 0 -20.000 -0.250 -20.000 -0.000 0 NA
140.00 0.03000 140.0 0.00255 0 -20.000 -0.250 -20.000 -0.000 0 NA
145.00 0.03000 145.0 0.00300 0 -20.000 -0.250 -20.000 -0.000 0 NA
150.00 0.03000 150.0 0.00349 0 -20.000 -0.250 -20.000 -0.000 0 NA
155.00 0.03000 155.0 0.00403 0 -20.000 -0.250 -20.000 -0.000 0 NA
160.00 0.03000 160.0 0.00461 0 -20.000 -0.250 -20.000 -0.000 0 NA
165.00 0.03000 165.0 0.00521 0 -20.000 -0.250 -20.000 -0.000 0 NA
170.00 0.03000 170.0 0.00586 0 -20.000 -0.250 -20.000 -0.000 0 NA
175.00 0.03000 175.0 0.00653 0 -20.000 -0.250 -20.000 -0.000 0 NA
180.00 0.03000 180.0 0.00723 0 -20.000 -0.250 -20.000 -0.000 0 NA
185.00 0.03000 185.0 0.00795 0 -20.000 -0.250 -20.000 -0.000 0 NA
190.00 0.03000 190.0 0.00870 0 -20.000 -0.250 -20.000 -0.000 0 NA
195.00 0.03000 195.0 0.00946 0 -20.000 -0.250 -20.000 -0.000 0 NA
200.00 0.03000 200.0 0.01025 0 -20.000 -0.250 -20.000 -0.000 0 NA
205.00 0.03000 205.0 0.01106 0 -20.000 -0.250 -20.000 -0.000 0 NA
210.00 0.03000 210.0 0.01188 0 -20.000 -0.250 -20.000 -0.000 0 NA
215.00 0.03000 215.0 0.01272 0 -20.000 -0.250 -20.000 -0.000 0 NA
220.00 0.03000 220.0 0.01358 0 -20.000 -0.250 -20.000 -0.000 0 NA
225.00 0.03000 225.0 0.01446 0 -20.000 -0.250 -20.000 -0.000 0 NA
230.00 0.03000 230.1 0.01535 0 -20.000 -0.250 -20.000 -0.000 0 NA
235.00 0.03000 235.0 0.01625 0 -20.000 -0.250 -20.000 -0.000 0 NA
240.00 0.03000 240.1 0.01718 0 -20.000 -0.250 -20.000 -0.000 0 NA
245.00 0.03000 245.0 0.01812 0 -20.000 -0.250 -20.000 -0.000 0 NA
250.00 0.03000 250.1 0.01907 0 -20.000 -0.250 -20.000 -0.000 0 NA
255.00 0.03000 255.0 0.02003 0 -20.000 -0.250 -20.000 -0.000 0 NA
260.00 0.03000 260.1 0.02101 0 -20.000 -0.250 -20.000 -0.000 0 NA
265.00 0.03000 265.0 0.02201 0 -20.000 -0.250 -20.000 -0.000 0 NA
270.00 0.03000 270.0 0.02302 0 -20.000 -0.250 -20.000 -0.000 0 NA
275.00 0.03000 275.0 0.02405 0 -20.000 -0.250 -20.000 -0.000 0 NA
280.00 0.03000 280.1 0.02509 0 -20.000 -0.250 -20.000 -0.000 0 NA
285.00 0.03000 285.0 0.02613 0 -20.000 -0.250 -20.000 -0.000 0 NA
290.00 0.03000 290.0 0.02719 0 -20.000 -0.250 -20.000 -0.000 0 NA
295.00 0.03000 295.0 0.02828 0 -20.000 -0.250 -20.000 -0.000 0 NA
300.00 0.03000 300.0 0.02938 0 -20.000 -0.250 -20.000 -0.000 0 NA
305.00 0.03000 305.0 0.03048 1 -20.000 -0.250 -20.000 -0.000 0 NA
0.00 0.03000 0.1 0.00000 0 -25.000 -0.200 -25.000 -0.000 0 NA
5.00 0.03000 5.0 0.00000 0 -25.000 -0.200 -25.000 -0.000 0 NA
10.00 0.03000 10.0 0.00000 0 -25.000 -0.200 -25.000 -0.000 0 NA
15.00 0.03000 15.0 0.00000 0 -25.000 -0.200 -25.000 -0.000 0 NA
20.00 0.03000 20.0 0.00000 0 -25.000 -0.200 -25.000 -0.000 0 NA
25.00 0.03000 25.0 0.00000 0 -25.000 -0.200 -25.000 -0.000 0 NA
30.00 0.03000 30.0 0.00000 0 -25.000 -0.200 -25.000 -0.000 0 NA
35.00 0.03000 35.0 0.00000 0 -25.000 -0.200 -25.000 -0.000 0 NA
40.00 0.03000 40.0 0.00000 0 -25.000 -0.200 -25.000 -0.000 0 NA
45.00 0.03000 45.0 0.00000 0 -25.000 -0.200 -25.000 -0.000 0 NA
50.00 0.03000 50.0 0.00000 0 -25.000 -0.200 -25.000 -0.000 0 NA
55.00 0.03000 55.0 0.00000 0 -25.000 -0.200 -25.000 -0.000 0 NA
60.00 0.03000 60.0 0.00000 0 -25.000 -0.200 -25.000 -0.000 0 NA
65.00 0.03000 65.0 0.00000 0 -25.000 -0.200 -25.000 -0.000 0 NA
70.00 0.03000 70.0 0.00000 0 -25.000 -0.200 -25.000 -0.000 0 NA
75.00 0.03000 75.0 0.00000 0 -25.000 -0.200 -25.000 -0.000 0 NA
80.00 0.03000 80.0 0.00000 0 -25.000 -0.200 -25.000 -0.000 0 NA
85.00 0.03000 85.0 0.00000 0 -25.000 -0.200 -25.000 -0.000 0 NA
90.00 0.03000 90.0 0.00000 0 -25.000 -0.200 -25.000 -0.000 0 NA
95.00 0.03000 95.0 0.00000 0 -25.000 -0.200 -25.000 -0.000 0 NA
100.00 0.03000 100.0 0.00000 0 -25.000 -0.200 -25.000 -0.000 0 NA
105.00 0.03000 105.0 0.00000 0 -25.000 -0.200 -25.000 -0.000 0 NA
110.00 0.03000 110.0 0.00000 0 -25.000 -0.200 -25.000 -0.000 0 NA
115.00 0.03000 115.0 0.00000 0 -25.000 -0.200 -25.000 -0.000 0 NA
120.00 0.03000 120.0 0.00006 0 -25.000 -0.200 -25.000 -0.000 0 NA
125.00 0.03000 125.0 0.00010 0 -25.000 -0.200 -25.000 -0.000 0 NA
130.00 0.03000 130.0 0.00016 0 -25.000 -0.200 -25.000 -0.000 0 NA
135.00 0.03000 135.0 0.00025 0 -25.000 -0.200 -25.000 -0.000 0 NA
140.00 0.03000 140.0 0.00037 0 -25.000 -0.200 -25.000 -0.000 0 NA
145.00 0.03000 145.0 0.00053 0 -25.000 -0.200 -25.000 -0.000 0 NA
150.00 0.03000 150.0 0.00072 0 -25.000 -0.200 -25.000 -0.000 0 NA
155.00 0.03000 155.0 0.00095 0 -25.000 -0.200 -25.000 -0.000 0 NA
160.00 0.03000 160.0 0.00122 0 -25.000 -0.200 -25.000 -0.000 0 NA
165.00 0.03000 165.0 0.00152 0 -25.000 -0.200 -25.000 -0.000 0 NA
170.00 0.03000 170.0 0.00186 0 -25.000 -0.200 -25.000 -0.000 0 NA
175.00 0.03000 175.0 0.00224 0 -25.000 -0.200 -25.000 -0.000 0 NA
180.00 0.03000 180.0 0.00266 0 -25.000 -0.200 -25.000 -0.000 0 NA
185.00 0.03000 185.0 0.00312 0 -25.000 -0.200 -25.000 -0.000 0 NA
190.00 0.03000 190.0 0.00362 0 -25.000 -0.200 -25.000 -0.000 0 NA
195.00 0.03000 195.0 0.00415 0 -25.000 -0.200 -25.000 -0.000 0 NA
200.00 0.03000 200.0 0.00473 0 -25.000 -0.200 -25.000 -0.000 0 NA
205.00 0.03000 205.0 0.00534 0 -25.000 -0.200 -25.000 -0.000 0 NA
210.00 0.03000 210.0 0.00598 0 -25.000 -0.200 -25.000 -0.000 0 NA
215.00 0.03000 215.0 0.00666 0 -25.000 -0.200 -25.000 -0.000 0 NA
220.00 0.03000 220.0 0.00736 0 -25.000 -0.200 -25.000 -0.000 0 NA
225.00 0.03000 225.0 0.00809 0 -25.000 -0.200 -25.000 -0.000 0 NA
230.00 0.03000 230.1 0.00883 0 -25.000 -0.200 -25.000 -0.000 0 NA
235.00 0.03000 235.0 0.00960 0 -25.000 -0.200 -25.000 -0.000 0 NA
240.00 0.03000 240.1 0.01040 0 -25.000 -0.200 -25.000 -0.000 0 NA
245.00 0.03000 245.0 0.01121 0 -25.000 -0.200 -25.000 -0.000 0 NA
250.00 0.03000 250.1 0.01204 0 -25.000 -0.200 -25.000 -0.000 0 NA
255.00 0.03000 255.0 0.01289 0 -25.000 -0.200 -25.000 -0.000 0 NA
260.00 0.03000 260.1 0.01376 0 -25.000 -0.200 -25.000 -0.000 0 NA
265.00 0.03000 265.0 0.01463 0 -25.000 -0.200 -25.000 -0.000 0 NA
270.00 0.03000 270.0 0.01554 0 -25.000 -0.200 -25.000 -0.000 0 NA
275.00 0.03000 275.0 0.01645 0 -25.000 -0.200 -25.000 -0.000 0 NA
280.00 0.03000 280.1 0.01739 0 -25.000 -0.200 -25.000 -0.000 0 NA
285.00 0.03000 285.0 0.01833 0 -25.000 -0.200 -25.000 -0.000 0 NA
290.00 0.03000 290.0 0.01930 0 -25.000 -0.200 -25.000 -0.000 0 NA
295.00 0.03000 295.0 0.02026 0 -25.000 -0.200 -25.000 -0.000 0 NA
300.00 0.03000 300.0 0.02125 0 -25.000 -0.200 -25.000 -0.000 0 NA
305.00 0.03000 305.0 0.02226 0 -25.000 -0.200 -25.000 -0.000 0 NA
310.00 0.03000 310.0 0.02328 0 -25.000 -0.200 -25.000 -0.000 0 NA
315.00 0.03000 315.0 0.02431 0 -25.000 -0.200 -25.000 -0.000 0 NA
320.00 0.03000 320.0 0.02535 0 -25.000 -0.200 -25.000 -0.000 0 NA
325.00 0.03000 325.0 0.02642 0 -25.000 -0.200 -25.000 -0.000 0 NA
330.00 0.03000 330.0 0.02750 0 -25.000 -0.200 -25.000 -0.000 0 NA
335.00 0.03000 335.0 0.02859 0 -25.000 -0.200 -25.000 -0.000 0 NA
340.00 0.03000 340.0 0.02969 0 -25.000 -0.200 -25.000 -0.000 0 NA
345.00 0.03000 345.0 0.03080 1 -25.000 -0.200 -25.000 -0.000 0 NA
0.00 0.03000 0.1 0.00000 0 -30.000 -0.167 -30.000 -0.000 0 NA
5.00 0.03000 5.0 0.00000 0 -30.000 -0.167 -30.000 -0.000 0 NA
10.00 0.03000 10.0 0.00000 0 -30.000 -0.167 -30.000 -0.000 0 NA
15.00 0.03000 15.0 0.00000 0 -30.000 -0.167 -30.000 -0.000 0 NA
20.00 0.03000 20.0 0.00000 0 -30.000 -0.167 -30.000 -0.000 0 NA
25.00 0.03000 25.0 0.00000 0 -30.000 -0.167 -30.000 -0.000 0 NA
30.00 0.03000 30.0 0.00000 0 -30.000 -0.167 -30.000 -0.000 0 NA
35.00 0.03000 35.0 0.00000 0 -30.000 -0.167 -30.000 -0.000 0 NA
40.00 0.03000 40.0 0.00000 0 -30.000 -0.167 -30.000 -0.000 0 NA
45.00 0.03000 45.0 0.00000 0 -30.000 -0.167 -30.000 -0.000 0 NA
50.00 0.03000 50.0 0.00000 0 -30.000 -0.167 -30.000 -0.000 0 NA
55.00 0.03000 55.0 0.00000 0 -30.000 -0.167 -30.000 -0.000 0 NA
60.00 0.03000 60.0 0.00000 0 -30.000 -0.167 -30.000 -0.000 0 NA
65.00 0.03000 65.0 0.00000 0 -30.000 -0.167 -30.000 -0.000 0 NA
70.00 0.03000 70.0 0.00000 0 -30.000 -0.167 -30.000 -0.000 0 NA
75.00 0.03000 75.0 0.00000 0 -30.000 -0.167 -30.000 -0.000 0 NA
80.00 0.03000 80.0 0.00000 0 -30.000 -0.167 -30.000 -0.000 0 NA
85.00 0.03000 85.0 0.00000 0 -30.000 -0.167 -30.000 -0.000 0 NA
90.00 0.03000 90.0 0.00000 0 -30.000 -0.167 -30.000 -0.000 0 NA
95.00 0.03000 95.0 0.00000 0 -30.000 -0.167 -30.000 -0.000 0 NA
100.00 0.03000 100.0 0.00000 0 -30.000 -0.167 -30.000 -0.000 0 NA
105.00 0.03000 105.0 0.00000 0 -30.000 -0.167 -30.000 -0.000 0 NA
110.00 0.03000 110.0 0.00000 0 -30.000 -0.167 -30.000 -0.000 0 NA
115.00 0.03000 115.0 0.00000 0 -30.000 -0.167 -30.000 -0.000 0 NA
120.00 0.03000 120.0 0.00000 0 -30.000 -0.167 -30.000 -0.000 0 NA
125.00 0.03000 125.0 0.00000 0 -30.000 -0.167 -30.000 -0.000 0 NA
130.00 0.03000 130.0 0.00000 0 -30.000 -0.167 -30.000 -0.000 0 NA
135.00 0.03000 135.0 0.00000 0 -30.000 -0.167 -30.000 -0.000 0 NA
140.00 0.03000 140.0 0.00000 0 -30.000 -0.167 -30.000 -0.000 0 NA
145.00 0.03000 145.0 0.00000 0 -30.000 -0.167 -30.000 -0.000 0 NA
150.00 0.03000 150.0 0.00000 0 -30.000 -0.167 -30.000 -0.000 0 NA
155.00 0.03000 155.0 0.00005 0 -30.000 -0.167 -30.000 -0.000 0 NA
160.00 0.03000 160.0 0.00007 0 -30.000 -0.167 -30.000 -0.000 0 NA
165.00 0.03000 165.0 0.00012 0 -30.000 -0.167 -30.000 -0.000 0 NA
170.00 0.03000 170.0 0.00019 0 -30.000 -0.167 -30.000 -0.000 0 NA
175.00 0.03000 175.0 0.00028 0 -30.000 -0.167 -30.000 -0.000 0 NA
180.00 0.03000 180.0 0.00042 0 -30.000 -0.167 -30.000 -0.000 0 NA
185.00 0.03000 185.0 0.00059 0 -30.000 -0.167 -30.000 -0.000 0 NA
190.00 0.03000 190.0 0.00079 0 -30.000 -0.167 -30.000 -0.000 0 NA
195.00 0.03000 195.0 0.00103 0 -30.000 -0.167 -30.000 -0.000 0 NA
200.00 0.03000 200.0 0.00130 0 -30.000 -0.167 -30.000 -0.000 0 NA
205.00 0.03000 205.0 0.00161 0 -30.000 -0.167 -30.000 -0.000 0 NA
210.00 0.03000 210.0 0.00196 0 -30.000 -0.167 -30.000 -0.000 0 NA
215.00 0.03000 215.0 0.00234 0 -30.000 -0.167 -30.000 -0.000 0 NA
220.00 0.03000 220.0 0.00276 0 -30.000 -0.167 -30.000 -0.000 0 NA
225.00 0.03000 225.0 0.00323 0 -30.000 -0.167 -30.000 -0.000 0 NA
230.00 0.03000 230.1 0.00374 0 -30.000 -0.167 -30.000 -0.000 0 NA
235.00 0.03000 235.0 0.00428 0 -30.000 -0.167 -30.000 -0.000 0 NA
240.00 0.03000 240.1 0.00486 0 -30.000 -0.167 -30.000 -0.000 0 NA
245.00 0.03000 245.0 0.00547 0 -30.000 -0.167 -30.000 -0.000 0 NA
250.00 0.03000 250.1 0.00612 0 -30.000 -0.167 -30.000 -0.000 0 NA
255.00 0.03000 255.0 0.00680 0 -30.000 -0.167 -30.000 -0.000 0 NA
260.00 0.03000 260.1 0.00751 0 -30.000 -0.167 -30.000 -0.000 0 NA
265.00 0.03000 265.0 0.00823 0 -30.000 -0.167 -30.000 -0.000 0 NA
270.00 0.03000 270.0 0.00898 0 -30.000 -0.167 -30.000 -0.000 0 NA
275.00 0.03000 275.0 0.00976 0 -30.000 -0.167 -30.000 -0.000 0 NA
280.00 0.03000 280.1 0.01056 0 -30.000 -0.167 -30.000 -0.000 0 NA
285.00 0.03000 285.0 0.01137 0 -30.000 -0.167 -30.000 -0.000 0 NA
290.00 0.03000 290.0 0.01220 0 -30.000 -0.167 -30.000 -0.000 0 NA
295.00 0.03000 295.0 0.01306 0 -30.000 -0.167 -30.000 -0.000 0 NA
300.00 0.03000 300.0 0.01394 0 -30.000 -0.167 -30.000 -0.000 0 NA
305.00 0.03000 305.0 0.01483 0 -30.000 -0.167 -30.000 -0.000 0 NA
310.00 0.03000 310.0 0.01573 0 -30.000 -0.167 -30.000 -0.000 0 NA
315.00 0.03000 315.0 0.01666 0 -30.000 -0.167 -30.000 -0.000 0 NA
320.00 0.03000 320.0 0.01760 0 -30.000 -0.167 -30.000 -0.000 0 NA
325.00 0.03000 325.0 0.01855 0 -30.000 -0.167 -30.000 -0.000 0 NA
330.00 0.03000 330.0 0.01952 0 -30.000 -0.167 -30.000 -0.000 0 NA
335.00 0.03000 335.0 0.02051 0 -30.000 -0.167 -30.000 -0.000 0 NA
340.00 0.03000 340.0 0.02150 0 -30.000 -0.167 -30.000 -0.000 0 NA
345.00 0.03000 345.0 0.02252 0 -30.000 -0.167 -30.000 -0.000 0 NA
350.00 0.03000 350.0 0.02355 0 -30.000 -0.167 -30.000 -0.000 0 NA
355.00 0.03000 355.0 0.02459 0 -30.000 -0.167 -30.000 -0.000 0 NA
360.00 0.03000 360.0 0.02566 0 -30.000 -0.167 -30.000 -0.000 0 NA
365.00 0.03000 365.0 0.02673 0 -30.000 -0.167 -30.000 -0.000 0 NA
370.00 0.03000 370.0 0.02782 0 -30.000 -0.167 -30.000 -0.000 0 NA
375.00 0.03000 375.0 0.02891 0 -30.000 -0.167 -30.000 -0.000 0 NA
380.00 0.03000 380.0 0.03002 1 -30.000 -0.167 -30.000 -0.000 0 NA
0.00 0.03000 0.1 0.00000 0 -35.000 -0.143 -35.000 -0.000 0 NA
5.00 0.03000 5.0 0.00000 0 -35.000 -0.143 -35.000 -0.000 0 NA
10.00 0.03000 10.0 0.00000 0 -35.000 -0.143 -35.000 -0.000 0 NA
15.00 0.03000 15.0 0.00000 0 -35.000 -0.143 -35.000 -0.000 0 NA
20.00 0.03000 20.0 0.00000 0 -35.000 -0.143 -35.000 -0.000 0 NA
25.00 0.03000 25.0 0.00000 0 -35.000 -0.143 -35.000 -0.000 0 NA
30.00 0.03000 30.0 0.00000 0 -35.000 -0.143 -35.000 -0.000 0 NA
35.00 0.03000 35.0 0.00000 0 -35.000 -0.143 -35.000 -0.000 0 NA
40.00 0.03000 40.0 0.00000 0 -35.000 -0.143 -35.000 -0.000 0 NA
45.00 0.03000 45.0 0.00000 0 -35.000 -0.143 -35.000 -0.000 0 NA
50.00 0.03000 50.0 0.00000 0 -35.000 -0.143 -35.000 -0.000 0 NA
55.00 0.03000 55.0 0.00000 0 -35.000 -0.143 -35.000 -0.000 0 NA
60.00 0.03000 60.0 0.00000 0 -35.000 -0.143 -35.000 -0.000 0 NA
65.00 0.03000 65.0 0.00000 0 -35.000 -0.143 -35.000 -0.000 0 NA
70.00 0.03000 70.0 0.00000 0 -35.000 -0.143 -35.000 -0.000 0 NA
75.00 0.03000 75.0 0.00000 0 -35.000 -0.143 -35.000 -0.000 0 NA
80.00 0.03000 80.0 0.00000 0 -35.000 -0.143 -35.000 -0.000 0 NA
85.00 0.03000 85.0 0.00000 0 -35.000 -0.143 -35.000 -0.000 0 NA
90.00 0.03000 90.0 0.00000 0 -35.000 -0.143 -35.000 -0.000 0 NA
95.00 0.03000 95.0 0.00000 0 -35.000 -0.143 -35.000 -0.000 0 NA
100.00 0.03000 100.0 0.00000 0 -35.000 -0.143 -35.000 -0.000 0 NA
105.00 0.03000 105.0 0.00000 0 -35.000 -0.143 -35.000 -0.000 0 NA
110.00 0.03000 110.0 0.00000 0 -35.000 -0.143 -35.000 -0.000 0 NA
115.00 0.03000 115.0 0.00000 0 -35.000 -0.143 -35.000 -0.000 0 NA
120.00 0.03000 120.0 0.00000 0 -35.000 -0.143 -35.000 -0.000 0 NA
125.00 0.03000 125.0 0.00000 0 -35.000 -0.143 -35.000 -0.000 0 NA
130.00 0.03000 130.0 0.00000 0 -35.000 -0.143 -35.000 -0.000 0 NA
135.00 0.03000 135.0 0.00000 0 -35.000 -0.143 -35.000 -0.000 0 NA
140.00 0.03000 140.0 0.00000 0 -35.000 -0.143 -35.000 -0.000 0 NA
145.00 0.03000 145.0 0.00000 0 -35.000 -0.143 -35.000 -0.000 0 NA
150.00 0.03000 150.0 0.00000 0 -35.000 -0.143 -35.000 -0.000 0 NA
155.00 0.03000 155.0 0.00000 0 -35.000 -0.143 -35.000 -0.000 0 NA
160.00 0.03000 160.0 0.00000 0 -35.000 -0.143 -35.000 -0.000 0 NA
165.00 0.03000 165.0 0.00000 0 -35.000 -0.143 -35.000 -0.000 0 NA
170.00 0.03000 170.0 0.00000 0 -35.000 -0.143 -35.000 -0.000 0 NA
175.00 0.03000 175.0 0.00000 0 -35.000 -0.143 -35.000 -0.000 0 NA
180.00 0.03000 180.0 0.00000 0 -35.000 -0.143 -35.000 -0.000 0 NA
185.00 0.03000 185.0 0.00000 0 -35.000 -0.143 -35.000 -0.000 0 NA
190.00 0.03000 190.0 0.00000 0 -35.000 -0.143 -35.000 -0.000 0 NA
195.00 0.03000 195.0 0.00007 0 -35.000 -0.143 -35.000 -0.000 0 NA
200.00 0.03000 200.0 0.00010 0 -35.000 -0.143 -35.000 -0.000 0 NA
205.00 0.03000 205.0 0.00015 0 -35.000 -0.143 -35.000 -0.000 0 NA
210.00 0.03000 210.0 0.00022 0 -35.000 -0.143 -35.000 -0.000 0 NA
215.00 0.03000 215.0 0.00034 0 -35.000 -0.143 -35.000 -0.000 0 NA
220.00 0.03000 220.0 0.00048 0 -35.000 -0.143 -35.000 -0.000 0 NA
225.00 0.03000 225.0 0.00065 0 -35.000 -0.143 -35.000 -0.000 0 NA
230.00 0.03000 230.1 0.00087 0 -35.000 -0.143 -35.000 -0.000 0 NA
235.00 0.03000 235.0 0.00112 0 -35.000 -0.143 -35.000 -0.000 0 NA
240.00 0.03000 240.1 0.00140 0 -35.000 -0.143 -35.000 -0.000 0 NA
245.00 0.03000 245.0 0.00171 0 -35.000 -0.143 -35.000 -0.000 0 NA
250.00 0.03000 250.1 0.00207 0 -35.000 -0.143 -35.000 -0.000 0 NA
255.00 0.03000 255.0 0.00247 0 -35.000 -0.143 -35.000 -0.000 0 NA
260.00 0.03000 260.1 0.00290 0 -35.000 -0.143 -35.000 -0.000 0 NA
265.00 0.03000 265.0 0.00337 0 -35.000 -0.143 -35.000 -0.000 0 NA
270.00 0.03000 270.0 0.00388 0 -35.000 -0.143 -35.000 -0.000 0 NA
275.00 0.03000 275.0 0.00442 0 -35.000 -0.143 -35.000 -0.000 0 NA
280.00 0.03000 280.1 0.00501 0 -35.000 -0.143 -35.000 -0.000 0 NA
285.00 0.03000 285.0 0.00562 0 -35.000 -0.143 -35.000 -0.000 0 NA
290.00 0.03000 290.0 0.00628 0 -35.000 -0.143 -35.000 -0.000 0 NA
295.00 0.03000 295.0 0.00696 0 -35.000 -0.143 -35.000 -0.000 0 NA
300.00 0.03000 300.0 0.00766 0 -35.000 -0.143 -35.000 -0.000 0 NA
305.00 0.03000 305.0 0.00840 0 -35.000 -0.143 -35.000 -0.000 0 NA
310.00 0.03000 310.0 0.00915 0 -35.000 -0.143 -35.000 -0.000 0 NA
315.00 0.03000 315.0 0.00993 0 -35.000 -0.143 -35.000 -0.000 0 NA
320.00 0.03000 320.0 0.01074 0 -35.000 -0.143 -35.000 -0.000 0 NA
325.00 0.03000 325.0 0.01157 0 -35.000 -0.143 -35.000 -0.000 0 NA
330.00 0.03000 330.0 0.01241 0 -35.000 -0.143 -35.000 -0.000 0 NA
335.00 0.03000 335.0 0.01327 0 -35.000 -0.143 -35.000 -0.000 0 NA
340.00 0.03000 340.0 0.01414 0 -35.000 -0.143 -35.000 -0.000 0 NA
345.00 0.03000 345.0 0.01504 0 -35.000 -0.143 -35.000 -0.000 0 NA
350.00 0.03000 350.0 0.01596 0 -35.000 -0.143 -35.000 -0.000 0 NA
355.00 0.03000 355.0 0.01689 0 -35.000 -0.143 -35.000 -0.000 0 NA
360.00 0.03000 360.0 0.01784 0 -35.000 -0.143 -35.000 -0.000 0 NA
365.00 0.03000 365.0 0.01880 0 -35.000 -0.143 -35.000 -0.000 0 NA
370.00 0.03000 370.0 0.01978 0 -35.000 -0.143 -35.000 -0.000 0 NA
375.00 0.03000 375.0 0.02078 0 -35.000 -0.143 -35.000 -0.000 0 NA
380.00 0.03000 380.0 0.02179 0 -35.000 -0.143 -35.000 -0.000 0 NA
385.00 0.03000 385.0 0.02282 0 -35.000 -0.143 -35.000 -0.000 0 NA
390.00 0.03000 390.0 0.02386 0 -35.000 -0.143 -35.000 -0.000 0 NA
395.00 0.03000 395.0 0.02491 0 -35.000 -0.143 -35.000 -0.000 0 NA
400.00 0.03000 400.0 0.02598 0 -35.000 -0.143 -35.000 -0.000 0 NA
405.00 0.03000 404.6 0.02699 0 -35.000 -0.143 -35.000 -0.000 0 NA
410.00 0.03000 410.0 0.02817 0 -35.000 -0.143 -35.000 -0.000 0 NA
415.00 0.03000 415.0 0.02928 0 -35.000 -0.143 -35.000 -0.000 0 NA
420.00 0.03000 420.0 0.03042 1 -35.000 -0.143 -35.000 -0.000 0 NA
0.00 0.03000 0.1 0.00000 0 -40.000 -0.125 -40.000 -0.000 0 NA
5.00 0.03000 5.0 0.00000 0 -40.000 -0.125 -40.000 -0.000 0 NA
10.00 0.03000 10.0 0.00000 0 -40.000 -0.125 -40.000 -0.000 0 NA
15.00 0.03000 15.0 0.00000 0 -40.000 -0.125 -40.000 -0.000 0 NA
20.00 0.03000 20.0 0.00000 0 -40.000 -0.125 -40.000 -0.000 0 NA
25.00 0.03000 25.0 0.00000 0 -40.000 -0.125 -40.000 -0.000 0 NA
30.00 0.03000 30.0 0.00000 0 -40.000 -0.125 -40.000 -0.000 0 NA
35.00 0.03000 35.0 0.00000 0 -40.000 -0.125 -40.000 -0.000 0 NA
40.00 0.03000 40.0 0.00000 0 -40.000 -0.125 -40.000 -0.000 0 NA
45.00 0.03000 45.0 0.00000 0 -40.000 -0.125 -40.000 -0.000 0 NA
50.00 0.03000 50.0 0.00000 0 -40.000 -0.125 -40.000 -0.000 0 NA
55.00 0.03000 55.0 0.00000 0 -40.000 -0.125 -40.000 -0.000 0 NA
60.00 0.03000 60.0 0.00000 0 -40.000 -0.125 -40.000 -0.000 0 NA
65.00 0.03000 65.0 0.00000 0 -40.000 -0.125 -40.000 -0.000 0 NA
70.00 0.03000 70.0 0.00000 0 -40.000 -0.125 -40.000 -0.000 0 NA
75.00 0.03000 75.0 0.00000 0 -40.000 -0.125 -40.000 -0.000 0 NA
80.00 0.03000 80.0 0.00000 0 -40.000 -0.125 -40.000 -0.000 0 NA
85.00 0.03000 85.0 0.00000 0 -40.000 -0.125 -40.000 -0.000 0 NA
90.00 0.03000 90.0 0.00000 0 -40.000 -0.125 -40.000 -0.000 0 NA
95.00 0.03000 95.0 0.00000 0 -40.000 -0.125 -40.000 -0.000 0 NA
100.00 0.03000 100.0 0.00000 0 -40.000 -0.125 -40.000 -0.000 0 NA
105.00 0.03000 105.0 0.00000 0 -40.000 -0.125 -40.000 -0.000 0 NA
110.00 0.03000 110.0 0.00000 0 -40.000 -0.125 -40.000 -0.000 0 NA
115.00 0.03000 115.0 0.00000 0 -40.000 -0.125 -40.000 -0.000 0 NA
120.00 0.03000 120.0 0.00000 0 -40.000 -0.125 -40.000 -0.000 0 NA
125.00 0.03000 125.0 0.00000 0 -40.000 -0.125 -40.000 -0.000 0 NA
130.00 0.03000 130.0 0.00000 0 -40.000 -0.125 -40.000 -0.000 0 NA
135.00 0.03000 135.0 0.00000 0 -40.000 -0.125 -40.000 -0.000 0 NA
140.00 0.03000 140.0 0.00000 0 -40.000 -0.125 -40.000 -0.000 0 NA
145.00 0.03000 145.0 0.00000 0 -40.000 -0.125 -40.000 -0.000 0 NA
150.00 0.03000 150.0 0.00000 0 -40.000 -0.125 -40.000 -0.000 0 NA
155.00 0.03000 155.0 0.00000 0 -40.000 -0.125 -40.000 -0.000 0 NA
160.00 0.03000 160.0 0.00000 0 -40.000 -0.125 -40.000 -0.000 0 NA
165.00 0.03000 165.0 0.00000 0 -40.000 -0.125 -40.000 -0.000 0 NA
170.00 0.03000 170.0 0.00000 0 -40.000 -0.125 -40.000 -0.000 0 NA
175.00 0.03000 175.0 0.00000 0 -40.000 -0.125 -40.000 -0.000 0 NA
180.00 0.03000 180.0 0.00000 0 -40.000 -0.125 -40.000 -0.000 0 NA
185.00 0.03000 185.0 0.00000 0 -40.000 -0.125 -40.000 -0.000 0 NA
190.00 0.03000 190.0 0.00000 0 -40.000 -0.125 -40.000 -0.000 0 NA
195.00 0.03000 195.0 0.00000 0 -40.000 -0.125 -40.000 -0.000 0 NA
200.00 0.03000 200.0 0.00000 0 -40.000 -0.125 -40.000 -0.000 0 NA
205.00 0.03000 205.0 0.00000 0 -40.000 -0.125 -40.000 -0.000 0 NA
210.00 0.03000 210.0 0.00000 0 -40.000 -0.125 -40.000 -0.000 0 NA
215.00 0.03000 215.0 0.00000 0 -40.000 -0.125 -40.000 -0.000 0 NA
220.00 0.03000 220.0 0.00000 0 -40.000 -0.125 -40.000 -0.000 0 NA
225.00 0.03000 225.0 0.00000 0 -40.000 -0.125 -40.000 -0.000 0 NA
230.00 0.03000 230.1 0.00005 0 -40.000 -0.125 -40.000 -0.000 0 NA
235.00 0.03000 235.0 0.00007 0 -40.000 -0.125 -40.000 -0.000 0 NA
240.00 0.03000 240.1 0.00012 0 -40.000 -0.125 -40.000 -0.000 0 NA
245.00 0.03000 245.0 0.00018 0 -40.000 -0.125 -40.000 -0.000 0 NA
250.00 0.03000 250.1 0.00027 0 -40.000 -0.125 -40.000 -0.000 0 NA
255.00 0.03000 255.0 0.00038 0 -40.000 -0.125 -40.000 -0.000 0 NA
260.00 0.03000 260.1 0.00054 0 -40.000 -0.125 -40.000 -0.000 0 NA
265.00 0.03000 265.0 0.00072 0 -40.000 -0.125 -40.000 -0.000 0 NA
270.00 0.03000 270.0 0.00094 0 -40.000 -0.125 -40.000 -0.000 0 NA
275.00 0.03000 275.0 0.00120 0 -40.000 -0.125 -40.000 -0.000 0 NA
280.00 0.03000 280.1 0.00149 0 -40.000 -0.125 -40.000 -0.000 0 NA
285.00 0.03000 285.0 0.00182 0 -40.000 -0.125 -40.000 -0.000 0 NA
290.00 0.03000 290.0 0.00219 0 -40.000 -0.125 -40.000 -0.000 0 NA
295.00 0.03000 295.0 0.00259 0 -40.000 -0.125 -40.000 -0.000 0 NA
300.00 0.03000 300.0 0.00303 0 -40.000 -0.125 -40.000 -0.000 0 NA
305.00 0.03000 305.0 0.00350 0 -40.000 -0.125 -40.000 -0.000 0 NA
310.00 0.03000 310.0 0.00402 0 -40.000 -0.125 -40.000 -0.000 0 NA
315.00 0.03000 315.0 0.00457 0 -40.000 -0.125 -40.000 -0.000 0 NA
320.00 0.03000 320.0 0.00516 0 -40.000 -0.125 -40.000 -0.000 0 NA
325.00 0.03000 325.0 0.00578 0 -40.000 -0.125 -40.000 -0.000 0 NA
330.00 0.03000 330.0 0.00644 0 -40.000 -0.125 -40.000 -0.000 0 NA
335.00 0.03000 335.0 0.00712 0 -40.000 -0.125 -40.000 -0.000 0 NA
340.00 0.03000 340.0 0.00783 0 -40.000 -0.125 -40.000 -0.000 0 NA
345.00 0.03000 345.0 0.00857 0 -40.000 -0.125 -40.000 -0.000 0 NA
350.00 0.03000 350.0 0.00933 0 -40.000 -0.125 -40.000 -0.000 0 NA
355.00 0.03000 355.0 0.01012 0 -40.000 -0.125 -40.000 -0.000 0 NA
360.00 0.03000 360.0 0.01093 0 -40.000 -0.125 -40.000 -0.000 0 NA
365.00 0.03000 365.0 0.01176 0 -40.000 -0.125 -40.000 -0.000 0 NA
370.00 0.03000 370.0 0.01261 0 -40.000 -0.125 -40.000 -0.000 0 NA
375.00 0.03000 375.0 0.01348 0 -40.000 -0.125 -40.000 -0.000 0 NA
380.00 0.03000 380.0 0.01436 0 -40.000 -0.125 -40.000 -0.000 0 NA
385.00 0.03000 385.0 0.01526 0 -40.000 -0.125 -40.000 -0.000 0 NA
390.00 0.03000 390.0 0.01618 0 -40.000 -0.125 -40.000 -0.000 0 NA
395.00 0.03000 395.0 0.01713 0 -40.000 -0.125 -40.000 -0.000 0 NA
400.00 0.03000 400.0 0.01809 0 -40.000 -0.125 -40.000 -0.000 0 NA
405.00 0.03000 405.0 0.01906 0 -40.000 -0.125 -40.000 -0.000 0 NA
410.00 0.03000 410.0 0.02005 0 -40.000 -0.125 -40.000 -0.000 0 NA
415.00 0.03000 415.0 0.02106 0 -40.000 -0.125 -40.000 -0.000 0 NA
420.00 0.03000 420.0 0.02208 0 -40.000 -0.125 -40.000 -0.000 0 NA
425.00 0.03000 425.0 0.02313 0 -40.000 -0.125 -40.000 -0.000 0 NA
430.00 0.03000 430.0 0.02418 0 -40.000 -0.125 -40.000 -0.000 0 NA
435.00 0.03000 435.0 0.02525 0 -40.000 -0.125 -40.000 -0.000 0 NA
440.00 0.03000 440.0 0.02633 0 -40.000 -0.125 -40.000 -0.000 0 NA
445.00 0.03000 445.0 0.02742 0 -40.000 -0.125 -40.000 -0.000 0 NA
450.00 0.03000 450.0 0.02853 0 -40.000 -0.125 -40.000 -0.000 0 NA
0.00 0.03000 0.1 0.00000 0 -45.000 -0.111 -45.000 -0.000 0 NA
5.00 0.03000 5.0 0.00000 0 -45.000 -0.111 -45.000 -0.000 0 NA
10.00 0.03000 10.0 0.00000 0 -45.000 -0.111 -45.000 -0.000 0 NA
15.00 0.03000 15.0 0.00000 0 -45.000 -0.111 -45.000 -0.000 0 NA
20.00 0.03000 20.0 0.00000 0 -45.000 -0.111 -45.000 -0.000 0 NA
25.00 0.03000 25.0 0.00000 0 -45.000 -0.111 -45.000 -0.000 0 NA
30.00 0.03000 30.0 0.00000 0 -45.000 -0.111 -45.000 -0.000 0 NA
35.00 0.03000 35.0 0.00000 0 -45.000 -0.111 -45.000 -0.000 0 NA
40.00 0.03000 40.0 0.00000 0 -45.000 -0.111 -45.000 -0.000 0 NA
45.00 0.03000 45.0 0.00000 0 -45.000 -0.111 -45.000 -0.000 0 NA
50.00 0.03000 50.0 0.00000 0 -45.000 -0.111 -45.000 -0.000 0 NA
55.00 0.03000 55.0 0.00000 0 -45.000 -0.111 -45.000 -0.000 0 NA
60.00 0.03000 60.0 0.00000 0 -45.000 -0.111 -45.000 -0.000 0 NA
65.00 0.03000 65.0 0.00000 0 -45.000 -0.111 -45.000 -0.000 0 NA
70.00 0.03000 70.0 0.00000 0 -45.000 -0.111 -45.000 -0.000 0 NA
75.00 0.03000 75.0 0.00000 0 -45.000 -0.111 -45.000 -0.000 0 NA
80.00 0.03000 80.0 0.00000 0 -45.000 -0.111 -45.000 -0.000 0 NA
85.00 0.03000 85.0 0.00000 0 -45.000 -0.111 -45.000 -0.000 0 NA
90.00 0.03000 90.0 0.00000 0 -45.000 -0.111 -45.000 -0.000 0 NA
95.00 0.03000 95.0 0.00000 0 -45.000 -0.111 -45.000 -0.000 0 NA
100.00 0.03000 100.0 0.00000 0 -45.000 -0.111 -45.000 -0.000 0 NA
105.00 0.03000 105.0 0.00000 0 -45.000 -0.111 -45.000 -0.000 0 NA
110.00 0.03000 110.0 0.00000 0 -45.000 -0.111 -45.000 -0.000 0 NA
115.00 0.03000 115.0 0.00000 0 -45.000 -0.111 -45.000 -0.000 0 NA
120.00 0.03000 120.0 0.00000 0 -45.000 -0.111 -45.000 -0.000 0 NA
125.00 0.03000 125.0 0.00000 0 -45.000 -0.111 -45.000 -0.000 0 NA
130.00 0.03000 130.0 0.00000 0 -45.000 -0.111 -45.000 -0.000 0 NA
135.00 0.03000 135.0 0.00000 0 -45.000 -0.111 -45.000 -0.000 0 NA
140.00 0.03000 140.0 0.00000 0 -45.000 -0.111 -45.000 -0.000 0 NA
145.00 0.03000 145.0 0.00000 0 -45.000 -0.111 -45.000 -0.000 0 NA
150.00 0.03000 150.0 0.00000 0 -45.000 -0.111 -45.000 -0.000 0 NA
155.00 0.03000 155.0 0.00000 0 -45.000 -0.111 -45.000 -0.000 0 NA
160.00 0.03000 160.0 0.00000 0 -45.000 -0.111 -45.000 -0.000 0 NA
165.00 0.03000 165.0 0.00000 0 -45.000 -0.111 -45.000 -0.000 0 NA
170.00 0.03000 170.0 0.00000 0 -45.000 -0.111 -45.000 -0.000 0 NA
175.00 0.03000 175.0 0.00000 0 -45.000 -0.111 -45.000 -0.000 0 NA
180.00 0.03000 180.0 0.00000 0 -45.000 -0.111 -45.000 -0.000 0 NA
185.00 0.03000 185.0 0.00000 0 -45.000 -0.111 -45.000 -0.000 0 NA
190.00 0.03000 190.0 0.00000 0 -45.000 -0.111 -45.000 -0.000 0 NA
195.00 0.03000 195.0 0.00000 0 -45.000 -0.111 -45.000 -0.000 0 NA
200.00 0.03000 200.0 0.00000 0 -45.000 -0.111 -45.000 -0.000 0 NA
205.00 0.03000 205.0 0.00000 0 -45.000 -0.111 -45.000 -0.000 0 NA
210.00 0.03000 210.0 0.00000 0 -45.000 -0.111 -45.000 -0.000 0 NA
215.00 0.03000 215.0 0.00000 0 -45.000 -0.111 -45.000 -0.000 0 NA
220.00 0.03000 220.0 0.00000 0 -45.000 -0.111 -45.000 -0.000 0 NA
225.00 0.03000 225.0 0.00000 0 -45.000 -0.111 -45.000 -0.000 0 NA
230.00 0.03000 230.1 0.00000 0 -45.000 -0.111 -45.000 -0.000 0 NA
235.00 0.03000 235.0 0.00000 0 -45.000 -0.111 -45.000 -0.000 0 NA
240.00 0.03000 240.1 0.00000 0 -45.000 -0.111 -45.000 -0.000 0 NA
245.00 0.03000 245.0 0.00000 0 -45.000 -0.111 -45.000 -0.000 0 NA
250.00 0.03000 250.1 0.00000 0 -45.000 -0.111 -45.000 -0.000 0 NA
255.00 0.03000 255.0 0.00000 0 -45.000 -0.111 -45.000 -0.000 0 NA
260.00 0.03000 260.1 0.00000 0 -45.000 -0.111 -45.000 -0.000 0 NA
265.00 0.03000 265.0 0.00005 0 -45.000 -0.111 -45.000 -0.000 0 NA
270.00 0.03000 270.0 0.00007 0 -45.000 -0.111 -45.000 -0.000 0 NA
275.00 0.03000 275.0 0.00010 0 -45.000 -0.111 -45.000 -0.000 0 NA
280.00 0.03000 280.1 0.00014 0 -45.000 -0.111 -45.000 -0.000 0 NA
285.00 0.03000 285.0 0.00021 0 -45.000 -0.111 -45.000 -0.000 0 NA
290.00 0.03000 290.0 0.00031 0 -45.000 -0.111 -45.000 -0.000 0 NA
295.00 0.03000 295.0 0.00043 0 -45.000 -0.111 -45.000 -0.000 0 NA
300.00 0.03000 300.0 0.00060 0 -45.000 -0.111 -45.000 -0.000 0 NA
305.00 0.03000 305.0 0.00080 0 -45.000 -0.111 -45.000 -0.000 0 NA
310.00 0.03000 310.0 0.00103 0 -45.000 -0.111 -45.000 -0.000 0 NA
315.00 0.03000 315.0 0.00129 0 -45.000 -0.111 -45.000 -0.000 0 NA
320.00 0.03000 320.0 0.00160 0 -45.000 -0.111 -45.000 -0.000 0 NA
325.00 0.03000 325.0 0.00193 0 -45.000 -0.111 -45.000 -0.000 0 NA
330.00 0.03000 330.0 0.00231 0 -45.000 -0.111 -45.000 -0.000 0 NA
335.00 0.03000 335.0 0.00272 0 -45.000 -0.111 -45.000 -0.000 0 NA
340.00 0.03000 340.0 0.00317 0 -45.000 -0.111 -45.000 -0.000 0 NA
345.00 0.03000 345.0 0.00365 0 -45.000 -0.111 -45.000 -0.000 0 NA
350.00 0.03000 350.0 0.00418 0 -45.000 -0.111 -45.000 -0.000 0 NA
355.00 0.03000 355.0 0.00473 0 -45.000 -0.111 -45.000 -0.000 0 NA
360.00 0.03000 360.0 0.00532 0 -45.000 -0.111 -45.000 -0.000 0 NA
365.00 0.03000 365.0 0.00596 0 -45.000 -0.111 -45.000 -0.000 0 NA
370.00 0.03000 370.0 0.00661 0 -45.000 -0.111 -45.000 -0.000 0 NA
375.00 0.03000 375.0 0.00731 0 -45.000 -0.111 -45.000 -0.000 0 NA
380.00 0.03000 380.0 0.00802 0 -45.000 -0.111 -45.000 -0.000 0 NA
385.00 0.03000 385.0 0.00876 0 -45.000 -0.111 -45.000 -0.000 0 NA
390.00 0.03000 390.0 0.00952 0 -45.000 -0.111 -45.000 -0.000 0 NA
395.00 0.03000 395.0 0.01032 0 -45.000 -0.111 -45.000 -0.000 0 NA
400.00 0.03000 400.0 0.01114 0 -45.000 -0.111 -45.000 -0.000 0 NA
405.00 0.03000 405.0 0.01199 0 -45.000 -0.111 -45.000 -0.000 0 NA
410.00 0.03000 410.0 0.01284 0 -45.000 -0.111 -45.000 -0.000 0 NA
415.00 0.03000 415.0 0.01371 0 -45.000 -0.111 -45.000 -0.000 0 NA
420.00 0.03000 420.0 0.01461 0 -45.000 -0.111 -45.000 -0.000 0 NA
425.00 0.03000 425.0 0.01552 0 -45.000 -0.111 -45.000 -0.000 0 NA
430.00 0.03000 430.0 0.01645 0 -45.000 -0.111 -45.000 -0.000 0 NA
435.00 0.03000 435.0 0.01740 0 -45.000 -0.111 -45.000 -0.000 0 NA
440.00 0.03000 440.0 0.01836 0 -45.000 -0.111 -45.000 -0.000 0 NA
445.00 0.03000 445.0 0.01935 0 -45.000 -0.111 -45.000 -0.000 0 NA
450.00 0.03000 450.0 0.02036 0 -45.000 -0.111 -45.000 -0.000 0 NA
