% * Sample: 2SK82_31
% * Date / time: 2023-11-12 12:53:03.210228
% * R2CONTROL =  NOT SPECIFIED
% Column 1:  PSU1 nominal voltage setting (V)
% Column 2:  PSU1 nominal current setting (A)
% Column 3:  PSU1 voltage measurement (V)
% Column 4:  PSU1 current measurement (I)
% Column 5:  PSU1 limiter flag
% Column 6:  PSU2 nominal voltage setting (V)
% Column 7:  PSU2 nominal current setting (A)
% Column 8:  PSU2 voltage measurement (V)
% Column 9:  PSU2 current measurement (I)
% Column 10: PSU2 limiter flag
% Column 11: Heaterblock temperature (°C)
% * OPERATING POINT AT END OF PREHEAT / IDLE: U1 = 20.000 V  I1 = 1.6003 A  U2 = -6.462 V  I2 = -0.0002 A  T = 50.25 °C
0.000 6.0000 0.000 0.0005 0 -0.000 -1.0000 -0.000 -0.0001 0 50.19
2.000 6.0000 2.001 1.5487 0 -0.000 -1.0000 -0.000 -0.0001 0 50.00
4.000 6.0000 4.001 2.6586 0 -0.000 -1.0000 -0.000 -0.0001 0 49.88
6.000 6.0000 6.001 3.4539 0 -0.000 -1.0000 -0.000 -0.0001 0 49.81
8.000 6.0000 7.999 4.0335 0 -0.000 -1.0000 -0.000 -0.0001 0 49.81
10.000 6.0000 10.000 4.4637 0 -0.000 -1.0000 -0.000 -0.0001 0 50.06
12.000 6.0000 12.000 4.7879 0 -0.000 -1.0000 -0.000 -0.0001 0 50.25
14.000 6.0000 13.999 5.0306 0 -0.000 -1.0000 -0.000 -0.0001 0 50.44
16.000 5.9375 15.999 5.2196 0 -0.000 -1.0000 -0.000 -0.0001 0 50.69
18.000 5.2778 13.110 5.2781 1 -0.000 -1.0000 -0.000 -0.0002 0 49.69
0.000 6.0000 0.000 0.0001 0 -2.000 -1.0000 -2.000 -0.0002 0 50.38
2.000 6.0000 2.001 0.7664 0 -2.000 -1.0000 -1.999 -0.0001 0 50.12
4.000 6.0000 4.001 1.4684 0 -2.000 -1.0000 -1.999 -0.0001 0 49.88
6.000 6.0000 6.001 2.0711 0 -2.000 -1.0000 -1.999 -0.0002 0 49.69
8.000 6.0000 7.999 2.5763 0 -2.000 -1.0000 -1.999 -0.0001 0 49.62
10.000 6.0000 10.000 2.9986 0 -2.000 -1.0000 -1.999 -0.0002 0 49.69
12.000 6.0000 12.000 3.3469 0 -2.000 -1.0000 -1.999 -0.0001 0 49.81
14.000 6.0000 13.999 3.6372 0 -2.000 -1.0000 -1.999 -0.0001 0 49.94
16.000 5.9375 16.000 3.8796 0 -2.000 -1.0000 -1.999 -0.0001 0 50.12
18.000 5.2778 17.999 4.0777 0 -2.000 -1.0000 -1.999 -0.0001 0 50.31
20.000 4.7500 20.000 4.2419 0 -2.000 -1.0000 -1.999 -0.0001 0 50.50
22.000 4.3182 21.294 4.3180 1 -2.000 -1.0000 -1.999 -0.0001 0 50.75
0.000 6.0000 0.000 0.0001 0 -4.000 -1.0000 -4.000 -0.0001 0 49.88
2.000 6.0000 2.001 0.1830 0 -4.000 -1.0000 -4.000 -0.0001 0 49.75
4.000 6.0000 4.001 0.5508 0 -4.000 -1.0000 -4.000 -0.0002 0 49.56
6.000 6.0000 6.001 0.9560 0 -4.000 -1.0000 -4.000 -0.0001 0 49.44
8.000 6.0000 8.000 1.3510 0 -4.000 -1.0000 -4.000 -0.0001 0 49.56
10.000 6.0000 10.000 1.7202 0 -4.000 -1.0000 -4.000 -0.0001 0 49.62
12.000 6.0000 12.000 2.0563 0 -4.000 -1.0000 -4.000 -0.0002 0 49.69
14.000 6.0000 13.999 2.3561 0 -4.000 -1.0000 -4.000 -0.0001 0 49.81
16.000 5.9375 15.999 2.6239 0 -4.000 -1.0000 -4.000 -0.0002 0 49.88
18.000 5.2778 17.999 2.8592 0 -4.000 -1.0000 -4.000 -0.0001 0 50.00
20.000 4.7500 20.000 3.0630 0 -4.000 -1.0000 -4.000 -0.0001 0 50.12
22.000 4.3182 21.999 3.2414 0 -4.000 -1.0000 -4.000 -0.0001 0 50.31
24.000 3.9583 24.000 3.3931 0 -4.000 -1.0000 -4.000 -0.0001 0 50.50
26.000 3.6538 26.000 3.5246 0 -4.000 -1.0000 -4.000 -0.0001 0 50.75
28.000 3.3929 21.198 3.3933 1 -4.000 -1.0000 -4.000 -0.0001 0 49.56
0.000 6.0000 0.000 0.0001 0 -6.000 -0.8333 -6.000 -0.0001 0 50.12
2.000 6.0000 2.001 0.0002 0 -6.000 -0.8333 -6.000 -0.0001 0 49.88
4.000 6.0000 4.002 0.0277 0 -6.000 -0.8333 -6.000 -0.0001 0 49.56
6.000 6.0000 6.001 0.1531 0 -6.000 -0.8333 -6.000 -0.0001 0 49.38
8.000 6.0000 8.000 0.3695 0 -6.000 -0.8333 -6.000 -0.0001 0 49.50
10.000 6.0000 10.000 0.6293 0 -6.000 -0.8333 -6.000 -0.0001 0 49.56
12.000 6.0000 12.000 0.9023 0 -6.000 -0.8333 -6.000 -0.0001 0 49.62
14.000 6.0000 13.999 1.1731 0 -6.000 -0.8333 -6.000 -0.0001 0 49.69
16.000 5.9375 16.000 1.4329 0 -6.000 -0.8333 -6.000 -0.0001 0 49.75
18.000 5.2778 17.999 1.6746 0 -6.000 -0.8333 -6.000 -0.0002 0 49.88
20.000 4.7500 20.000 1.8979 0 -6.000 -0.8333 -6.000 -0.0001 0 49.94
22.000 4.3182 22.000 2.1028 0 -6.000 -0.8333 -6.000 -0.0001 0 50.06
24.000 3.9583 24.001 2.2862 0 -6.000 -0.8333 -6.000 -0.0001 0 50.12
26.000 3.6538 26.000 2.4520 0 -6.000 -0.8333 -6.000 -0.0001 0 50.25
28.000 3.3929 28.000 2.5994 0 -6.000 -0.8333 -6.000 -0.0001 0 50.38
30.000 3.1667 30.000 2.7324 0 -6.000 -0.8333 -6.000 -0.0001 0 50.56
32.000 2.9688 30.163 2.9694 1 -6.000 -0.8333 -6.000 -0.0001 0 49.62
0.000 6.0000 0.000 0.0001 0 -8.000 -0.6250 -7.999 -0.0001 0 50.38
2.000 6.0000 2.001 0.0001 0 -8.000 -0.6250 -7.999 -0.0001 0 50.06
4.000 6.0000 4.002 0.0001 0 -8.000 -0.6250 -7.999 -0.0001 0 49.75
6.000 6.0000 6.001 0.0002 0 -8.000 -0.6250 -7.999 -0.0001 0 49.44
8.000 6.0000 8.000 0.0020 0 -8.000 -0.6250 -7.999 -0.0001 0 49.56
10.000 6.0000 10.000 0.0325 0 -8.000 -0.6250 -7.999 -0.0001 0 49.56
12.000 6.0000 12.000 0.1128 0 -8.000 -0.6250 -7.999 -0.0002 0 49.62
14.000 6.0000 13.999 0.2402 0 -8.000 -0.6250 -7.999 -0.0001 0 49.62
16.000 5.9375 15.999 0.4096 0 -8.000 -0.6250 -7.999 -0.0001 0 49.69
18.000 5.2778 17.999 0.6019 0 -8.000 -0.6250 -7.999 -0.0001 0 49.69
20.000 4.7500 20.000 0.8012 0 -8.000 -0.6250 -7.999 -0.0001 0 49.75
22.000 4.3182 21.999 0.9977 0 -8.000 -0.6250 -7.999 -0.0001 0 49.88
24.000 3.9583 24.001 1.1873 0 -8.000 -0.6250 -7.999 -0.0001 0 49.94
26.000 3.6538 26.000 1.3660 0 -8.000 -0.6250 -7.999 -0.0001 0 50.00
28.000 3.3929 28.000 1.5343 0 -8.000 -0.6250 -7.999 -0.0002 0 50.06
30.000 3.1667 30.000 1.6920 0 -8.000 -0.6250 -7.999 -0.0002 0 50.19
32.000 2.9688 32.000 1.8373 0 -8.000 -0.6250 -7.999 -0.0001 0 50.31
34.000 2.7941 34.000 1.9729 0 -8.000 -0.6250 -7.999 -0.0001 0 50.44
36.000 2.6389 36.001 2.1006 0 -8.000 -0.6250 -7.999 -0.0001 0 50.56
38.000 2.5000 38.000 2.3547 0 -8.000 -0.6250 -7.999 -0.0001 0 49.62
40.000 2.3750 40.001 2.3586 0 -8.000 -0.6250 -7.999 -0.0001 0 50.12
42.000 2.2619 39.046 2.2624 1 -8.000 -0.6250 -7.999 -0.0002 0 50.56
0.000 6.0000 0.000 0.0001 0 -10.000 -0.5000 -10.000 -0.0001 0 49.94
2.000 6.0000 2.001 0.0002 0 -10.000 -0.5000 -9.999 -0.0002 0 49.69
4.000 6.0000 4.002 0.0002 0 -10.000 -0.5000 -9.999 -0.0001 0 49.44
6.000 6.0000 6.001 0.0001 0 -10.000 -0.5000 -9.999 -0.0001 0 49.56
8.000 6.0000 8.000 0.0001 0 -10.000 -0.5000 -10.000 -0.0001 0 49.56
10.000 6.0000 10.000 0.0001 0 -10.000 -0.5000 -10.000 -0.0001 0 49.56
12.000 6.0000 12.000 0.0001 0 -10.000 -0.5000 -9.999 -0.0001 0 49.56
14.000 6.0000 13.999 0.0002 0 -10.000 -0.5000 -9.999 -0.0001 0 49.56
16.000 5.9375 15.999 0.0039 0 -10.000 -0.5000 -9.999 -0.0001 0 49.62
18.000 5.2778 17.999 0.0287 0 -10.000 -0.5000 -10.000 -0.0001 0 49.62
20.000 4.7500 20.000 0.0841 0 -10.000 -0.5000 -10.000 -0.0001 0 49.62
22.000 4.3182 21.999 0.1632 0 -10.000 -0.5000 -9.999 -0.0001 0 49.69
24.000 3.9583 24.000 0.2651 0 -10.000 -0.5000 -9.999 -0.0001 0 49.69
26.000 3.6538 26.000 0.3885 0 -10.000 -0.5000 -10.000 -0.0001 0 49.75
28.000 3.3929 28.000 0.5267 0 -10.000 -0.5000 -9.999 -0.0001 0 49.81
30.000 3.1667 30.000 0.6716 0 -10.000 -0.5000 -10.000 -0.0001 0 49.88
32.000 2.9688 32.000 0.8179 0 -10.000 -0.5000 -9.999 -0.0001 0 49.94
34.000 2.7941 34.000 0.9625 0 -10.000 -0.5000 -9.999 -0.0001 0 50.00
36.000 2.6389 36.001 1.1028 0 -10.000 -0.5000 -9.999 -0.0001 0 50.12
38.000 2.5000 38.000 1.2390 0 -10.000 -0.5000 -9.999 -0.0001 0 50.19
40.000 2.3750 40.001 1.3694 0 -10.000 -0.5000 -9.999 -0.0001 0 50.25
42.000 2.2619 42.000 1.4946 0 -10.000 -0.5000 -9.999 -0.0001 0 50.38
44.000 2.1591 44.001 1.6143 0 -10.000 -0.5000 -9.999 -0.0001 0 50.50
46.000 2.0652 46.001 1.7273 0 -10.000 -0.5000 -10.000 -0.0001 0 50.69
48.000 1.9792 47.869 1.9757 0 -10.000 -0.5000 -10.000 -0.0001 0 49.62
50.000 1.9000 48.613 1.9004 1 -10.000 -0.5000 -9.999 -0.0001 0 50.19
0.000 6.0000 0.000 0.0002 0 -12.000 -0.4167 -12.000 -0.0001 0 49.44
2.000 6.0000 2.001 0.0002 0 -12.000 -0.4167 -12.000 -0.0001 0 49.56
4.000 6.0000 4.002 0.0002 0 -12.000 -0.4167 -12.000 -0.0001 0 49.56
6.000 6.0000 6.001 0.0002 0 -12.000 -0.4167 -12.000 -0.0001 0 49.56
8.000 6.0000 8.000 0.0001 0 -12.000 -0.4167 -12.000 -0.0001 0 49.56
10.000 6.0000 10.000 0.0001 0 -12.000 -0.4167 -12.000 -0.0001 0 49.56
12.000 6.0000 12.000 0.0001 0 -12.000 -0.4167 -12.000 -0.0001 0 49.62
14.000 6.0000 13.999 0.0001 0 -12.000 -0.4167 -12.000 -0.0001 0 49.62
16.000 5.9375 16.000 0.0001 0 -12.000 -0.4167 -12.000 -0.0001 0 49.62
18.000 5.2778 17.999 0.0001 0 -12.000 -0.4167 -12.000 -0.0001 0 49.62
20.000 4.7500 20.000 0.0001 0 -12.000 -0.4167 -12.000 -0.0001 0 49.69
22.000 4.3182 21.999 0.0001 0 -12.000 -0.4167 -12.000 -0.0001 0 49.69
24.000 3.9583 24.000 0.0005 0 -12.000 -0.4167 -12.000 -0.0001 0 49.69
26.000 3.6538 26.000 0.0040 0 -12.000 -0.4167 -12.000 -0.0001 0 49.69
28.000 3.3929 28.000 0.0199 0 -12.000 -0.4167 -12.000 -0.0001 0 49.69
30.000 3.1667 30.000 0.0556 0 -12.000 -0.4167 -12.000 -0.0001 0 49.69
32.000 2.9688 31.999 0.1082 0 -12.000 -0.4167 -12.000 -0.0001 0 49.75
34.000 2.7941 34.000 0.1730 0 -12.000 -0.4167 -12.000 -0.0001 0 49.75
36.000 2.6389 36.001 0.2496 0 -12.000 -0.4167 -12.000 -0.0001 0 49.81
38.000 2.5000 38.000 0.3397 0 -12.000 -0.4167 -12.000 -0.0001 0 49.88
40.000 2.3750 40.000 0.4427 0 -12.000 -0.4167 -12.000 -0.0001 0 49.94
42.000 2.2619 42.001 0.5556 0 -12.000 -0.4167 -12.000 -0.0001 0 50.00
44.000 2.1591 44.001 0.6740 0 -12.000 -0.4167 -12.000 -0.0001 0 50.06
46.000 2.0652 46.001 0.7949 0 -12.000 -0.4167 -12.000 -0.0001 0 50.12
48.000 1.9792 48.000 0.9156 0 -12.000 -0.4167 -12.000 -0.0002 0 50.19
50.000 1.9000 50.001 1.0343 0 -12.000 -0.4167 -11.999 -0.0001 0 50.31
52.000 1.8269 51.999 1.1506 0 -12.000 -0.4167 -12.000 -0.0001 0 50.38
54.000 1.7593 53.999 1.2630 0 -12.000 -0.4167 -12.000 -0.0002 0 50.50
56.000 1.6964 55.998 1.3714 0 -12.000 -0.4167 -12.000 -0.0001 0 50.69
58.000 1.6379 57.998 1.5621 0 -12.000 -0.4167 -12.000 -0.0001 0 49.69
60.000 1.5833 59.684 1.5833 1 -12.000 -0.4167 -12.000 -0.0001 0 50.19
0.000 6.0000 0.000 0.0000 0 -14.000 -0.3571 -14.000 -0.0001 0 50.56
2.000 6.0000 2.001 0.0000 0 -14.000 -0.3571 -14.000 -0.0001 0 49.50
4.000 6.0000 4.001 0.0001 0 -14.000 -0.3571 -13.999 -0.0001 0 49.38
6.000 6.0000 6.001 0.0001 0 -14.000 -0.3571 -13.999 -0.0001 0 49.56
8.000 6.0000 8.000 0.0001 0 -14.000 -0.3571 -13.999 -0.0001 0 49.62
10.000 6.0000 10.000 0.0001 0 -14.000 -0.3571 -13.999 -0.0001 0 49.62
12.000 6.0000 12.000 0.0001 0 -14.000 -0.3571 -13.999 -0.0001 0 49.62
14.000 6.0000 13.999 0.0001 0 -14.000 -0.3571 -13.999 -0.0001 0 49.62
16.000 5.9375 15.999 0.0001 0 -14.000 -0.3571 -13.999 -0.0001 0 49.62
18.000 5.2778 17.999 0.0001 0 -14.000 -0.3571 -13.999 -0.0001 0 49.69
20.000 4.7500 20.000 0.0001 0 -14.000 -0.3571 -13.999 -0.0001 0 49.69
22.000 4.3182 21.999 0.0001 0 -14.000 -0.3571 -14.000 -0.0001 0 49.69
24.000 3.9583 24.000 0.0001 0 -14.000 -0.3571 -13.999 -0.0001 0 49.69
26.000 3.6538 25.999 0.0001 0 -14.000 -0.3571 -14.000 -0.0001 0 49.69
28.000 3.3929 28.000 0.0001 0 -14.000 -0.3571 -14.000 -0.0001 0 49.75
30.000 3.1667 30.000 0.0000 0 -14.000 -0.3571 -13.999 -0.0001 0 49.75
32.000 2.9688 32.000 0.0001 0 -14.000 -0.3571 -13.999 -0.0001 0 49.75
34.000 2.7941 34.000 0.0001 0 -14.000 -0.3571 -13.999 -0.0001 0 49.75
36.000 2.6389 36.000 0.0004 0 -14.000 -0.3571 -13.999 -0.0001 0 49.75
38.000 2.5000 38.000 0.0027 0 -14.000 -0.3571 -14.000 -0.0001 0 49.75
40.000 2.3750 40.001 0.0119 0 -14.000 -0.3571 -13.999 -0.0001 0 49.81
42.000 2.2619 42.000 0.0344 0 -14.000 -0.3571 -13.999 -0.0001 0 49.81
44.000 2.1591 44.001 0.0720 0 -14.000 -0.3571 -13.999 -0.0001 0 49.81
46.000 2.0652 46.001 0.1216 0 -14.000 -0.3571 -13.999 -0.0001 0 49.88
48.000 1.9792 48.000 0.1801 0 -14.000 -0.3571 -13.999 -0.0001 0 49.88
50.000 1.9000 50.000 0.2466 0 -14.000 -0.3571 -14.000 -0.0001 0 49.94
52.000 1.8269 52.000 0.3232 0 -14.000 -0.3571 -13.999 -0.0001 0 50.00
54.000 1.7593 53.999 0.4103 0 -14.000 -0.3571 -13.999 -0.0001 0 50.06
56.000 1.6964 55.999 0.5067 0 -14.000 -0.3571 -13.999 -0.0001 0 50.12
58.000 1.6379 57.998 0.6099 0 -14.000 -0.3571 -13.999 -0.0001 0 50.19
60.000 1.5833 59.998 0.7166 0 -14.000 -0.3571 -14.000 -0.0001 0 50.25
0.000 6.0000 0.000 0.0000 0 -16.000 -0.3125 -15.999 -0.0001 0 50.25
2.000 6.0000 2.001 0.0000 0 -16.000 -0.3125 -15.999 -0.0001 0 50.00
4.000 6.0000 4.001 0.0000 0 -16.000 -0.3125 -15.999 -0.0001 0 49.75
6.000 6.0000 6.001 0.0000 0 -16.000 -0.3125 -15.999 -0.0001 0 49.62
8.000 6.0000 8.000 0.0001 0 -16.000 -0.3125 -15.999 -0.0001 0 49.62
10.000 6.0000 10.000 0.0000 0 -16.000 -0.3125 -15.999 -0.0001 0 49.62
12.000 6.0000 12.000 0.0000 0 -16.000 -0.3125 -15.999 -0.0001 0 49.69
14.000 6.0000 13.999 0.0001 0 -16.000 -0.3125 -15.999 -0.0001 0 49.69
16.000 5.9375 15.999 0.0001 0 -16.000 -0.3125 -15.999 -0.0001 0 49.75
18.000 5.2778 17.999 0.0001 0 -16.000 -0.3125 -15.999 -0.0001 0 49.81
20.000 4.7500 20.000 0.0001 0 -16.000 -0.3125 -15.999 -0.0001 0 49.81
22.000 4.3182 21.999 0.0001 0 -16.000 -0.3125 -15.999 -0.0001 0 49.88
24.000 3.9583 24.000 0.0001 0 -16.000 -0.3125 -16.000 -0.0001 0 49.88
26.000 3.6538 26.000 0.0001 0 -16.000 -0.3125 -15.999 -0.0001 0 49.88
28.000 3.3929 27.999 0.0001 0 -16.000 -0.3125 -15.999 -0.0001 0 49.88
30.000 3.1667 30.000 0.0000 0 -16.000 -0.3125 -15.999 -0.0001 0 49.88
32.000 2.9688 32.000 0.0001 0 -16.000 -0.3125 -15.999 -0.0001 0 49.94
34.000 2.7941 34.000 0.0001 0 -16.000 -0.3125 -15.999 -0.0001 0 49.94
36.000 2.6389 36.000 0.0000 0 -16.000 -0.3125 -15.999 -0.0001 0 49.94
38.000 2.5000 38.000 0.0000 0 -16.000 -0.3125 -15.999 -0.0001 0 49.94
40.000 2.3750 40.001 0.0000 0 -16.000 -0.3125 -15.999 -0.0001 0 49.94
42.000 2.2619 42.001 0.0000 0 -16.000 -0.3125 -15.999 -0.0001 0 49.94
44.000 2.1591 44.001 0.0000 0 -16.000 -0.3125 -15.999 -0.0001 0 49.94
46.000 2.0652 46.001 0.0001 0 -16.000 -0.3125 -15.999 -0.0001 0 49.94
48.000 1.9792 48.000 0.0001 0 -16.000 -0.3125 -15.999 -0.0001 0 49.94
50.000 1.9000 50.000 0.0006 0 -16.000 -0.3125 -15.999 -0.0001 0 49.94
52.000 1.8269 52.000 0.0032 0 -16.000 -0.3125 -15.999 -0.0001 0 49.94
54.000 1.7593 53.999 0.0115 0 -16.000 -0.3125 -15.999 -0.0001 0 49.94
56.000 1.6964 55.998 0.0310 0 -16.000 -0.3125 -15.999 -0.0001 0 49.94
58.000 1.6379 57.998 0.0639 0 -16.000 -0.3125 -15.999 -0.0001 0 50.00
60.000 1.5833 59.998 0.1085 0 -16.000 -0.3125 -15.999 -0.0001 0 50.00
