% * Sample: DL98_1
% * Date / time: 2024-01-16 21:26:10.369814
% * R2CONTROL =  NOT SPECIFIED
% Column 1:  PSU1 nominal voltage setting (V)
% Column 2:  PSU1 nominal current setting (A)
% Column 3:  PSU1 voltage measurement (V)
% Column 4:  PSU1 current measurement (I)
% Column 5:  PSU1 limiter flag
% Column 6:  PSU2 nominal voltage setting (V)
% Column 7:  PSU2 nominal current setting (A)
% Column 8:  PSU2 voltage measurement (V)
% Column 9:  PSU2 current measurement (I)
% Column 10: PSU2 limiter flag
% Column 11: Heaterblock temperature (°C)
% * OPERATING POINT AT END OF PREHEAT / IDLE: U1 = 90.1 V  I1 = 0.02000 A  U2 = -8.859 V  I2 = -0.000 A  T = NA °C
0.00 0.03000 0.2 0.00006 0 -0.000 -1.000 -0.709 -0.000 0 NA
5.00 0.03000 5.1 0.00061 0 -0.000 -1.000 -0.506 -0.000 0 NA
10.00 0.03000 10.1 0.00170 0 -0.000 -1.000 -0.367 -0.000 0 NA
15.00 0.03000 15.1 0.00311 0 -0.000 -1.000 -0.280 -0.000 0 NA
20.00 0.03000 20.1 0.00477 0 -0.000 -1.000 -0.212 -0.000 0 NA
25.00 0.03000 25.1 0.00666 0 -0.000 -1.000 -0.183 -0.000 0 NA
30.00 0.03000 30.1 0.00875 0 -0.000 -1.000 -0.166 -0.000 0 NA
35.00 0.03000 35.1 0.01095 0 -0.000 -1.000 -0.155 -0.000 0 NA
40.00 0.03000 40.1 0.01330 0 -0.000 -1.000 -0.147 -0.000 0 NA
45.00 0.03000 45.1 0.01577 0 -0.000 -1.000 -0.142 -0.000 0 NA
50.00 0.03000 50.1 0.01838 0 -0.000 -1.000 -0.136 -0.000 0 NA
55.00 0.03000 55.1 0.02108 0 -0.000 -1.000 -0.132 -0.000 0 NA
60.00 0.03000 60.1 0.02392 0 -0.000 -1.000 -0.127 -0.000 0 NA
65.00 0.03000 65.1 0.02684 0 -0.000 -1.000 -0.122 -0.000 0 NA
70.00 0.03000 70.1 0.02989 0 -0.000 -1.000 -0.115 -0.000 0 NA
75.00 0.03000 75.1 0.03302 1 -0.000 -1.000 -0.105 -0.000 0 NA
0.00 0.03000 0.1 0.00000 0 -5.000 -1.000 -5.000 -0.000 0 NA
5.00 0.03000 5.1 0.00000 0 -5.000 -1.000 -5.000 -0.000 0 NA
10.00 0.03000 10.1 0.00000 0 -5.000 -1.000 -5.000 -0.000 0 NA
15.00 0.03000 15.1 0.00011 0 -5.000 -1.000 -5.000 -0.000 0 NA
20.00 0.03000 20.1 0.00040 0 -5.000 -1.000 -5.000 -0.000 0 NA
25.00 0.03000 25.1 0.00104 0 -5.000 -1.000 -5.000 -0.000 0 NA
30.00 0.03000 30.1 0.00203 0 -5.000 -1.000 -5.000 -0.000 0 NA
35.00 0.03000 35.1 0.00333 0 -5.000 -1.000 -5.000 -0.000 0 NA
40.00 0.03000 40.1 0.00488 0 -5.000 -1.000 -5.000 -0.000 0 NA
45.00 0.03000 45.1 0.00665 0 -5.000 -1.000 -5.000 -0.000 0 NA
50.00 0.03000 50.1 0.00860 0 -5.000 -1.000 -5.000 -0.000 0 NA
55.00 0.03000 55.1 0.01073 0 -5.000 -1.000 -5.000 -0.000 0 NA
60.00 0.03000 60.1 0.01301 0 -5.000 -1.000 -5.000 -0.000 0 NA
65.00 0.03000 65.1 0.01545 0 -5.000 -1.000 -5.000 -0.000 0 NA
70.00 0.03000 70.1 0.01800 0 -5.000 -1.000 -5.000 -0.000 0 NA
75.00 0.03000 75.1 0.02068 0 -5.000 -1.000 -5.000 -0.000 0 NA
80.00 0.03000 80.1 0.02347 0 -5.000 -1.000 -5.000 -0.000 0 NA
85.00 0.03000 85.1 0.02637 0 -5.000 -1.000 -5.000 -0.000 0 NA
90.00 0.03000 90.1 0.02937 0 -5.000 -1.000 -5.000 -0.000 0 NA
95.00 0.03000 95.1 0.03244 1 -5.000 -1.000 -5.000 -0.000 0 NA
0.00 0.03000 0.1 0.00000 0 -10.000 -0.500 -10.000 -0.000 0 NA
5.00 0.03000 5.1 0.00000 0 -10.000 -0.500 -10.000 -0.000 0 NA
10.00 0.03000 10.1 0.00000 0 -10.000 -0.500 -10.000 -0.000 0 NA
15.00 0.03000 15.1 0.00000 0 -10.000 -0.500 -10.000 -0.000 0 NA
20.00 0.03000 20.1 0.00000 0 -10.000 -0.500 -10.000 -0.000 0 NA
25.00 0.03000 25.1 0.00000 0 -10.000 -0.500 -10.000 -0.000 0 NA
30.00 0.03000 30.1 0.00007 0 -10.000 -0.500 -10.000 -0.000 0 NA
35.00 0.03000 35.1 0.00020 0 -10.000 -0.500 -10.000 -0.000 0 NA
40.00 0.03000 40.1 0.00055 0 -10.000 -0.500 -10.000 -0.000 0 NA
45.00 0.03000 45.1 0.00119 0 -10.000 -0.500 -10.000 -0.000 0 NA
50.00 0.03000 50.1 0.00214 0 -10.000 -0.500 -10.000 -0.000 0 NA
55.00 0.03000 55.1 0.00336 0 -10.000 -0.500 -10.000 -0.000 0 NA
60.00 0.03000 60.1 0.00483 0 -10.000 -0.500 -10.000 -0.000 0 NA
65.00 0.03000 65.1 0.00652 0 -10.000 -0.500 -10.000 -0.000 0 NA
70.00 0.03000 70.1 0.00840 0 -10.000 -0.500 -10.000 -0.000 0 NA
75.00 0.03000 75.1 0.01046 0 -10.000 -0.500 -10.000 -0.000 0 NA
80.00 0.03000 80.1 0.01269 0 -10.000 -0.500 -10.000 -0.000 0 NA
85.00 0.03000 85.1 0.01505 0 -10.000 -0.500 -10.000 -0.000 0 NA
90.00 0.03000 90.1 0.01756 0 -10.000 -0.500 -10.000 -0.000 0 NA
95.00 0.03000 95.1 0.02018 0 -10.000 -0.500 -10.000 -0.000 0 NA
100.00 0.03000 100.1 0.02292 0 -10.000 -0.500 -10.000 -0.000 0 NA
105.00 0.02857 94.9 0.02001 1 -10.000 -0.500 -10.000 -0.000 0 NA
0.00 0.03000 0.2 0.00000 0 -15.000 -0.333 -15.000 -0.000 0 NA
5.00 0.03000 5.1 0.00000 0 -15.000 -0.333 -15.000 -0.000 0 NA
10.00 0.03000 10.1 0.00000 0 -15.000 -0.333 -15.000 -0.000 0 NA
15.00 0.03000 15.1 0.00000 0 -15.000 -0.333 -15.000 -0.000 0 NA
20.00 0.03000 20.1 0.00000 0 -15.000 -0.333 -15.000 -0.000 0 NA
25.00 0.03000 25.1 0.00000 0 -15.000 -0.333 -15.000 -0.000 0 NA
30.00 0.03000 30.1 0.00000 0 -15.000 -0.333 -15.000 -0.000 0 NA
35.00 0.03000 35.1 0.00000 0 -15.000 -0.333 -15.000 -0.000 0 NA
40.00 0.03000 40.1 0.00000 0 -15.000 -0.333 -15.000 -0.000 0 NA
45.00 0.03000 45.1 0.00005 0 -15.000 -0.333 -15.000 -0.000 0 NA
50.00 0.03000 50.1 0.00013 0 -15.000 -0.333 -15.000 -0.000 0 NA
55.00 0.03000 55.1 0.00032 0 -15.000 -0.333 -15.000 -0.000 0 NA
60.00 0.03000 60.1 0.00073 0 -15.000 -0.333 -15.000 -0.000 0 NA
65.00 0.03000 65.1 0.00139 0 -15.000 -0.333 -15.000 -0.000 0 NA
70.00 0.03000 70.1 0.00232 0 -15.000 -0.333 -15.000 -0.000 0 NA
75.00 0.03000 75.1 0.00350 0 -15.000 -0.333 -15.000 -0.000 0 NA
80.00 0.03000 80.1 0.00492 0 -15.000 -0.333 -15.000 -0.000 0 NA
85.00 0.03000 85.1 0.00656 0 -15.000 -0.333 -15.000 -0.000 0 NA
90.00 0.03000 90.1 0.00838 0 -15.000 -0.333 -15.000 -0.000 0 NA
95.00 0.03000 95.1 0.01038 0 -15.000 -0.333 -15.000 -0.000 0 NA
100.00 0.03000 100.1 0.01254 0 -15.000 -0.333 -15.000 -0.000 0 NA
105.00 0.02857 105.1 0.01485 0 -15.000 -0.333 -15.000 -0.000 0 NA
110.00 0.02727 110.1 0.01730 0 -15.000 -0.333 -15.000 -0.000 0 NA
115.00 0.02609 115.1 0.01987 0 -15.000 -0.333 -15.000 -0.000 0 NA
120.00 0.02500 120.0 0.02045 1 -15.000 -0.333 -15.000 -0.000 0 NA
0.00 0.03000 0.1 0.00000 0 -20.000 -0.250 -20.000 -0.000 0 NA
5.00 0.03000 5.1 0.00000 0 -20.000 -0.250 -20.000 -0.000 0 NA
10.00 0.03000 10.1 0.00000 0 -20.000 -0.250 -20.000 -0.000 0 NA
15.00 0.03000 15.1 0.00000 0 -20.000 -0.250 -20.000 -0.000 0 NA
20.00 0.03000 20.1 0.00000 0 -20.000 -0.250 -20.000 -0.000 0 NA
25.00 0.03000 25.1 0.00000 0 -20.000 -0.250 -20.000 -0.000 0 NA
30.00 0.03000 30.1 0.00000 0 -20.000 -0.250 -20.000 -0.000 0 NA
35.00 0.03000 35.1 0.00000 0 -20.000 -0.250 -20.000 -0.000 0 NA
40.00 0.03000 40.1 0.00000 0 -20.000 -0.250 -20.000 -0.000 0 NA
45.00 0.03000 45.1 0.00000 0 -20.000 -0.250 -20.000 -0.000 0 NA
50.00 0.03000 50.1 0.00000 0 -20.000 -0.250 -20.000 -0.000 0 NA
55.00 0.03000 55.1 0.00000 0 -20.000 -0.250 -20.000 -0.000 0 NA
60.00 0.03000 60.1 0.00005 0 -20.000 -0.250 -20.000 -0.000 0 NA
65.00 0.03000 65.1 0.00009 0 -20.000 -0.250 -20.000 -0.000 0 NA
70.00 0.03000 70.1 0.00021 0 -20.000 -0.250 -20.000 -0.000 0 NA
75.00 0.03000 75.1 0.00049 0 -20.000 -0.250 -20.000 -0.000 0 NA
80.00 0.03000 80.1 0.00094 0 -20.000 -0.250 -20.000 -0.000 0 NA
85.00 0.03000 85.1 0.00163 0 -20.000 -0.250 -20.000 -0.000 0 NA
90.00 0.03000 90.1 0.00256 0 -20.000 -0.250 -20.000 -0.000 0 NA
95.00 0.03000 95.1 0.00372 0 -20.000 -0.250 -20.000 -0.000 0 NA
100.00 0.03000 100.1 0.00510 0 -20.000 -0.250 -20.000 -0.000 0 NA
105.00 0.02857 105.1 0.00668 0 -20.000 -0.250 -20.000 -0.000 0 NA
110.00 0.02727 110.1 0.00846 0 -20.000 -0.250 -20.000 -0.000 0 NA
115.00 0.02609 115.1 0.01042 0 -20.000 -0.250 -20.000 -0.000 0 NA
120.00 0.02500 120.1 0.01254 0 -20.000 -0.250 -20.000 -0.000 0 NA
125.00 0.02400 125.1 0.01479 0 -20.000 -0.250 -20.000 -0.000 0 NA
130.00 0.02308 130.1 0.01718 0 -20.000 -0.250 -20.000 -0.000 0 NA
135.00 0.02222 135.1 0.01971 0 -20.000 -0.250 -20.000 -0.000 0 NA
0.00 0.03000 0.2 0.00000 0 -25.000 -0.200 -25.000 -0.000 0 NA
5.00 0.03000 5.1 0.00000 0 -25.000 -0.200 -25.000 -0.000 0 NA
10.00 0.03000 10.1 0.00000 0 -25.000 -0.200 -25.000 -0.000 0 NA
15.00 0.03000 15.1 0.00000 0 -25.000 -0.200 -25.000 -0.000 0 NA
20.00 0.03000 20.1 0.00000 0 -25.000 -0.200 -25.000 -0.000 0 NA
25.00 0.03000 25.1 0.00000 0 -25.000 -0.200 -25.000 -0.000 0 NA
30.00 0.03000 30.1 0.00000 0 -25.000 -0.200 -25.000 -0.000 0 NA
35.00 0.03000 35.1 0.00000 0 -25.000 -0.200 -25.000 -0.000 0 NA
40.00 0.03000 40.1 0.00000 0 -25.000 -0.200 -25.000 -0.000 0 NA
45.00 0.03000 45.1 0.00000 0 -25.000 -0.200 -25.000 -0.000 0 NA
50.00 0.03000 50.1 0.00000 0 -25.000 -0.200 -25.000 -0.000 0 NA
55.00 0.03000 55.1 0.00000 0 -25.000 -0.200 -25.000 -0.000 0 NA
60.00 0.03000 60.1 0.00000 0 -25.000 -0.200 -25.000 -0.000 0 NA
65.00 0.03000 65.1 0.00000 0 -25.000 -0.200 -25.000 -0.000 0 NA
70.00 0.03000 70.1 0.00000 0 -25.000 -0.200 -25.000 -0.000 0 NA
75.00 0.03000 75.1 0.00005 0 -25.000 -0.200 -25.000 -0.000 0 NA
80.00 0.03000 80.1 0.00007 0 -25.000 -0.200 -25.000 -0.000 0 NA
85.00 0.03000 85.1 0.00016 0 -25.000 -0.200 -25.000 -0.000 0 NA
90.00 0.03000 90.1 0.00035 0 -25.000 -0.200 -25.000 -0.000 0 NA
95.00 0.03000 95.1 0.00068 0 -25.000 -0.200 -25.000 -0.000 0 NA
100.00 0.03000 100.1 0.00119 0 -25.000 -0.200 -25.000 -0.000 0 NA
105.00 0.02857 105.1 0.00191 0 -25.000 -0.200 -25.000 -0.000 0 NA
110.00 0.02727 110.1 0.00284 0 -25.000 -0.200 -25.000 -0.000 0 NA
115.00 0.02609 115.1 0.00399 0 -25.000 -0.200 -25.000 -0.000 0 NA
120.00 0.02500 120.1 0.00534 0 -25.000 -0.200 -25.000 -0.000 0 NA
125.00 0.02400 125.1 0.00689 0 -25.000 -0.200 -25.000 -0.000 0 NA
130.00 0.02308 130.1 0.00862 0 -25.000 -0.200 -25.000 -0.000 0 NA
135.00 0.02222 135.1 0.01053 0 -25.000 -0.200 -25.000 -0.000 0 NA
0.00 0.03000 0.1 0.00000 0 -30.000 -0.167 -30.000 -0.000 0 NA
5.00 0.03000 5.1 0.00000 0 -30.000 -0.167 -30.000 -0.000 0 NA
10.00 0.03000 10.1 0.00000 0 -30.000 -0.167 -30.000 -0.000 0 NA
15.00 0.03000 15.1 0.00000 0 -30.000 -0.167 -30.000 -0.000 0 NA
20.00 0.03000 20.1 0.00000 0 -30.000 -0.167 -30.000 -0.000 0 NA
25.00 0.03000 25.1 0.00000 0 -30.000 -0.167 -30.000 -0.000 0 NA
30.00 0.03000 30.1 0.00000 0 -30.000 -0.167 -30.000 -0.000 0 NA
35.00 0.03000 35.1 0.00000 0 -30.000 -0.167 -30.000 -0.000 0 NA
40.00 0.03000 40.1 0.00000 0 -30.000 -0.167 -30.000 -0.000 0 NA
45.00 0.03000 45.1 0.00000 0 -30.000 -0.167 -30.000 -0.000 0 NA
50.00 0.03000 50.1 0.00000 0 -30.000 -0.167 -30.000 -0.000 0 NA
55.00 0.03000 55.1 0.00000 0 -30.000 -0.167 -30.000 -0.000 0 NA
60.00 0.03000 60.1 0.00000 0 -30.000 -0.167 -30.000 -0.000 0 NA
65.00 0.03000 65.1 0.00000 0 -30.000 -0.167 -30.000 -0.000 0 NA
70.00 0.03000 70.1 0.00000 0 -30.000 -0.167 -30.000 -0.000 0 NA
75.00 0.03000 75.1 0.00000 0 -30.000 -0.167 -30.000 -0.000 0 NA
80.00 0.03000 80.1 0.00000 0 -30.000 -0.167 -30.000 -0.000 0 NA
85.00 0.03000 85.1 0.00000 0 -30.000 -0.167 -30.000 -0.000 0 NA
90.00 0.03000 90.1 0.00000 0 -30.000 -0.167 -30.000 -0.000 0 NA
95.00 0.03000 95.1 0.00007 0 -30.000 -0.167 -30.000 -0.000 0 NA
100.00 0.03000 100.1 0.00014 0 -30.000 -0.167 -30.000 -0.000 0 NA
105.00 0.02857 105.1 0.00027 0 -30.000 -0.167 -30.000 -0.000 0 NA
110.00 0.02727 110.1 0.00050 0 -30.000 -0.167 -30.000 -0.000 0 NA
115.00 0.02609 115.1 0.00089 0 -30.000 -0.167 -30.000 -0.000 0 NA
120.00 0.02500 120.1 0.00145 0 -30.000 -0.167 -30.000 -0.000 0 NA
125.00 0.02400 125.1 0.00219 0 -30.000 -0.167 -30.000 -0.000 0 NA
130.00 0.02308 130.1 0.00313 0 -30.000 -0.167 -30.000 -0.000 0 NA
135.00 0.02222 135.1 0.00427 0 -30.000 -0.167 -30.000 -0.000 0 NA
