% * Sample: 6E5P_26
% * Date / time: 2024-02-05 08:45:11.529375
% * R2CONTROL =  NOT SPECIFIED
% Column 1:  PSU1 nominal voltage setting (V)
% Column 2:  PSU1 nominal current setting (A)
% Column 3:  PSU1 voltage measurement (V)
% Column 4:  PSU1 current measurement (I)
% Column 5:  PSU1 limiter flag
% Column 6:  PSU2 nominal voltage setting (V)
% Column 7:  PSU2 nominal current setting (A)
% Column 8:  PSU2 voltage measurement (V)
% Column 9:  PSU2 current measurement (I)
% Column 10: PSU2 limiter flag
% Column 11: Heaterblock temperature (°C)
% * OPERATING POINT AT END OF PREHEAT / IDLE: U1 = 200.1 V  I1 = 0.03001 A  U2 = -3.659 V  I2 = -0.0001 A  T = NA °C
0.00 0.10000 0.1 0.00000 0 -0.000 -1.0000 -0.000 -0.0001 0 NA
5.00 0.10000 5.1 0.00000 0 -0.000 -1.0000 -0.000 -0.0001 0 NA
10.00 0.10000 10.1 0.00007 0 -0.000 -1.0000 -0.000 -0.0001 0 NA
15.00 0.10000 15.1 0.00014 0 -0.000 -1.0000 -0.000 -0.0001 0 NA
20.00 0.10000 20.1 0.00031 0 -0.000 -1.0000 -0.000 -0.0001 0 NA
25.00 0.10000 25.1 0.00072 0 -0.000 -1.0000 -0.000 -0.0001 0 NA
30.00 0.10000 30.1 0.00150 0 -0.000 -1.0000 -0.000 -0.0001 0 NA
35.00 0.10000 35.1 0.00284 0 -0.000 -1.0000 -0.000 -0.0001 0 NA
40.00 0.10000 40.1 0.00483 0 -0.000 -1.0000 -0.000 -0.0001 0 NA
45.00 0.10000 45.0 0.00744 0 -0.000 -1.0000 -0.000 -0.0001 0 NA
50.00 0.10000 50.1 0.01067 0 -0.000 -1.0000 -0.000 -0.0001 0 NA
55.00 0.10000 55.1 0.01435 0 -0.000 -1.0000 -0.000 -0.0001 0 NA
60.00 0.10000 60.1 0.01840 0 -0.000 -1.0000 -0.000 -0.0001 0 NA
65.00 0.10000 65.1 0.02278 0 -0.000 -1.0000 -0.000 -0.0001 0 NA
70.00 0.10000 70.1 0.02746 0 -0.000 -1.0000 -0.000 -0.0001 0 NA
75.00 0.10000 75.1 0.03235 0 -0.000 -1.0000 -0.000 -0.0001 0 NA
80.00 0.10000 80.1 0.03747 0 -0.000 -1.0000 -0.000 -0.0001 0 NA
85.00 0.10000 85.1 0.04273 0 -0.000 -1.0000 -0.000 -0.0001 0 NA
90.00 0.10000 90.1 0.04812 0 -0.000 -1.0000 -0.000 -0.0001 0 NA
95.00 0.10000 95.1 0.05363 0 -0.000 -1.0000 -0.000 -0.0001 0 NA
100.00 0.10000 100.1 0.05931 0 -0.000 -1.0000 -0.000 -0.0002 0 NA
105.00 0.10000 105.1 0.06503 0 -0.000 -1.0000 -0.000 -0.0001 0 NA
110.00 0.10000 110.1 0.07085 0 -0.000 -1.0000 -0.000 -0.0002 0 NA
115.00 0.10000 115.1 0.07681 0 -0.000 -1.0000 -0.000 -0.0001 0 NA
120.00 0.10000 120.1 0.08277 0 -0.000 -1.0000 -0.000 -0.0001 0 NA
125.00 0.10000 125.1 0.08879 0 -0.000 -1.0000 -0.000 -0.0001 0 NA
130.00 0.10000 130.1 0.09487 0 -0.000 -1.0000 -0.000 -0.0001 0 NA
135.00 0.10000 135.1 0.10114 1 -0.000 -1.0000 -0.000 -0.0001 0 NA
0.00 0.10000 0.1 0.00000 0 -0.500 -1.0000 -0.499 -0.0001 0 NA
5.00 0.10000 5.1 0.00000 0 -0.500 -1.0000 -0.499 -0.0002 0 NA
10.00 0.10000 10.1 0.00000 0 -0.500 -1.0000 -0.499 -0.0001 0 NA
15.00 0.10000 15.1 0.00000 0 -0.500 -1.0000 -0.499 -0.0002 0 NA
20.00 0.10000 20.1 0.00005 0 -0.500 -1.0000 -0.499 -0.0002 0 NA
25.00 0.10000 25.1 0.00008 0 -0.500 -1.0000 -0.499 -0.0001 0 NA
30.00 0.10000 30.1 0.00018 0 -0.500 -1.0000 -0.499 -0.0001 0 NA
35.00 0.10000 35.1 0.00040 0 -0.500 -1.0000 -0.499 -0.0002 0 NA
40.00 0.10000 40.1 0.00085 0 -0.500 -1.0000 -0.499 -0.0001 0 NA
45.00 0.10000 45.0 0.00165 0 -0.500 -1.0000 -0.499 -0.0002 0 NA
50.00 0.10000 50.1 0.00291 0 -0.500 -1.0000 -0.499 -0.0002 0 NA
55.00 0.10000 55.1 0.00469 0 -0.500 -1.0000 -0.499 -0.0002 0 NA
60.00 0.10000 60.1 0.00702 0 -0.500 -1.0000 -0.499 -0.0002 0 NA
65.00 0.10000 65.1 0.00990 0 -0.500 -1.0000 -0.499 -0.0002 0 NA
70.00 0.10000 70.1 0.01333 0 -0.500 -1.0000 -0.499 -0.0002 0 NA
75.00 0.10000 75.1 0.01713 0 -0.500 -1.0000 -0.499 -0.0002 0 NA
80.00 0.10000 80.1 0.02126 0 -0.500 -1.0000 -0.499 -0.0002 0 NA
85.00 0.10000 85.1 0.02569 0 -0.500 -1.0000 -0.499 -0.0002 0 NA
90.00 0.10000 90.1 0.03037 0 -0.500 -1.0000 -0.499 -0.0002 0 NA
95.00 0.10000 95.1 0.03526 0 -0.500 -1.0000 -0.500 -0.0001 0 NA
100.00 0.10000 100.1 0.04031 0 -0.500 -1.0000 -0.499 -0.0002 0 NA
105.00 0.10000 105.1 0.04557 0 -0.500 -1.0000 -0.499 -0.0001 0 NA
110.00 0.10000 110.1 0.05093 0 -0.500 -1.0000 -0.499 -0.0001 0 NA
115.00 0.10000 115.1 0.05637 0 -0.500 -1.0000 -0.499 -0.0001 0 NA
120.00 0.10000 120.1 0.06194 0 -0.500 -1.0000 -0.499 -0.0001 0 NA
125.00 0.10000 125.1 0.06764 0 -0.500 -1.0000 -0.499 -0.0001 0 NA
130.00 0.10000 130.1 0.07337 0 -0.500 -1.0000 -0.499 -0.0001 0 NA
135.00 0.10000 135.1 0.07916 0 -0.500 -1.0000 -0.499 -0.0002 0 NA
140.00 0.10000 140.1 0.08512 0 -0.500 -1.0000 -0.499 -0.0002 0 NA
145.00 0.10000 145.1 0.09101 0 -0.500 -1.0000 -0.499 -0.0002 0 NA
150.00 0.10000 150.1 0.09698 0 -0.500 -1.0000 -0.499 -0.0002 0 NA
155.00 0.09677 152.9 0.10005 1 -0.500 -1.0000 -0.499 -0.0001 0 NA
0.00 0.10000 0.2 0.00000 0 -1.000 -1.0000 -0.999 -0.0001 0 NA
5.00 0.10000 5.1 0.00000 0 -1.000 -1.0000 -1.000 -0.0002 0 NA
10.00 0.10000 10.1 0.00000 0 -1.000 -1.0000 -1.000 -0.0002 0 NA
15.00 0.10000 15.1 0.00000 0 -1.000 -1.0000 -1.000 -0.0002 0 NA
20.00 0.10000 20.1 0.00000 0 -1.000 -1.0000 -1.000 -0.0002 0 NA
25.00 0.10000 25.1 0.00000 0 -1.000 -1.0000 -0.999 -0.0002 0 NA
30.00 0.10000 30.1 0.00000 0 -1.000 -1.0000 -1.000 -0.0001 0 NA
35.00 0.10000 35.1 0.00006 0 -1.000 -1.0000 -0.999 -0.0002 0 NA
40.00 0.10000 40.1 0.00010 0 -1.000 -1.0000 -1.000 -0.0002 0 NA
45.00 0.10000 45.0 0.00020 0 -1.000 -1.0000 -0.999 -0.0001 0 NA
50.00 0.10000 50.1 0.00042 0 -1.000 -1.0000 -0.999 -0.0001 0 NA
55.00 0.10000 55.1 0.00084 0 -1.000 -1.0000 -0.999 -0.0001 0 NA
60.00 0.10000 60.1 0.00156 0 -1.000 -1.0000 -0.999 -0.0002 0 NA
65.00 0.10000 65.1 0.00267 0 -1.000 -1.0000 -0.999 -0.0001 0 NA
70.00 0.10000 70.1 0.00423 0 -1.000 -1.0000 -0.999 -0.0001 0 NA
75.00 0.10000 75.1 0.00629 0 -1.000 -1.0000 -1.000 -0.0001 0 NA
80.00 0.10000 80.1 0.00886 0 -1.000 -1.0000 -0.999 -0.0002 0 NA
85.00 0.10000 85.1 0.01195 0 -1.000 -1.0000 -1.000 -0.0001 0 NA
90.00 0.10000 90.1 0.01551 0 -1.000 -1.0000 -1.000 -0.0002 0 NA
95.00 0.10000 95.1 0.01940 0 -1.000 -1.0000 -0.999 -0.0001 0 NA
100.00 0.10000 100.1 0.02358 0 -1.000 -1.0000 -1.000 -0.0002 0 NA
105.00 0.10000 105.1 0.02803 0 -1.000 -1.0000 -1.000 -0.0002 0 NA
110.00 0.10000 110.1 0.03274 0 -1.000 -1.0000 -1.000 -0.0001 0 NA
115.00 0.10000 115.1 0.03761 0 -1.000 -1.0000 -0.999 -0.0002 0 NA
120.00 0.10000 120.1 0.04266 0 -1.000 -1.0000 -1.000 -0.0001 0 NA
125.00 0.10000 125.1 0.04784 0 -1.000 -1.0000 -0.999 -0.0001 0 NA
130.00 0.10000 130.1 0.05321 0 -1.000 -1.0000 -0.999 -0.0002 0 NA
135.00 0.10000 135.1 0.05862 0 -1.000 -1.0000 -0.999 -0.0002 0 NA
140.00 0.10000 140.1 0.06413 0 -1.000 -1.0000 -0.999 -0.0002 0 NA
145.00 0.10000 145.1 0.06979 0 -1.000 -1.0000 -0.999 -0.0001 0 NA
150.00 0.10000 150.1 0.07544 0 -1.000 -1.0000 -0.999 -0.0002 0 NA
155.00 0.09677 155.1 0.08115 0 -1.000 -1.0000 -0.999 -0.0001 0 NA
160.00 0.09375 160.1 0.08740 0 -1.000 -1.0000 -1.000 -0.0001 0 NA
165.00 0.09091 165.1 0.09331 1 -1.000 -1.0000 -1.000 -0.0001 0 NA
0.00 0.10000 0.1 0.00000 0 -1.500 -1.0000 -1.499 -0.0002 0 NA
5.00 0.10000 5.1 0.00000 0 -1.500 -1.0000 -1.499 -0.0002 0 NA
10.00 0.10000 10.1 0.00000 0 -1.500 -1.0000 -1.499 -0.0002 0 NA
15.00 0.10000 15.1 0.00000 0 -1.500 -1.0000 -1.499 -0.0001 0 NA
20.00 0.10000 20.1 0.00000 0 -1.500 -1.0000 -1.499 -0.0002 0 NA
25.00 0.10000 25.1 0.00000 0 -1.500 -1.0000 -1.499 -0.0001 0 NA
30.00 0.10000 30.1 0.00000 0 -1.500 -1.0000 -1.499 -0.0002 0 NA
35.00 0.10000 35.1 0.00000 0 -1.500 -1.0000 -1.499 -0.0002 0 NA
40.00 0.10000 40.1 0.00000 0 -1.500 -1.0000 -1.499 -0.0002 0 NA
45.00 0.10000 45.0 0.00005 0 -1.500 -1.0000 -1.499 -0.0001 0 NA
50.00 0.10000 50.1 0.00007 0 -1.500 -1.0000 -1.500 -0.0001 0 NA
55.00 0.10000 55.1 0.00011 0 -1.500 -1.0000 -1.499 -0.0002 0 NA
60.00 0.10000 60.1 0.00021 0 -1.500 -1.0000 -1.499 -0.0002 0 NA
65.00 0.10000 65.1 0.00042 0 -1.500 -1.0000 -1.499 -0.0001 0 NA
70.00 0.10000 70.1 0.00081 0 -1.500 -1.0000 -1.499 -0.0001 0 NA
75.00 0.10000 75.1 0.00145 0 -1.500 -1.0000 -1.500 -0.0002 0 NA
80.00 0.10000 80.1 0.00242 0 -1.500 -1.0000 -1.500 -0.0002 0 NA
85.00 0.10000 85.1 0.00380 0 -1.500 -1.0000 -1.499 -0.0002 0 NA
90.00 0.10000 90.1 0.00561 0 -1.500 -1.0000 -1.499 -0.0002 0 NA
95.00 0.10000 95.1 0.00789 0 -1.500 -1.0000 -1.499 -0.0002 0 NA
100.00 0.10000 100.1 0.01064 0 -1.500 -1.0000 -1.499 -0.0001 0 NA
105.00 0.10000 105.1 0.01388 0 -1.500 -1.0000 -1.500 -0.0002 0 NA
110.00 0.10000 110.1 0.01752 0 -1.500 -1.0000 -1.499 -0.0002 0 NA
115.00 0.10000 115.1 0.02144 0 -1.500 -1.0000 -1.500 -0.0002 0 NA
120.00 0.10000 120.1 0.02569 0 -1.500 -1.0000 -1.499 -0.0001 0 NA
125.00 0.10000 125.1 0.03010 0 -1.500 -1.0000 -1.499 -0.0001 0 NA
130.00 0.10000 130.1 0.03476 0 -1.500 -1.0000 -1.499 -0.0002 0 NA
135.00 0.10000 135.1 0.03960 0 -1.500 -1.0000 -1.499 -0.0001 0 NA
140.00 0.10000 140.1 0.04464 0 -1.500 -1.0000 -1.499 -0.0002 0 NA
145.00 0.10000 145.1 0.04975 0 -1.500 -1.0000 -1.499 -0.0001 0 NA
150.00 0.10000 150.1 0.05498 0 -1.500 -1.0000 -1.499 -0.0001 0 NA
155.00 0.09677 155.1 0.06022 0 -1.500 -1.0000 -1.499 -0.0002 0 NA
160.00 0.09375 160.1 0.06568 0 -1.500 -1.0000 -1.500 -0.0002 0 NA
165.00 0.09091 165.1 0.07149 0 -1.500 -1.0000 -1.499 -0.0002 0 NA
170.00 0.08824 170.1 0.07715 0 -1.500 -1.0000 -1.499 -0.0001 0 NA
175.00 0.08571 172.7 0.08004 1 -1.500 -1.0000 -1.500 -0.0002 0 NA
0.00 0.10000 0.1 0.00000 0 -2.000 -1.0000 -1.999 -0.0002 0 NA
5.00 0.10000 5.1 0.00000 0 -2.000 -1.0000 -2.000 -0.0002 0 NA
10.00 0.10000 10.1 0.00000 0 -2.000 -1.0000 -1.999 -0.0001 0 NA
15.00 0.10000 15.1 0.00000 0 -2.000 -1.0000 -1.999 -0.0001 0 NA
20.00 0.10000 20.1 0.00000 0 -2.000 -1.0000 -1.999 -0.0002 0 NA
25.00 0.10000 25.1 0.00000 0 -2.000 -1.0000 -1.999 -0.0001 0 NA
30.00 0.10000 30.1 0.00000 0 -2.000 -1.0000 -2.000 -0.0002 0 NA
35.00 0.10000 35.1 0.00000 0 -2.000 -1.0000 -1.999 -0.0002 0 NA
40.00 0.10000 40.1 0.00000 0 -2.000 -1.0000 -1.999 -0.0001 0 NA
45.00 0.10000 45.0 0.00000 0 -2.000 -1.0000 -1.999 -0.0002 0 NA
50.00 0.10000 50.1 0.00000 0 -2.000 -1.0000 -1.999 -0.0002 0 NA
55.00 0.10000 55.1 0.00000 0 -2.000 -1.0000 -1.999 -0.0002 0 NA
60.00 0.10000 60.1 0.00005 0 -2.000 -1.0000 -1.999 -0.0002 0 NA
65.00 0.10000 65.1 0.00007 0 -2.000 -1.0000 -1.999 -0.0001 0 NA
70.00 0.10000 70.1 0.00012 0 -2.000 -1.0000 -2.000 -0.0002 0 NA
75.00 0.10000 75.1 0.00022 0 -2.000 -1.0000 -1.999 -0.0001 0 NA
80.00 0.10000 80.1 0.00042 0 -2.000 -1.0000 -1.999 -0.0002 0 NA
85.00 0.10000 85.1 0.00077 0 -2.000 -1.0000 -2.000 -0.0001 0 NA
90.00 0.10000 90.1 0.00134 0 -2.000 -1.0000 -1.999 -0.0001 0 NA
95.00 0.10000 95.1 0.00220 0 -2.000 -1.0000 -1.999 -0.0002 0 NA
100.00 0.10000 100.1 0.00340 0 -2.000 -1.0000 -1.999 -0.0001 0 NA
105.00 0.10000 105.1 0.00502 0 -2.000 -1.0000 -1.999 -0.0002 0 NA
110.00 0.10000 110.1 0.00705 0 -2.000 -1.0000 -1.999 -0.0001 0 NA
115.00 0.10000 115.1 0.00951 0 -2.000 -1.0000 -1.999 -0.0002 0 NA
120.00 0.10000 120.1 0.01244 0 -2.000 -1.0000 -1.999 -0.0002 0 NA
125.00 0.10000 125.1 0.01578 0 -2.000 -1.0000 -1.999 -0.0002 0 NA
130.00 0.10000 130.1 0.01947 0 -2.000 -1.0000 -1.999 -0.0002 0 NA
135.00 0.10000 135.1 0.02344 0 -2.000 -1.0000 -1.999 -0.0002 0 NA
140.00 0.10000 140.1 0.02769 0 -2.000 -1.0000 -1.999 -0.0002 0 NA
145.00 0.10000 145.1 0.03210 0 -2.000 -1.0000 -1.999 -0.0001 0 NA
150.00 0.10000 150.1 0.03671 0 -2.000 -1.0000 -1.999 -0.0002 0 NA
155.00 0.09677 155.1 0.04158 0 -2.000 -1.0000 -1.999 -0.0002 0 NA
160.00 0.09375 160.1 0.04651 0 -2.000 -1.0000 -1.999 -0.0001 0 NA
165.00 0.09091 165.1 0.05178 0 -2.000 -1.0000 -1.999 -0.0001 0 NA
170.00 0.08824 170.1 0.05703 0 -2.000 -1.0000 -1.999 -0.0001 0 NA
175.00 0.08571 175.1 0.06240 0 -2.000 -1.0000 -1.999 -0.0001 0 NA
180.00 0.08333 180.1 0.06798 0 -2.000 -1.0000 -1.999 -0.0002 0 NA
185.00 0.08108 185.1 0.07374 0 -2.000 -1.0000 -1.999 -0.0002 0 NA
190.00 0.07895 190.1 0.07949 1 -2.000 -1.0000 -1.999 -0.0001 0 NA
0.00 0.10000 0.1 0.00000 0 -2.500 -1.0000 -2.499 -0.0001 0 NA
5.00 0.10000 5.1 0.00000 0 -2.500 -1.0000 -2.499 -0.0002 0 NA
10.00 0.10000 10.1 0.00000 0 -2.500 -1.0000 -2.499 -0.0001 0 NA
15.00 0.10000 15.1 0.00000 0 -2.500 -1.0000 -2.499 -0.0001 0 NA
20.00 0.10000 20.1 0.00000 0 -2.500 -1.0000 -2.499 -0.0002 0 NA
25.00 0.10000 25.1 0.00000 0 -2.500 -1.0000 -2.499 -0.0002 0 NA
30.00 0.10000 30.1 0.00000 0 -2.500 -1.0000 -2.499 -0.0002 0 NA
35.00 0.10000 35.1 0.00000 0 -2.500 -1.0000 -2.499 -0.0002 0 NA
40.00 0.10000 40.1 0.00000 0 -2.500 -1.0000 -2.499 -0.0001 0 NA
45.00 0.10000 45.0 0.00000 0 -2.500 -1.0000 -2.499 -0.0001 0 NA
50.00 0.10000 50.1 0.00000 0 -2.500 -1.0000 -2.499 -0.0001 0 NA
55.00 0.10000 55.1 0.00000 0 -2.500 -1.0000 -2.499 -0.0002 0 NA
60.00 0.10000 60.1 0.00000 0 -2.500 -1.0000 -2.499 -0.0002 0 NA
65.00 0.10000 65.1 0.00000 0 -2.500 -1.0000 -2.499 -0.0001 0 NA
70.00 0.10000 70.1 0.00000 0 -2.500 -1.0000 -2.499 -0.0001 0 NA
75.00 0.10000 75.1 0.00005 0 -2.500 -1.0000 -2.499 -0.0001 0 NA
80.00 0.10000 80.1 0.00007 0 -2.500 -1.0000 -2.499 -0.0002 0 NA
85.00 0.10000 85.1 0.00013 0 -2.500 -1.0000 -2.499 -0.0002 0 NA
90.00 0.10000 90.1 0.00022 0 -2.500 -1.0000 -2.499 -0.0001 0 NA
95.00 0.10000 95.1 0.00041 0 -2.500 -1.0000 -2.499 -0.0002 0 NA
100.00 0.10000 100.1 0.00073 0 -2.500 -1.0000 -2.499 -0.0002 0 NA
105.00 0.10000 105.1 0.00124 0 -2.500 -1.0000 -2.499 -0.0001 0 NA
110.00 0.10000 110.1 0.00198 0 -2.500 -1.0000 -2.499 -0.0002 0 NA
115.00 0.10000 115.1 0.00304 0 -2.500 -1.0000 -2.499 -0.0001 0 NA
120.00 0.10000 120.1 0.00445 0 -2.500 -1.0000 -2.499 -0.0002 0 NA
125.00 0.10000 125.1 0.00624 0 -2.500 -1.0000 -2.499 -0.0002 0 NA
130.00 0.10000 130.1 0.00844 0 -2.500 -1.0000 -2.499 -0.0002 0 NA
135.00 0.10000 135.1 0.01105 0 -2.500 -1.0000 -2.499 -0.0001 0 NA
140.00 0.10000 140.1 0.01409 0 -2.500 -1.0000 -2.499 -0.0002 0 NA
145.00 0.10000 145.1 0.01751 0 -2.500 -1.0000 -2.499 -0.0002 0 NA
150.00 0.10000 150.1 0.02124 0 -2.500 -1.0000 -2.499 -0.0001 0 NA
155.00 0.09677 155.1 0.02527 0 -2.500 -1.0000 -2.499 -0.0001 0 NA
160.00 0.09375 160.1 0.02947 0 -2.500 -1.0000 -2.499 -0.0002 0 NA
165.00 0.09091 165.1 0.03385 0 -2.500 -1.0000 -2.499 -0.0001 0 NA
170.00 0.08824 170.1 0.03867 0 -2.500 -1.0000 -2.499 -0.0002 0 NA
175.00 0.08571 175.1 0.04347 0 -2.500 -1.0000 -2.499 -0.0001 0 NA
180.00 0.08333 180.1 0.04834 0 -2.500 -1.0000 -2.499 -0.0001 0 NA
185.00 0.08108 185.1 0.05379 0 -2.500 -1.0000 -2.499 -0.0001 0 NA
190.00 0.07895 190.1 0.05905 0 -2.500 -1.0000 -2.499 -0.0002 0 NA
195.00 0.07692 195.1 0.06427 0 -2.500 -1.0000 -2.499 -0.0002 0 NA
200.00 0.07500 200.1 0.06978 0 -2.500 -1.0000 -2.499 -0.0002 0 NA
205.00 0.07317 205.1 0.07523 1 -2.500 -1.0000 -2.499 -0.0001 0 NA
0.00 0.10000 0.1 0.00000 0 -3.000 -1.0000 -3.000 -0.0001 0 NA
5.00 0.10000 5.1 0.00000 0 -3.000 -1.0000 -3.000 -0.0001 0 NA
10.00 0.10000 10.1 0.00000 0 -3.000 -1.0000 -3.000 -0.0001 0 NA
15.00 0.10000 15.1 0.00000 0 -3.000 -1.0000 -3.000 -0.0001 0 NA
20.00 0.10000 20.1 0.00000 0 -3.000 -1.0000 -3.000 -0.0001 0 NA
25.00 0.10000 25.1 0.00000 0 -3.000 -1.0000 -3.000 -0.0002 0 NA
30.00 0.10000 30.1 0.00000 0 -3.000 -1.0000 -3.000 -0.0002 0 NA
35.00 0.10000 35.1 0.00000 0 -3.000 -1.0000 -3.000 -0.0002 0 NA
40.00 0.10000 40.1 0.00000 0 -3.000 -1.0000 -3.000 -0.0002 0 NA
45.00 0.10000 45.0 0.00000 0 -3.000 -1.0000 -3.000 -0.0002 0 NA
50.00 0.10000 50.1 0.00000 0 -3.000 -1.0000 -3.000 -0.0002 0 NA
55.00 0.10000 55.1 0.00000 0 -3.000 -1.0000 -3.000 -0.0001 0 NA
60.00 0.10000 60.1 0.00000 0 -3.000 -1.0000 -3.000 -0.0001 0 NA
65.00 0.10000 65.1 0.00000 0 -3.000 -1.0000 -3.000 -0.0002 0 NA
70.00 0.10000 70.1 0.00000 0 -3.000 -1.0000 -3.000 -0.0001 0 NA
75.00 0.10000 75.1 0.00000 0 -3.000 -1.0000 -3.000 -0.0001 0 NA
80.00 0.10000 80.1 0.00000 0 -3.000 -1.0000 -3.000 -0.0002 0 NA
85.00 0.10000 85.1 0.00005 0 -3.000 -1.0000 -3.000 -0.0002 0 NA
90.00 0.10000 90.1 0.00006 0 -3.000 -1.0000 -3.000 -0.0001 0 NA
95.00 0.10000 95.1 0.00008 0 -3.000 -1.0000 -3.000 -0.0001 0 NA
100.00 0.10000 100.1 0.00014 0 -3.000 -1.0000 -3.000 -0.0001 0 NA
105.00 0.10000 105.1 0.00022 0 -3.000 -1.0000 -3.000 -0.0001 0 NA
110.00 0.10000 110.1 0.00040 0 -3.000 -1.0000 -3.000 -0.0002 0 NA
115.00 0.10000 115.1 0.00068 0 -3.000 -1.0000 -3.000 -0.0002 0 NA
120.00 0.10000 120.1 0.00113 0 -3.000 -1.0000 -3.000 -0.0002 0 NA
125.00 0.10000 125.1 0.00180 0 -3.000 -1.0000 -3.000 -0.0002 0 NA
130.00 0.10000 130.1 0.00274 0 -3.000 -1.0000 -3.000 -0.0001 0 NA
135.00 0.10000 135.1 0.00401 0 -3.000 -1.0000 -3.000 -0.0001 0 NA
140.00 0.10000 140.1 0.00563 0 -3.000 -1.0000 -3.000 -0.0001 0 NA
145.00 0.10000 145.1 0.00762 0 -3.000 -1.0000 -3.000 -0.0002 0 NA
150.00 0.10000 150.1 0.01000 0 -3.000 -1.0000 -3.000 -0.0002 0 NA
155.00 0.09677 155.1 0.01279 0 -3.000 -1.0000 -3.000 -0.0002 0 NA
160.00 0.09375 160.1 0.01597 0 -3.000 -1.0000 -3.000 -0.0001 0 NA
165.00 0.09091 165.1 0.01947 0 -3.000 -1.0000 -3.000 -0.0002 0 NA
170.00 0.08824 170.1 0.02349 0 -3.000 -1.0000 -3.000 -0.0001 0 NA
175.00 0.08571 175.1 0.02753 0 -3.000 -1.0000 -3.000 -0.0001 0 NA
180.00 0.08333 180.1 0.03175 0 -3.000 -1.0000 -3.000 -0.0001 0 NA
185.00 0.08108 185.1 0.03613 0 -3.000 -1.0000 -3.000 -0.0002 0 NA
190.00 0.07895 190.1 0.04078 0 -3.000 -1.0000 -3.000 -0.0002 0 NA
195.00 0.07692 195.1 0.04572 0 -3.000 -1.0000 -3.000 -0.0001 0 NA
200.00 0.07500 200.1 0.05075 0 -3.000 -1.0000 -3.000 -0.0001 0 NA
205.00 0.07317 205.1 0.05575 0 -3.000 -1.0000 -3.000 -0.0001 0 NA
210.00 0.07143 210.1 0.06089 0 -3.000 -1.0000 -3.000 -0.0001 0 NA
215.00 0.06977 209.8 0.06003 1 -3.000 -1.0000 -3.000 -0.0001 0 NA
0.00 0.10000 0.1 0.00000 0 -3.500 -1.0000 -3.500 -0.0001 0 NA
5.00 0.10000 5.1 0.00000 0 -3.500 -1.0000 -3.500 -0.0001 0 NA
10.00 0.10000 10.1 0.00000 0 -3.500 -1.0000 -3.500 -0.0001 0 NA
15.00 0.10000 15.1 0.00000 0 -3.500 -1.0000 -3.500 -0.0001 0 NA
20.00 0.10000 20.1 0.00000 0 -3.500 -1.0000 -3.500 -0.0002 0 NA
25.00 0.10000 25.1 0.00000 0 -3.500 -1.0000 -3.500 -0.0002 0 NA
30.00 0.10000 30.1 0.00000 0 -3.500 -1.0000 -3.500 -0.0001 0 NA
35.00 0.10000 35.1 0.00000 0 -3.500 -1.0000 -3.500 -0.0002 0 NA
40.00 0.10000 40.1 0.00000 0 -3.500 -1.0000 -3.500 -0.0001 0 NA
45.00 0.10000 45.0 0.00000 0 -3.500 -1.0000 -3.500 -0.0002 0 NA
50.00 0.10000 50.1 0.00000 0 -3.500 -1.0000 -3.500 -0.0002 0 NA
55.00 0.10000 55.1 0.00000 0 -3.500 -1.0000 -3.500 -0.0002 0 NA
60.00 0.10000 60.1 0.00000 0 -3.500 -1.0000 -3.500 -0.0001 0 NA
65.00 0.10000 65.1 0.00000 0 -3.500 -1.0000 -3.500 -0.0002 0 NA
70.00 0.10000 70.1 0.00000 0 -3.500 -1.0000 -3.500 -0.0002 0 NA
75.00 0.10000 75.1 0.00000 0 -3.500 -1.0000 -3.500 -0.0001 0 NA
80.00 0.10000 80.1 0.00000 0 -3.500 -1.0000 -3.500 -0.0001 0 NA
85.00 0.10000 85.1 0.00000 0 -3.500 -1.0000 -3.500 -0.0002 0 NA
90.00 0.10000 90.1 0.00000 0 -3.500 -1.0000 -3.500 -0.0001 0 NA
95.00 0.10000 95.1 0.00000 0 -3.500 -1.0000 -3.500 -0.0002 0 NA
100.00 0.10000 100.1 0.00005 0 -3.500 -1.0000 -3.500 -0.0002 0 NA
105.00 0.10000 105.1 0.00006 0 -3.500 -1.0000 -3.500 -0.0002 0 NA
110.00 0.10000 110.1 0.00008 0 -3.500 -1.0000 -3.500 -0.0001 0 NA
115.00 0.10000 115.1 0.00014 0 -3.500 -1.0000 -3.500 -0.0002 0 NA
120.00 0.10000 120.1 0.00022 0 -3.500 -1.0000 -3.500 -0.0001 0 NA
125.00 0.10000 125.1 0.00038 0 -3.500 -1.0000 -3.500 -0.0001 0 NA
130.00 0.10000 130.1 0.00065 0 -3.500 -1.0000 -3.500 -0.0002 0 NA
135.00 0.10000 135.1 0.00106 0 -3.500 -1.0000 -3.500 -0.0001 0 NA
140.00 0.10000 140.1 0.00165 0 -3.500 -1.0000 -3.500 -0.0002 0 NA
145.00 0.10000 145.1 0.00249 0 -3.500 -1.0000 -3.500 -0.0001 0 NA
150.00 0.10000 150.1 0.00362 0 -3.500 -1.0000 -3.500 -0.0001 0 NA
155.00 0.09677 155.1 0.00508 0 -3.500 -1.0000 -3.500 -0.0002 0 NA
160.00 0.09375 160.1 0.00689 0 -3.500 -1.0000 -3.500 -0.0001 0 NA
165.00 0.09091 165.1 0.00906 0 -3.500 -1.0000 -3.500 -0.0001 0 NA
170.00 0.08824 170.1 0.01159 0 -3.500 -1.0000 -3.500 -0.0002 0 NA
175.00 0.08571 175.1 0.01464 0 -3.500 -1.0000 -3.500 -0.0001 0 NA
180.00 0.08333 180.1 0.01795 0 -3.500 -1.0000 -3.500 -0.0002 0 NA
185.00 0.08108 185.1 0.02154 0 -3.500 -1.0000 -3.500 -0.0001 0 NA
190.00 0.07895 190.1 0.02539 0 -3.500 -1.0000 -3.500 -0.0001 0 NA
195.00 0.07692 195.1 0.02947 0 -3.500 -1.0000 -3.500 -0.0001 0 NA
200.00 0.07500 200.1 0.03393 0 -3.500 -1.0000 -3.500 -0.0002 0 NA
205.00 0.07317 205.1 0.03827 0 -3.500 -1.0000 -3.500 -0.0001 0 NA
210.00 0.07143 210.1 0.04298 0 -3.500 -1.0000 -3.500 -0.0001 0 NA
215.00 0.06977 215.1 0.04764 0 -3.500 -1.0000 -3.500 -0.0001 0 NA
220.00 0.06818 220.1 0.05255 0 -3.500 -1.0000 -3.500 -0.0001 0 NA
225.00 0.06667 225.1 0.05740 0 -3.500 -1.0000 -3.500 -0.0002 0 NA
230.00 0.06522 229.0 0.06103 1 -3.500 -1.0000 -3.500 -0.0002 0 NA
0.00 0.10000 0.1 0.00000 0 -4.000 -1.0000 -4.000 -0.0001 0 NA
5.00 0.10000 5.1 0.00000 0 -4.000 -1.0000 -4.000 -0.0001 0 NA
10.00 0.10000 10.1 0.00000 0 -4.000 -1.0000 -4.000 -0.0001 0 NA
15.00 0.10000 15.1 0.00000 0 -4.000 -1.0000 -4.000 -0.0001 0 NA
20.00 0.10000 20.1 0.00000 0 -4.000 -1.0000 -4.000 -0.0002 0 NA
25.00 0.10000 25.1 0.00000 0 -4.000 -1.0000 -4.000 -0.0001 0 NA
30.00 0.10000 30.1 0.00000 0 -4.000 -1.0000 -4.000 -0.0001 0 NA
35.00 0.10000 35.1 0.00000 0 -4.000 -1.0000 -4.000 -0.0002 0 NA
40.00 0.10000 40.1 0.00000 0 -4.000 -1.0000 -4.000 -0.0002 0 NA
45.00 0.10000 45.0 0.00000 0 -4.000 -1.0000 -4.000 -0.0001 0 NA
50.00 0.10000 50.1 0.00000 0 -4.000 -1.0000 -4.000 -0.0001 0 NA
55.00 0.10000 55.1 0.00000 0 -4.000 -1.0000 -4.000 -0.0002 0 NA
60.00 0.10000 60.1 0.00000 0 -4.000 -1.0000 -4.000 -0.0001 0 NA
65.00 0.10000 65.1 0.00000 0 -4.000 -1.0000 -4.000 -0.0001 0 NA
70.00 0.10000 70.1 0.00000 0 -4.000 -1.0000 -4.000 -0.0002 0 NA
75.00 0.10000 75.1 0.00000 0 -4.000 -1.0000 -4.000 -0.0002 0 NA
80.00 0.10000 80.1 0.00000 0 -4.000 -1.0000 -4.000 -0.0001 0 NA
85.00 0.10000 85.1 0.00000 0 -4.000 -1.0000 -4.000 -0.0001 0 NA
90.00 0.10000 90.1 0.00000 0 -4.000 -1.0000 -4.000 -0.0001 0 NA
95.00 0.10000 95.1 0.00000 0 -4.000 -1.0000 -4.000 -0.0002 0 NA
100.00 0.10000 100.1 0.00000 0 -4.000 -1.0000 -4.000 -0.0001 0 NA
105.00 0.10000 105.1 0.00000 0 -4.000 -1.0000 -4.000 -0.0002 0 NA
110.00 0.10000 110.1 0.00000 0 -4.000 -1.0000 -4.000 -0.0002 0 NA
115.00 0.10000 115.1 0.00005 0 -4.000 -1.0000 -4.000 -0.0001 0 NA
120.00 0.10000 120.1 0.00007 0 -4.000 -1.0000 -4.000 -0.0001 0 NA
125.00 0.10000 125.1 0.00009 0 -4.000 -1.0000 -4.000 -0.0002 0 NA
130.00 0.10000 130.1 0.00014 0 -4.000 -1.0000 -4.000 -0.0001 0 NA
135.00 0.10000 135.1 0.00022 0 -4.000 -1.0000 -4.000 -0.0002 0 NA
140.00 0.10000 140.1 0.00038 0 -4.000 -1.0000 -4.000 -0.0002 0 NA
145.00 0.10000 145.1 0.00062 0 -4.000 -1.0000 -4.000 -0.0001 0 NA
150.00 0.10000 150.1 0.00099 0 -4.000 -1.0000 -4.000 -0.0001 0 NA
155.00 0.09677 155.1 0.00154 0 -4.000 -1.0000 -4.000 -0.0001 0 NA
160.00 0.09375 160.1 0.00230 0 -4.000 -1.0000 -4.000 -0.0002 0 NA
165.00 0.09091 165.1 0.00332 0 -4.000 -1.0000 -4.000 -0.0002 0 NA
170.00 0.08824 170.1 0.00463 0 -4.000 -1.0000 -4.000 -0.0002 0 NA
175.00 0.08571 175.1 0.00626 0 -4.000 -1.0000 -4.000 -0.0001 0 NA
180.00 0.08333 180.1 0.00833 0 -4.000 -1.0000 -4.000 -0.0002 0 NA
185.00 0.08108 185.1 0.01070 0 -4.000 -1.0000 -4.000 -0.0001 0 NA
190.00 0.07895 190.1 0.01341 0 -4.000 -1.0000 -4.000 -0.0001 0 NA
195.00 0.07692 195.1 0.01643 0 -4.000 -1.0000 -4.000 -0.0002 0 NA
200.00 0.07500 200.1 0.01985 0 -4.000 -1.0000 -4.000 -0.0001 0 NA
205.00 0.07317 205.1 0.02351 0 -4.000 -1.0000 -4.000 -0.0001 0 NA
210.00 0.07143 210.1 0.02759 0 -4.000 -1.0000 -4.000 -0.0001 0 NA
215.00 0.06977 215.1 0.03179 0 -4.000 -1.0000 -4.000 -0.0001 0 NA
220.00 0.06818 220.1 0.03610 0 -4.000 -1.0000 -4.000 -0.0001 0 NA
225.00 0.06667 225.1 0.04045 0 -4.000 -1.0000 -4.000 -0.0001 0 NA
230.00 0.06522 230.1 0.04491 0 -4.000 -1.0000 -4.000 -0.0002 0 NA
235.00 0.06383 235.1 0.04947 0 -4.000 -1.0000 -4.000 -0.0001 0 NA
240.00 0.06250 240.1 0.05429 0 -4.000 -1.0000 -4.000 -0.0001 0 NA
245.00 0.06122 245.1 0.05900 0 -4.000 -1.0000 -4.000 -0.0001 0 NA
250.00 0.06000 246.8 0.06003 1 -4.000 -1.0000 -4.000 -0.0002 0 NA
0.00 0.10000 0.1 0.00000 0 -4.500 -1.0000 -4.500 -0.0001 0 NA
5.00 0.10000 5.1 0.00000 0 -4.500 -1.0000 -4.500 -0.0001 0 NA
10.00 0.10000 10.1 0.00000 0 -4.500 -1.0000 -4.500 -0.0001 0 NA
15.00 0.10000 15.1 0.00000 0 -4.500 -1.0000 -4.500 -0.0002 0 NA
20.00 0.10000 20.1 0.00000 0 -4.500 -1.0000 -4.500 -0.0001 0 NA
25.00 0.10000 25.1 0.00000 0 -4.500 -1.0000 -4.499 -0.0001 0 NA
30.00 0.10000 30.1 0.00000 0 -4.500 -1.0000 -4.499 -0.0001 0 NA
35.00 0.10000 35.1 0.00000 0 -4.500 -1.0000 -4.500 -0.0002 0 NA
40.00 0.10000 40.1 0.00000 0 -4.500 -1.0000 -4.499 -0.0001 0 NA
45.00 0.10000 45.0 0.00000 0 -4.500 -1.0000 -4.500 -0.0001 0 NA
50.00 0.10000 50.1 0.00000 0 -4.500 -1.0000 -4.500 -0.0002 0 NA
55.00 0.10000 55.1 0.00000 0 -4.500 -1.0000 -4.500 -0.0001 0 NA
60.00 0.10000 60.1 0.00000 0 -4.500 -1.0000 -4.500 -0.0001 0 NA
65.00 0.10000 65.1 0.00000 0 -4.500 -1.0000 -4.499 -0.0001 0 NA
70.00 0.10000 70.1 0.00000 0 -4.500 -1.0000 -4.499 -0.0001 0 NA
75.00 0.10000 75.1 0.00000 0 -4.500 -1.0000 -4.499 -0.0001 0 NA
80.00 0.10000 80.1 0.00000 0 -4.500 -1.0000 -4.500 -0.0002 0 NA
85.00 0.10000 85.1 0.00000 0 -4.500 -1.0000 -4.499 -0.0002 0 NA
90.00 0.10000 90.1 0.00000 0 -4.500 -1.0000 -4.500 -0.0002 0 NA
95.00 0.10000 95.1 0.00000 0 -4.500 -1.0000 -4.500 -0.0001 0 NA
100.00 0.10000 100.1 0.00000 0 -4.500 -1.0000 -4.500 -0.0001 0 NA
105.00 0.10000 105.1 0.00000 0 -4.500 -1.0000 -4.499 -0.0001 0 NA
110.00 0.10000 110.1 0.00000 0 -4.500 -1.0000 -4.500 -0.0002 0 NA
115.00 0.10000 115.1 0.00000 0 -4.500 -1.0000 -4.500 -0.0002 0 NA
120.00 0.10000 120.1 0.00000 0 -4.500 -1.0000 -4.499 -0.0001 0 NA
125.00 0.10000 125.1 0.00000 0 -4.500 -1.0000 -4.500 -0.0001 0 NA
130.00 0.10000 130.1 0.00005 0 -4.500 -1.0000 -4.500 -0.0001 0 NA
135.00 0.10000 135.1 0.00007 0 -4.500 -1.0000 -4.500 -0.0002 0 NA
140.00 0.10000 140.1 0.00010 0 -4.500 -1.0000 -4.500 -0.0001 0 NA
145.00 0.10000 145.1 0.00015 0 -4.500 -1.0000 -4.500 -0.0001 0 NA
150.00 0.10000 150.1 0.00024 0 -4.500 -1.0000 -4.499 -0.0002 0 NA
155.00 0.09677 155.1 0.00040 0 -4.500 -1.0000 -4.500 -0.0001 0 NA
160.00 0.09375 160.1 0.00064 0 -4.500 -1.0000 -4.499 -0.0002 0 NA
165.00 0.09091 165.1 0.00100 0 -4.500 -1.0000 -4.500 -0.0001 0 NA
170.00 0.08824 170.1 0.00153 0 -4.500 -1.0000 -4.500 -0.0001 0 NA
175.00 0.08571 175.1 0.00226 0 -4.500 -1.0000 -4.500 -0.0001 0 NA
180.00 0.08333 180.1 0.00323 0 -4.500 -1.0000 -4.499 -0.0001 0 NA
185.00 0.08108 185.1 0.00447 0 -4.500 -1.0000 -4.500 -0.0002 0 NA
190.00 0.07895 190.1 0.00603 0 -4.500 -1.0000 -4.499 -0.0001 0 NA
195.00 0.07692 195.1 0.00788 0 -4.500 -1.0000 -4.500 -0.0001 0 NA
200.00 0.07500 200.1 0.01008 0 -4.500 -1.0000 -4.500 -0.0002 0 NA
205.00 0.07317 205.1 0.01265 0 -4.500 -1.0000 -4.499 -0.0002 0 NA
210.00 0.07143 210.1 0.01550 0 -4.500 -1.0000 -4.500 -0.0002 0 NA
215.00 0.06977 215.1 0.01867 0 -4.500 -1.0000 -4.499 -0.0001 0 NA
220.00 0.06818 220.1 0.02214 0 -4.500 -1.0000 -4.499 -0.0002 0 NA
225.00 0.06667 225.1 0.02591 0 -4.500 -1.0000 -4.499 -0.0002 0 NA
230.00 0.06522 230.1 0.02980 0 -4.500 -1.0000 -4.499 -0.0001 0 NA
235.00 0.06383 235.1 0.03383 0 -4.500 -1.0000 -4.499 -0.0001 0 NA
240.00 0.06250 240.1 0.03811 0 -4.500 -1.0000 -4.500 -0.0002 0 NA
245.00 0.06122 245.1 0.04238 0 -4.500 -1.0000 -4.499 -0.0002 0 NA
250.00 0.06000 250.1 0.04677 0 -4.500 -1.0000 -4.500 -0.0002 0 NA
255.00 0.05882 255.1 0.05124 0 -4.500 -1.0000 -4.499 -0.0002 0 NA
260.00 0.05769 260.1 0.05598 0 -4.500 -1.0000 -4.499 -0.0002 0 NA
265.00 0.05660 265.1 0.06060 1 -4.500 -1.0000 -4.499 -0.0001 0 NA
0.00 0.10000 0.1 0.00000 0 -5.000 -1.0000 -4.999 -0.0002 0 NA
5.00 0.10000 5.1 0.00000 0 -5.000 -1.0000 -4.999 -0.0001 0 NA
10.00 0.10000 10.1 0.00000 0 -5.000 -1.0000 -4.999 -0.0002 0 NA
15.00 0.10000 15.1 0.00000 0 -5.000 -1.0000 -5.000 -0.0001 0 NA
20.00 0.10000 20.1 0.00000 0 -5.000 -1.0000 -5.000 -0.0001 0 NA
25.00 0.10000 25.1 0.00000 0 -5.000 -1.0000 -4.999 -0.0001 0 NA
30.00 0.10000 30.1 0.00000 0 -5.000 -1.0000 -5.000 -0.0001 0 NA
35.00 0.10000 35.1 0.00000 0 -5.000 -1.0000 -5.000 -0.0001 0 NA
40.00 0.10000 40.1 0.00000 0 -5.000 -1.0000 -5.000 -0.0002 0 NA
45.00 0.10000 45.0 0.00000 0 -5.000 -1.0000 -5.000 -0.0001 0 NA
50.00 0.10000 50.1 0.00000 0 -5.000 -1.0000 -4.999 -0.0001 0 NA
55.00 0.10000 55.1 0.00000 0 -5.000 -1.0000 -5.000 -0.0001 0 NA
60.00 0.10000 60.1 0.00000 0 -5.000 -1.0000 -4.999 -0.0001 0 NA
65.00 0.10000 65.1 0.00000 0 -5.000 -1.0000 -4.999 -0.0002 0 NA
70.00 0.10000 70.1 0.00000 0 -5.000 -1.0000 -4.999 -0.0001 0 NA
75.00 0.10000 75.1 0.00000 0 -5.000 -1.0000 -4.999 -0.0002 0 NA
80.00 0.10000 80.1 0.00000 0 -5.000 -1.0000 -5.000 -0.0001 0 NA
85.00 0.10000 85.1 0.00000 0 -5.000 -1.0000 -5.000 -0.0001 0 NA
90.00 0.10000 90.1 0.00000 0 -5.000 -1.0000 -4.999 -0.0002 0 NA
95.00 0.10000 95.1 0.00000 0 -5.000 -1.0000 -5.000 -0.0001 0 NA
100.00 0.10000 100.1 0.00000 0 -5.000 -1.0000 -5.000 -0.0001 0 NA
105.00 0.10000 105.1 0.00000 0 -5.000 -1.0000 -4.999 -0.0001 0 NA
110.00 0.10000 110.1 0.00000 0 -5.000 -1.0000 -4.999 -0.0001 0 NA
115.00 0.10000 115.1 0.00000 0 -5.000 -1.0000 -4.999 -0.0002 0 NA
120.00 0.10000 120.1 0.00000 0 -5.000 -1.0000 -5.000 -0.0002 0 NA
125.00 0.10000 125.1 0.00000 0 -5.000 -1.0000 -5.000 -0.0002 0 NA
130.00 0.10000 130.1 0.00000 0 -5.000 -1.0000 -4.999 -0.0001 0 NA
135.00 0.10000 135.1 0.00000 0 -5.000 -1.0000 -5.000 -0.0001 0 NA
140.00 0.10000 140.1 0.00005 0 -5.000 -1.0000 -5.000 -0.0001 0 NA
145.00 0.10000 145.1 0.00006 0 -5.000 -1.0000 -5.000 -0.0001 0 NA
150.00 0.10000 150.1 0.00007 0 -5.000 -1.0000 -4.999 -0.0002 0 NA
155.00 0.09677 155.1 0.00010 0 -5.000 -1.0000 -5.000 -0.0001 0 NA
160.00 0.09375 160.1 0.00016 0 -5.000 -1.0000 -4.999 -0.0001 0 NA
165.00 0.09091 165.1 0.00025 0 -5.000 -1.0000 -4.999 -0.0001 0 NA
170.00 0.08824 170.1 0.00040 0 -5.000 -1.0000 -4.999 -0.0002 0 NA
175.00 0.08571 175.1 0.00063 0 -5.000 -1.0000 -4.999 -0.0001 0 NA
180.00 0.08333 180.1 0.00096 0 -5.000 -1.0000 -5.000 -0.0002 0 NA
185.00 0.08108 185.1 0.00144 0 -5.000 -1.0000 -4.999 -0.0002 0 NA
190.00 0.07895 190.1 0.00212 0 -5.000 -1.0000 -5.000 -0.0001 0 NA
195.00 0.07692 195.1 0.00299 0 -5.000 -1.0000 -4.999 -0.0002 0 NA
200.00 0.07500 200.1 0.00412 0 -5.000 -1.0000 -4.999 -0.0002 0 NA
205.00 0.07317 205.1 0.00555 0 -5.000 -1.0000 -5.000 -0.0002 0 NA
210.00 0.07143 210.1 0.00726 0 -5.000 -1.0000 -4.999 -0.0002 0 NA
215.00 0.06977 215.1 0.00929 0 -5.000 -1.0000 -5.000 -0.0002 0 NA
220.00 0.06818 220.1 0.01162 0 -5.000 -1.0000 -4.999 -0.0001 0 NA
225.00 0.06667 225.1 0.01432 0 -5.000 -1.0000 -4.999 -0.0002 0 NA
230.00 0.06522 230.1 0.01722 0 -5.000 -1.0000 -4.999 -0.0001 0 NA
235.00 0.06383 235.1 0.02046 0 -5.000 -1.0000 -4.999 -0.0002 0 NA
240.00 0.06250 240.1 0.02405 0 -5.000 -1.0000 -4.999 -0.0001 0 NA
245.00 0.06122 245.1 0.02775 0 -5.000 -1.0000 -4.999 -0.0001 0 NA
250.00 0.06000 250.1 0.03161 0 -5.000 -1.0000 -5.000 -0.0002 0 NA
255.00 0.05882 255.1 0.03572 0 -5.000 -1.0000 -5.000 -0.0001 0 NA
260.00 0.05769 260.1 0.03983 0 -5.000 -1.0000 -4.999 -0.0001 0 NA
265.00 0.05660 265.1 0.04403 0 -5.000 -1.0000 -4.999 -0.0001 0 NA
270.00 0.05556 270.1 0.04834 0 -5.000 -1.0000 -4.999 -0.0001 0 NA
275.00 0.05455 275.1 0.05291 0 -5.000 -1.0000 -4.999 -0.0001 0 NA
280.00 0.05357 280.1 0.05738 1 -5.000 -1.0000 -4.999 -0.0001 0 NA
0.00 0.10000 0.1 0.00000 0 -5.500 -0.9091 -5.500 -0.0001 0 NA
5.00 0.10000 5.1 0.00000 0 -5.500 -0.9091 -5.500 -0.0001 0 NA
10.00 0.10000 10.1 0.00000 0 -5.500 -0.9091 -5.500 -0.0002 0 NA
15.00 0.10000 15.1 0.00000 0 -5.500 -0.9091 -5.500 -0.0001 0 NA
20.00 0.10000 20.1 0.00000 0 -5.500 -0.9091 -5.500 -0.0001 0 NA
25.00 0.10000 25.1 0.00000 0 -5.500 -0.9091 -5.500 -0.0002 0 NA
30.00 0.10000 30.1 0.00000 0 -5.500 -0.9091 -5.500 -0.0002 0 NA
35.00 0.10000 35.1 0.00000 0 -5.500 -0.9091 -5.500 -0.0001 0 NA
40.00 0.10000 40.1 0.00000 0 -5.500 -0.9091 -5.500 -0.0001 0 NA
45.00 0.10000 45.0 0.00000 0 -5.500 -0.9091 -5.500 -0.0002 0 NA
50.00 0.10000 50.1 0.00000 0 -5.500 -0.9091 -5.500 -0.0001 0 NA
55.00 0.10000 55.1 0.00000 0 -5.500 -0.9091 -5.500 -0.0001 0 NA
60.00 0.10000 60.1 0.00000 0 -5.500 -0.9091 -5.500 -0.0002 0 NA
65.00 0.10000 65.1 0.00000 0 -5.500 -0.9091 -5.500 -0.0002 0 NA
70.00 0.10000 70.1 0.00000 0 -5.500 -0.9091 -5.500 -0.0001 0 NA
75.00 0.10000 75.1 0.00000 0 -5.500 -0.9091 -5.500 -0.0001 0 NA
80.00 0.10000 80.1 0.00000 0 -5.500 -0.9091 -5.500 -0.0001 0 NA
85.00 0.10000 85.1 0.00000 0 -5.500 -0.9091 -5.500 -0.0001 0 NA
90.00 0.10000 90.1 0.00000 0 -5.500 -0.9091 -5.500 -0.0002 0 NA
95.00 0.10000 95.1 0.00000 0 -5.500 -0.9091 -5.500 -0.0001 0 NA
100.00 0.10000 100.1 0.00000 0 -5.500 -0.9091 -5.500 -0.0001 0 NA
105.00 0.10000 105.1 0.00000 0 -5.500 -0.9091 -5.500 -0.0001 0 NA
110.00 0.10000 110.1 0.00000 0 -5.500 -0.9091 -5.500 -0.0001 0 NA
115.00 0.10000 115.1 0.00000 0 -5.500 -0.9091 -5.500 -0.0002 0 NA
120.00 0.10000 120.1 0.00000 0 -5.500 -0.9091 -5.500 -0.0002 0 NA
125.00 0.10000 125.1 0.00000 0 -5.500 -0.9091 -5.500 -0.0002 0 NA
130.00 0.10000 130.1 0.00000 0 -5.500 -0.9091 -5.500 -0.0001 0 NA
135.00 0.10000 135.1 0.00000 0 -5.500 -0.9091 -5.500 -0.0002 0 NA
140.00 0.10000 140.1 0.00000 0 -5.500 -0.9091 -5.500 -0.0001 0 NA
145.00 0.10000 145.1 0.00000 0 -5.500 -0.9091 -5.500 -0.0001 0 NA
150.00 0.10000 150.1 0.00000 0 -5.500 -0.9091 -5.500 -0.0002 0 NA
155.00 0.09677 155.1 0.00005 0 -5.500 -0.9091 -5.500 -0.0002 0 NA
160.00 0.09375 160.1 0.00006 0 -5.500 -0.9091 -5.500 -0.0001 0 NA
165.00 0.09091 165.1 0.00007 0 -5.500 -0.9091 -5.500 -0.0002 0 NA
170.00 0.08824 170.1 0.00011 0 -5.500 -0.9091 -5.500 -0.0002 0 NA
175.00 0.08571 175.1 0.00016 0 -5.500 -0.9091 -5.500 -0.0001 0 NA
180.00 0.08333 180.1 0.00025 0 -5.500 -0.9091 -5.500 -0.0001 0 NA
185.00 0.08108 185.1 0.00039 0 -5.500 -0.9091 -5.500 -0.0001 0 NA
190.00 0.07895 190.1 0.00061 0 -5.500 -0.9091 -5.500 -0.0001 0 NA
195.00 0.07692 195.1 0.00092 0 -5.500 -0.9091 -5.500 -0.0002 0 NA
200.00 0.07500 200.1 0.00137 0 -5.500 -0.9091 -5.500 -0.0002 0 NA
205.00 0.07317 205.1 0.00198 0 -5.500 -0.9091 -5.500 -0.0001 0 NA
210.00 0.07143 210.1 0.00278 0 -5.500 -0.9091 -5.500 -0.0001 0 NA
215.00 0.06977 215.1 0.00383 0 -5.500 -0.9091 -5.500 -0.0001 0 NA
220.00 0.06818 220.1 0.00511 0 -5.500 -0.9091 -5.500 -0.0001 0 NA
225.00 0.06667 225.1 0.00669 0 -5.500 -0.9091 -5.500 -0.0002 0 NA
230.00 0.06522 230.1 0.00858 0 -5.500 -0.9091 -5.500 -0.0001 0 NA
235.00 0.06383 235.1 0.01074 0 -5.500 -0.9091 -5.500 -0.0002 0 NA
240.00 0.06250 240.1 0.01320 0 -5.500 -0.9091 -5.500 -0.0001 0 NA
245.00 0.06122 245.1 0.01595 0 -5.500 -0.9091 -5.500 -0.0001 0 NA
250.00 0.06000 250.1 0.01905 0 -5.500 -0.9091 -5.500 -0.0001 0 NA
255.00 0.05882 255.1 0.02234 0 -5.500 -0.9091 -5.500 -0.0001 0 NA
260.00 0.05769 260.1 0.02585 0 -5.500 -0.9091 -5.500 -0.0002 0 NA
265.00 0.05660 265.1 0.02964 0 -5.500 -0.9091 -5.500 -0.0001 0 NA
270.00 0.05556 270.1 0.03347 0 -5.500 -0.9091 -5.500 -0.0001 0 NA
275.00 0.05455 275.1 0.03741 0 -5.500 -0.9091 -5.500 -0.0001 0 NA
280.00 0.05357 280.1 0.04146 0 -5.500 -0.9091 -5.500 -0.0001 0 NA
285.00 0.05263 285.1 0.04577 0 -5.500 -0.9091 -5.500 -0.0001 0 NA
290.00 0.05172 290.1 0.04997 0 -5.500 -0.9091 -5.500 -0.0002 0 NA
295.00 0.05085 295.1 0.05424 1 -5.500 -0.9091 -5.500 -0.0001 0 NA
0.00 0.10000 0.1 0.00000 0 -6.000 -0.8333 -6.000 -0.0001 0 NA
5.00 0.10000 5.1 0.00000 0 -6.000 -0.8333 -6.000 -0.0001 0 NA
10.00 0.10000 10.1 0.00000 0 -6.000 -0.8333 -6.000 -0.0002 0 NA
15.00 0.10000 15.1 0.00000 0 -6.000 -0.8333 -6.000 -0.0001 0 NA
20.00 0.10000 20.1 0.00000 0 -6.000 -0.8333 -6.000 -0.0001 0 NA
25.00 0.10000 25.1 0.00000 0 -6.000 -0.8333 -6.000 -0.0001 0 NA
30.00 0.10000 30.1 0.00000 0 -6.000 -0.8333 -6.000 -0.0001 0 NA
35.00 0.10000 35.1 0.00000 0 -6.000 -0.8333 -6.000 -0.0001 0 NA
40.00 0.10000 40.1 0.00000 0 -6.000 -0.8333 -6.000 -0.0001 0 NA
45.00 0.10000 45.0 0.00000 0 -6.000 -0.8333 -6.000 -0.0001 0 NA
50.00 0.10000 50.1 0.00000 0 -6.000 -0.8333 -6.000 -0.0001 0 NA
55.00 0.10000 55.1 0.00000 0 -6.000 -0.8333 -6.000 -0.0001 0 NA
60.00 0.10000 60.1 0.00000 0 -6.000 -0.8333 -6.000 -0.0002 0 NA
65.00 0.10000 65.1 0.00000 0 -6.000 -0.8333 -6.000 -0.0002 0 NA
70.00 0.10000 70.1 0.00000 0 -6.000 -0.8333 -6.000 -0.0002 0 NA
75.00 0.10000 75.1 0.00000 0 -6.000 -0.8333 -6.000 -0.0001 0 NA
80.00 0.10000 80.1 0.00000 0 -6.000 -0.8333 -6.000 -0.0001 0 NA
85.00 0.10000 85.1 0.00000 0 -6.000 -0.8333 -6.000 -0.0001 0 NA
90.00 0.10000 90.1 0.00000 0 -6.000 -0.8333 -6.000 -0.0002 0 NA
95.00 0.10000 95.1 0.00000 0 -6.000 -0.8333 -6.000 -0.0002 0 NA
100.00 0.10000 100.1 0.00000 0 -6.000 -0.8333 -6.000 -0.0001 0 NA
105.00 0.10000 105.1 0.00000 0 -6.000 -0.8333 -6.000 -0.0001 0 NA
110.00 0.10000 110.1 0.00000 0 -6.000 -0.8333 -6.000 -0.0001 0 NA
115.00 0.10000 115.1 0.00000 0 -6.000 -0.8333 -6.000 -0.0002 0 NA
120.00 0.10000 120.1 0.00000 0 -6.000 -0.8333 -6.000 -0.0001 0 NA
125.00 0.10000 125.1 0.00000 0 -6.000 -0.8333 -6.000 -0.0002 0 NA
130.00 0.10000 130.1 0.00000 0 -6.000 -0.8333 -6.000 -0.0001 0 NA
135.00 0.10000 135.1 0.00000 0 -6.000 -0.8333 -6.000 -0.0001 0 NA
140.00 0.10000 140.1 0.00000 0 -6.000 -0.8333 -6.000 -0.0002 0 NA
145.00 0.10000 145.1 0.00000 0 -6.000 -0.8333 -6.000 -0.0002 0 NA
150.00 0.10000 150.1 0.00000 0 -6.000 -0.8333 -6.000 -0.0001 0 NA
155.00 0.09677 155.1 0.00000 0 -6.000 -0.8333 -6.000 -0.0001 0 NA
160.00 0.09375 160.1 0.00000 0 -6.000 -0.8333 -6.000 -0.0001 0 NA
165.00 0.09091 165.1 0.00000 0 -6.000 -0.8333 -6.000 -0.0001 0 NA
170.00 0.08824 170.1 0.00005 0 -6.000 -0.8333 -6.000 -0.0001 0 NA
175.00 0.08571 175.1 0.00006 0 -6.000 -0.8333 -6.000 -0.0002 0 NA
180.00 0.08333 180.1 0.00007 0 -6.000 -0.8333 -6.000 -0.0001 0 NA
185.00 0.08108 185.1 0.00011 0 -6.000 -0.8333 -6.000 -0.0001 0 NA
190.00 0.07895 190.1 0.00016 0 -6.000 -0.8333 -6.000 -0.0001 0 NA
195.00 0.07692 195.1 0.00025 0 -6.000 -0.8333 -6.000 -0.0001 0 NA
200.00 0.07500 200.1 0.00039 0 -6.000 -0.8333 -6.000 -0.0001 0 NA
205.00 0.07317 205.1 0.00059 0 -6.000 -0.8333 -6.000 -0.0002 0 NA
210.00 0.07143 210.1 0.00088 0 -6.000 -0.8333 -6.000 -0.0001 0 NA
215.00 0.06977 215.1 0.00129 0 -6.000 -0.8333 -6.000 -0.0001 0 NA
220.00 0.06818 220.1 0.00185 0 -6.000 -0.8333 -6.000 -0.0001 0 NA
225.00 0.06667 225.1 0.00259 0 -6.000 -0.8333 -6.000 -0.0001 0 NA
230.00 0.06522 230.1 0.00354 0 -6.000 -0.8333 -6.000 -0.0001 0 NA
235.00 0.06383 235.1 0.00474 0 -6.000 -0.8333 -6.000 -0.0001 0 NA
240.00 0.06250 240.1 0.00617 0 -6.000 -0.8333 -6.000 -0.0002 0 NA
245.00 0.06122 245.1 0.00789 0 -6.000 -0.8333 -6.000 -0.0002 0 NA
250.00 0.06000 250.1 0.00989 0 -6.000 -0.8333 -6.000 -0.0001 0 NA
255.00 0.05882 255.1 0.01220 0 -6.000 -0.8333 -6.000 -0.0001 0 NA
260.00 0.05769 260.1 0.01478 0 -6.000 -0.8333 -6.000 -0.0002 0 NA
265.00 0.05660 265.1 0.01760 0 -6.000 -0.8333 -6.000 -0.0001 0 NA
270.00 0.05556 270.1 0.02071 0 -6.000 -0.8333 -6.000 -0.0001 0 NA
275.00 0.05455 275.1 0.02411 0 -6.000 -0.8333 -6.000 -0.0001 0 NA
280.00 0.05357 280.1 0.02763 0 -6.000 -0.8333 -6.000 -0.0001 0 NA
285.00 0.05263 285.1 0.03128 0 -6.000 -0.8333 -6.000 -0.0001 0 NA
290.00 0.05172 290.1 0.03521 0 -6.000 -0.8333 -6.000 -0.0001 0 NA
295.00 0.05085 295.1 0.03909 0 -6.000 -0.8333 -6.000 -0.0002 0 NA
300.00 0.05000 297.0 0.04002 1 -6.000 -0.8333 -6.000 -0.0001 0 NA
0.00 0.10000 0.1 0.00000 0 -6.500 -0.7692 -6.500 -0.0001 0 NA
5.00 0.10000 5.1 0.00000 0 -6.500 -0.7692 -6.500 -0.0001 0 NA
10.00 0.10000 10.1 0.00000 0 -6.500 -0.7692 -6.500 -0.0001 0 NA
15.00 0.10000 15.1 0.00000 0 -6.500 -0.7692 -6.500 -0.0001 0 NA
20.00 0.10000 20.1 0.00000 0 -6.500 -0.7692 -6.500 -0.0002 0 NA
25.00 0.10000 25.1 0.00000 0 -6.500 -0.7692 -6.500 -0.0002 0 NA
30.00 0.10000 30.1 0.00000 0 -6.500 -0.7692 -6.500 -0.0001 0 NA
35.00 0.10000 35.1 0.00000 0 -6.500 -0.7692 -6.500 -0.0002 0 NA
40.00 0.10000 40.1 0.00000 0 -6.500 -0.7692 -6.500 -0.0001 0 NA
45.00 0.10000 45.0 0.00000 0 -6.500 -0.7692 -6.500 -0.0001 0 NA
50.00 0.10000 50.1 0.00000 0 -6.500 -0.7692 -6.500 -0.0002 0 NA
55.00 0.10000 55.1 0.00000 0 -6.500 -0.7692 -6.500 -0.0001 0 NA
60.00 0.10000 60.1 0.00000 0 -6.500 -0.7692 -6.500 -0.0001 0 NA
65.00 0.10000 65.1 0.00000 0 -6.500 -0.7692 -6.500 -0.0001 0 NA
70.00 0.10000 70.1 0.00000 0 -6.500 -0.7692 -6.500 -0.0002 0 NA
75.00 0.10000 75.1 0.00000 0 -6.500 -0.7692 -6.500 -0.0001 0 NA
80.00 0.10000 80.1 0.00000 0 -6.500 -0.7692 -6.500 -0.0001 0 NA
85.00 0.10000 85.1 0.00000 0 -6.500 -0.7692 -6.500 -0.0001 0 NA
90.00 0.10000 90.1 0.00000 0 -6.500 -0.7692 -6.500 -0.0002 0 NA
95.00 0.10000 95.1 0.00000 0 -6.500 -0.7692 -6.500 -0.0001 0 NA
100.00 0.10000 100.1 0.00000 0 -6.500 -0.7692 -6.500 -0.0002 0 NA
105.00 0.10000 105.1 0.00000 0 -6.500 -0.7692 -6.500 -0.0002 0 NA
110.00 0.10000 110.1 0.00000 0 -6.500 -0.7692 -6.500 -0.0001 0 NA
115.00 0.10000 115.1 0.00000 0 -6.500 -0.7692 -6.500 -0.0002 0 NA
120.00 0.10000 120.1 0.00000 0 -6.500 -0.7692 -6.500 -0.0001 0 NA
125.00 0.10000 125.1 0.00000 0 -6.500 -0.7692 -6.500 -0.0002 0 NA
130.00 0.10000 130.1 0.00000 0 -6.500 -0.7692 -6.500 -0.0001 0 NA
135.00 0.10000 135.1 0.00000 0 -6.500 -0.7692 -6.500 -0.0001 0 NA
140.00 0.10000 140.1 0.00000 0 -6.500 -0.7692 -6.500 -0.0001 0 NA
145.00 0.10000 145.1 0.00000 0 -6.500 -0.7692 -6.500 -0.0001 0 NA
150.00 0.10000 150.1 0.00000 0 -6.500 -0.7692 -6.500 -0.0001 0 NA
155.00 0.09677 155.1 0.00000 0 -6.500 -0.7692 -6.500 -0.0001 0 NA
160.00 0.09375 160.1 0.00000 0 -6.500 -0.7692 -6.500 -0.0002 0 NA
165.00 0.09091 165.1 0.00000 0 -6.500 -0.7692 -6.500 -0.0001 0 NA
170.00 0.08824 170.1 0.00000 0 -6.500 -0.7692 -6.500 -0.0001 0 NA
175.00 0.08571 175.1 0.00000 0 -6.500 -0.7692 -6.500 -0.0002 0 NA
180.00 0.08333 180.1 0.00000 0 -6.500 -0.7692 -6.500 -0.0002 0 NA
185.00 0.08108 185.1 0.00005 0 -6.500 -0.7692 -6.500 -0.0002 0 NA
190.00 0.07895 190.1 0.00006 0 -6.500 -0.7692 -6.500 -0.0001 0 NA
195.00 0.07692 195.1 0.00008 0 -6.500 -0.7692 -6.500 -0.0002 0 NA
200.00 0.07500 200.1 0.00012 0 -6.500 -0.7692 -6.500 -0.0002 0 NA
205.00 0.07317 205.1 0.00017 0 -6.500 -0.7692 -6.500 -0.0001 0 NA
210.00 0.07143 210.1 0.00025 0 -6.500 -0.7692 -6.500 -0.0001 0 NA
215.00 0.06977 215.1 0.00038 0 -6.500 -0.7692 -6.500 -0.0001 0 NA
220.00 0.06818 220.1 0.00057 0 -6.500 -0.7692 -6.500 -0.0001 0 NA
225.00 0.06667 225.1 0.00085 0 -6.500 -0.7692 -6.500 -0.0001 0 NA
230.00 0.06522 230.1 0.00123 0 -6.500 -0.7692 -6.500 -0.0001 0 NA
235.00 0.06383 235.1 0.00175 0 -6.500 -0.7692 -6.500 -0.0001 0 NA
240.00 0.06250 240.1 0.00243 0 -6.500 -0.7692 -6.500 -0.0002 0 NA
245.00 0.06122 245.1 0.00330 0 -6.500 -0.7692 -6.500 -0.0002 0 NA
250.00 0.06000 250.1 0.00440 0 -6.500 -0.7692 -6.500 -0.0001 0 NA
255.00 0.05882 255.1 0.00572 0 -6.500 -0.7692 -6.500 -0.0001 0 NA
260.00 0.05769 260.1 0.00731 0 -6.500 -0.7692 -6.500 -0.0001 0 NA
265.00 0.05660 265.1 0.00915 0 -6.500 -0.7692 -6.500 -0.0002 0 NA
270.00 0.05556 270.1 0.01132 0 -6.500 -0.7692 -6.500 -0.0001 0 NA
275.00 0.05455 275.1 0.01371 0 -6.500 -0.7692 -6.500 -0.0001 0 NA
280.00 0.05357 280.1 0.01637 0 -6.500 -0.7692 -6.500 -0.0001 0 NA
285.00 0.05263 285.1 0.01925 0 -6.500 -0.7692 -6.500 -0.0001 0 NA
290.00 0.05172 290.1 0.02248 0 -6.500 -0.7692 -6.500 -0.0001 0 NA
295.00 0.05085 295.1 0.02581 0 -6.500 -0.7692 -6.500 -0.0002 0 NA
300.00 0.05000 300.1 0.02931 0 -6.500 -0.7692 -6.500 -0.0001 0 NA
305.00 0.04918 305.1 0.03309 0 -6.500 -0.7692 -6.500 -0.0001 0 NA
310.00 0.04839 310.1 0.03683 0 -6.500 -0.7692 -6.500 -0.0001 0 NA
315.00 0.04762 315.1 0.04065 0 -6.500 -0.7692 -6.500 -0.0001 0 NA
320.00 0.04688 315.1 0.04002 1 -6.500 -0.7692 -6.500 -0.0002 0 NA
0.00 0.10000 0.1 0.00000 0 -7.000 -0.7143 -7.000 -0.0001 0 NA
5.00 0.10000 5.1 0.00000 0 -7.000 -0.7143 -7.000 -0.0002 0 NA
10.00 0.10000 10.1 0.00000 0 -7.000 -0.7143 -7.000 -0.0001 0 NA
15.00 0.10000 15.1 0.00000 0 -7.000 -0.7143 -7.000 -0.0002 0 NA
20.00 0.10000 20.1 0.00000 0 -7.000 -0.7143 -7.000 -0.0001 0 NA
25.00 0.10000 25.1 0.00000 0 -7.000 -0.7143 -7.000 -0.0001 0 NA
30.00 0.10000 30.1 0.00000 0 -7.000 -0.7143 -7.000 -0.0001 0 NA
35.00 0.10000 35.1 0.00000 0 -7.000 -0.7143 -7.000 -0.0002 0 NA
40.00 0.10000 40.1 0.00000 0 -7.000 -0.7143 -7.000 -0.0001 0 NA
45.00 0.10000 45.0 0.00000 0 -7.000 -0.7143 -7.000 -0.0001 0 NA
50.00 0.10000 50.1 0.00000 0 -7.000 -0.7143 -7.000 -0.0002 0 NA
55.00 0.10000 55.1 0.00000 0 -7.000 -0.7143 -7.000 -0.0001 0 NA
60.00 0.10000 60.1 0.00000 0 -7.000 -0.7143 -7.000 -0.0001 0 NA
65.00 0.10000 65.1 0.00000 0 -7.000 -0.7143 -7.000 -0.0001 0 NA
70.00 0.10000 70.1 0.00000 0 -7.000 -0.7143 -7.000 -0.0001 0 NA
75.00 0.10000 75.1 0.00000 0 -7.000 -0.7143 -7.000 -0.0001 0 NA
80.00 0.10000 80.1 0.00000 0 -7.000 -0.7143 -7.000 -0.0001 0 NA
85.00 0.10000 85.1 0.00000 0 -7.000 -0.7143 -7.000 -0.0001 0 NA
90.00 0.10000 90.1 0.00000 0 -7.000 -0.7143 -7.000 -0.0002 0 NA
95.00 0.10000 95.1 0.00000 0 -7.000 -0.7143 -7.000 -0.0002 0 NA
100.00 0.10000 100.1 0.00000 0 -7.000 -0.7143 -7.000 -0.0002 0 NA
105.00 0.10000 105.1 0.00000 0 -7.000 -0.7143 -7.000 -0.0001 0 NA
110.00 0.10000 110.1 0.00000 0 -7.000 -0.7143 -7.000 -0.0001 0 NA
115.00 0.10000 115.1 0.00000 0 -7.000 -0.7143 -7.000 -0.0002 0 NA
120.00 0.10000 120.1 0.00000 0 -7.000 -0.7143 -7.000 -0.0001 0 NA
125.00 0.10000 125.1 0.00000 0 -7.000 -0.7143 -7.000 -0.0002 0 NA
130.00 0.10000 130.1 0.00000 0 -7.000 -0.7143 -6.999 -0.0002 0 NA
135.00 0.10000 135.1 0.00000 0 -7.000 -0.7143 -7.000 -0.0001 0 NA
140.00 0.10000 140.1 0.00000 0 -7.000 -0.7143 -7.000 -0.0002 0 NA
145.00 0.10000 145.1 0.00000 0 -7.000 -0.7143 -7.000 -0.0001 0 NA
150.00 0.10000 150.1 0.00000 0 -7.000 -0.7143 -7.000 -0.0001 0 NA
155.00 0.09677 155.1 0.00000 0 -7.000 -0.7143 -7.000 -0.0001 0 NA
160.00 0.09375 160.1 0.00000 0 -7.000 -0.7143 -7.000 -0.0001 0 NA
165.00 0.09091 165.1 0.00000 0 -7.000 -0.7143 -7.000 -0.0002 0 NA
170.00 0.08824 170.1 0.00000 0 -7.000 -0.7143 -7.000 -0.0001 0 NA
175.00 0.08571 175.1 0.00000 0 -7.000 -0.7143 -7.000 -0.0001 0 NA
180.00 0.08333 180.1 0.00000 0 -7.000 -0.7143 -7.000 -0.0002 0 NA
185.00 0.08108 185.1 0.00000 0 -7.000 -0.7143 -7.000 -0.0001 0 NA
190.00 0.07895 190.1 0.00000 0 -7.000 -0.7143 -7.000 -0.0001 0 NA
195.00 0.07692 195.1 0.00005 0 -7.000 -0.7143 -7.000 -0.0001 0 NA
200.00 0.07500 200.1 0.00005 0 -7.000 -0.7143 -7.000 -0.0001 0 NA
205.00 0.07317 205.1 0.00007 0 -7.000 -0.7143 -7.000 -0.0002 0 NA
210.00 0.07143 210.1 0.00008 0 -7.000 -0.7143 -7.000 -0.0001 0 NA
215.00 0.06977 215.1 0.00012 0 -7.000 -0.7143 -7.000 -0.0001 0 NA
220.00 0.06818 220.1 0.00017 0 -7.000 -0.7143 -7.000 -0.0002 0 NA
225.00 0.06667 225.1 0.00026 0 -7.000 -0.7143 -7.000 -0.0001 0 NA
230.00 0.06522 230.1 0.00038 0 -7.000 -0.7143 -7.000 -0.0001 0 NA
235.00 0.06383 235.1 0.00056 0 -7.000 -0.7143 -7.000 -0.0001 0 NA
240.00 0.06250 240.1 0.00083 0 -7.000 -0.7143 -7.000 -0.0002 0 NA
245.00 0.06122 245.1 0.00119 0 -7.000 -0.7143 -7.000 -0.0001 0 NA
250.00 0.06000 250.1 0.00166 0 -7.000 -0.7143 -7.000 -0.0002 0 NA
255.00 0.05882 255.1 0.00229 0 -7.000 -0.7143 -7.000 -0.0001 0 NA
260.00 0.05769 260.1 0.00311 0 -7.000 -0.7143 -7.000 -0.0001 0 NA
265.00 0.05660 265.1 0.00411 0 -7.000 -0.7143 -7.000 -0.0002 0 NA
270.00 0.05556 270.1 0.00533 0 -7.000 -0.7143 -7.000 -0.0001 0 NA
275.00 0.05455 275.1 0.00680 0 -7.000 -0.7143 -7.000 -0.0002 0 NA
280.00 0.05357 280.1 0.00854 0 -7.000 -0.7143 -7.000 -0.0001 0 NA
285.00 0.05263 285.1 0.01051 0 -7.000 -0.7143 -7.000 -0.0002 0 NA
290.00 0.05172 290.1 0.01274 0 -7.000 -0.7143 -7.000 -0.0002 0 NA
295.00 0.05085 295.1 0.01528 0 -7.000 -0.7143 -7.000 -0.0001 0 NA
300.00 0.05000 300.1 0.01801 0 -7.000 -0.7143 -7.000 -0.0002 0 NA
305.00 0.04918 305.1 0.02096 0 -7.000 -0.7143 -7.000 -0.0001 0 NA
310.00 0.04839 310.1 0.02413 0 -7.000 -0.7143 -7.000 -0.0001 0 NA
315.00 0.04762 315.1 0.02758 0 -7.000 -0.7143 -7.000 -0.0002 0 NA
320.00 0.04688 320.1 0.03105 0 -7.000 -0.7143 -7.000 -0.0002 0 NA
325.00 0.04615 325.1 0.03463 0 -7.000 -0.7143 -6.999 -0.0001 0 NA
330.00 0.04545 330.1 0.03849 0 -7.000 -0.7143 -7.000 -0.0001 0 NA
335.00 0.04478 334.9 0.04196 1 -7.000 -0.7143 -7.000 -0.0001 0 NA
0.00 0.10000 0.1 0.00000 0 -7.500 -0.6667 -7.499 -0.0001 0 NA
5.00 0.10000 5.1 0.00000 0 -7.500 -0.6667 -7.499 -0.0002 0 NA
10.00 0.10000 10.1 0.00000 0 -7.500 -0.6667 -7.499 -0.0002 0 NA
15.00 0.10000 15.1 0.00000 0 -7.500 -0.6667 -7.499 -0.0001 0 NA
20.00 0.10000 20.1 0.00000 0 -7.500 -0.6667 -7.499 -0.0001 0 NA
25.00 0.10000 25.1 0.00000 0 -7.500 -0.6667 -7.499 -0.0001 0 NA
30.00 0.10000 30.1 0.00000 0 -7.500 -0.6667 -7.499 -0.0001 0 NA
35.00 0.10000 35.1 0.00000 0 -7.500 -0.6667 -7.499 -0.0001 0 NA
40.00 0.10000 40.1 0.00000 0 -7.500 -0.6667 -7.499 -0.0002 0 NA
45.00 0.10000 45.0 0.00000 0 -7.500 -0.6667 -7.499 -0.0001 0 NA
50.00 0.10000 50.1 0.00000 0 -7.500 -0.6667 -7.499 -0.0001 0 NA
55.00 0.10000 55.1 0.00000 0 -7.500 -0.6667 -7.499 -0.0001 0 NA
60.00 0.10000 60.1 0.00000 0 -7.500 -0.6667 -7.499 -0.0001 0 NA
65.00 0.10000 65.1 0.00000 0 -7.500 -0.6667 -7.499 -0.0002 0 NA
70.00 0.10000 70.1 0.00000 0 -7.500 -0.6667 -7.499 -0.0001 0 NA
75.00 0.10000 75.1 0.00000 0 -7.500 -0.6667 -7.499 -0.0002 0 NA
80.00 0.10000 80.1 0.00000 0 -7.500 -0.6667 -7.499 -0.0001 0 NA
85.00 0.10000 85.1 0.00000 0 -7.500 -0.6667 -7.499 -0.0001 0 NA
90.00 0.10000 90.1 0.00000 0 -7.500 -0.6667 -7.499 -0.0001 0 NA
95.00 0.10000 95.1 0.00000 0 -7.500 -0.6667 -7.499 -0.0001 0 NA
100.00 0.10000 100.1 0.00000 0 -7.500 -0.6667 -7.499 -0.0001 0 NA
105.00 0.10000 105.1 0.00000 0 -7.500 -0.6667 -7.499 -0.0001 0 NA
110.00 0.10000 110.1 0.00000 0 -7.500 -0.6667 -7.499 -0.0001 0 NA
115.00 0.10000 115.1 0.00000 0 -7.500 -0.6667 -7.499 -0.0002 0 NA
120.00 0.10000 120.1 0.00000 0 -7.500 -0.6667 -7.499 -0.0001 0 NA
125.00 0.10000 125.1 0.00000 0 -7.500 -0.6667 -7.499 -0.0002 0 NA
130.00 0.10000 130.1 0.00000 0 -7.500 -0.6667 -7.499 -0.0002 0 NA
135.00 0.10000 135.1 0.00000 0 -7.500 -0.6667 -7.499 -0.0001 0 NA
140.00 0.10000 140.1 0.00000 0 -7.500 -0.6667 -7.499 -0.0001 0 NA
145.00 0.10000 145.1 0.00000 0 -7.500 -0.6667 -7.499 -0.0002 0 NA
150.00 0.10000 150.1 0.00000 0 -7.500 -0.6667 -7.499 -0.0001 0 NA
155.00 0.09677 155.1 0.00000 0 -7.500 -0.6667 -7.499 -0.0001 0 NA
160.00 0.09375 160.1 0.00000 0 -7.500 -0.6667 -7.499 -0.0001 0 NA
165.00 0.09091 165.1 0.00000 0 -7.500 -0.6667 -7.499 -0.0001 0 NA
170.00 0.08824 170.1 0.00000 0 -7.500 -0.6667 -7.499 -0.0002 0 NA
175.00 0.08571 175.1 0.00000 0 -7.500 -0.6667 -7.499 -0.0001 0 NA
180.00 0.08333 180.1 0.00000 0 -7.500 -0.6667 -7.499 -0.0001 0 NA
185.00 0.08108 185.1 0.00000 0 -7.500 -0.6667 -7.499 -0.0001 0 NA
190.00 0.07895 190.1 0.00000 0 -7.500 -0.6667 -7.499 -0.0001 0 NA
195.00 0.07692 195.1 0.00000 0 -7.500 -0.6667 -7.499 -0.0001 0 NA
200.00 0.07500 200.1 0.00000 0 -7.500 -0.6667 -7.499 -0.0001 0 NA
205.00 0.07317 205.1 0.00000 0 -7.500 -0.6667 -7.499 -0.0001 0 NA
210.00 0.07143 210.1 0.00005 0 -7.500 -0.6667 -7.499 -0.0002 0 NA
215.00 0.06977 215.1 0.00006 0 -7.500 -0.6667 -7.499 -0.0001 0 NA
220.00 0.06818 220.1 0.00007 0 -7.500 -0.6667 -7.499 -0.0001 0 NA
225.00 0.06667 225.1 0.00009 0 -7.500 -0.6667 -7.499 -0.0002 0 NA
230.00 0.06522 230.1 0.00013 0 -7.500 -0.6667 -7.499 -0.0002 0 NA
235.00 0.06383 235.1 0.00018 0 -7.500 -0.6667 -7.499 -0.0002 0 NA
240.00 0.06250 240.1 0.00026 0 -7.500 -0.6667 -7.499 -0.0001 0 NA
245.00 0.06122 245.1 0.00038 0 -7.500 -0.6667 -7.499 -0.0002 0 NA
250.00 0.06000 250.1 0.00056 0 -7.500 -0.6667 -7.499 -0.0001 0 NA
255.00 0.05882 255.1 0.00080 0 -7.500 -0.6667 -7.499 -0.0001 0 NA
260.00 0.05769 260.1 0.00114 0 -7.500 -0.6667 -7.499 -0.0001 0 NA
265.00 0.05660 265.1 0.00159 0 -7.500 -0.6667 -7.499 -0.0001 0 NA
270.00 0.05556 270.1 0.00218 0 -7.500 -0.6667 -7.499 -0.0001 0 NA
275.00 0.05455 275.1 0.00292 0 -7.500 -0.6667 -7.499 -0.0001 0 NA
280.00 0.05357 280.1 0.00385 0 -7.500 -0.6667 -7.499 -0.0001 0 NA
285.00 0.05263 285.1 0.00498 0 -7.500 -0.6667 -7.499 -0.0001 0 NA
290.00 0.05172 290.1 0.00637 0 -7.500 -0.6667 -7.499 -0.0001 0 NA
295.00 0.05085 295.1 0.00796 0 -7.500 -0.6667 -7.499 -0.0002 0 NA
300.00 0.05000 300.1 0.00979 0 -7.500 -0.6667 -7.499 -0.0001 0 NA
305.00 0.04918 305.1 0.01193 0 -7.500 -0.6667 -7.499 -0.0001 0 NA
310.00 0.04839 310.1 0.01426 0 -7.500 -0.6667 -7.499 -0.0002 0 NA
315.00 0.04762 315.1 0.01682 0 -7.500 -0.6667 -7.499 -0.0002 0 NA
320.00 0.04688 320.1 0.01959 0 -7.500 -0.6667 -7.499 -0.0001 0 NA
325.00 0.04615 325.1 0.02268 0 -7.500 -0.6667 -7.499 -0.0001 0 NA
330.00 0.04545 330.1 0.02583 0 -7.500 -0.6667 -7.499 -0.0001 0 NA
335.00 0.04478 335.1 0.02916 0 -7.500 -0.6667 -7.499 -0.0001 0 NA
340.00 0.04412 340.1 0.03258 0 -7.500 -0.6667 -7.499 -0.0002 0 NA
345.00 0.04348 345.1 0.03628 0 -7.500 -0.6667 -7.499 -0.0001 0 NA
350.00 0.04286 350.1 0.03989 0 -7.500 -0.6667 -7.499 -0.0001 0 NA
355.00 0.04225 351.2 0.04002 1 -7.500 -0.6667 -7.499 -0.0001 0 NA
0.00 0.10000 0.1 0.00000 0 -8.000 -0.6250 -7.999 -0.0001 0 NA
5.00 0.10000 5.1 0.00000 0 -8.000 -0.6250 -7.999 -0.0002 0 NA
10.00 0.10000 10.1 0.00000 0 -8.000 -0.6250 -7.999 -0.0001 0 NA
15.00 0.10000 15.1 0.00000 0 -8.000 -0.6250 -7.999 -0.0001 0 NA
20.00 0.10000 20.1 0.00000 0 -8.000 -0.6250 -7.999 -0.0002 0 NA
25.00 0.10000 25.1 0.00000 0 -8.000 -0.6250 -7.999 -0.0002 0 NA
30.00 0.10000 30.1 0.00000 0 -8.000 -0.6250 -7.999 -0.0002 0 NA
35.00 0.10000 35.1 0.00000 0 -8.000 -0.6250 -7.999 -0.0001 0 NA
40.00 0.10000 40.1 0.00000 0 -8.000 -0.6250 -7.999 -0.0001 0 NA
45.00 0.10000 45.0 0.00000 0 -8.000 -0.6250 -7.999 -0.0002 0 NA
50.00 0.10000 50.1 0.00000 0 -8.000 -0.6250 -7.999 -0.0001 0 NA
55.00 0.10000 55.1 0.00000 0 -8.000 -0.6250 -7.999 -0.0001 0 NA
60.00 0.10000 60.1 0.00000 0 -8.000 -0.6250 -7.999 -0.0001 0 NA
65.00 0.10000 65.1 0.00000 0 -8.000 -0.6250 -7.999 -0.0001 0 NA
70.00 0.10000 70.1 0.00000 0 -8.000 -0.6250 -7.999 -0.0001 0 NA
75.00 0.10000 75.1 0.00000 0 -8.000 -0.6250 -7.999 -0.0001 0 NA
80.00 0.10000 80.1 0.00000 0 -8.000 -0.6250 -7.999 -0.0001 0 NA
85.00 0.10000 85.1 0.00000 0 -8.000 -0.6250 -7.999 -0.0001 0 NA
90.00 0.10000 90.1 0.00000 0 -8.000 -0.6250 -7.999 -0.0002 0 NA
95.00 0.10000 95.1 0.00000 0 -8.000 -0.6250 -7.999 -0.0001 0 NA
100.00 0.10000 100.1 0.00000 0 -8.000 -0.6250 -7.999 -0.0001 0 NA
105.00 0.10000 105.1 0.00000 0 -8.000 -0.6250 -7.999 -0.0002 0 NA
110.00 0.10000 110.1 0.00000 0 -8.000 -0.6250 -7.999 -0.0002 0 NA
115.00 0.10000 115.1 0.00000 0 -8.000 -0.6250 -7.999 -0.0001 0 NA
120.00 0.10000 120.1 0.00000 0 -8.000 -0.6250 -7.999 -0.0001 0 NA
125.00 0.10000 125.1 0.00000 0 -8.000 -0.6250 -7.999 -0.0001 0 NA
130.00 0.10000 130.1 0.00000 0 -8.000 -0.6250 -7.999 -0.0002 0 NA
135.00 0.10000 135.1 0.00000 0 -8.000 -0.6250 -7.999 -0.0001 0 NA
140.00 0.10000 140.1 0.00000 0 -8.000 -0.6250 -7.999 -0.0001 0 NA
145.00 0.10000 145.1 0.00000 0 -8.000 -0.6250 -7.999 -0.0002 0 NA
150.00 0.10000 150.1 0.00000 0 -8.000 -0.6250 -7.999 -0.0001 0 NA
155.00 0.09677 155.1 0.00000 0 -8.000 -0.6250 -7.999 -0.0002 0 NA
160.00 0.09375 160.1 0.00000 0 -8.000 -0.6250 -7.999 -0.0001 0 NA
165.00 0.09091 165.1 0.00000 0 -8.000 -0.6250 -7.999 -0.0001 0 NA
170.00 0.08824 170.1 0.00000 0 -8.000 -0.6250 -7.999 -0.0002 0 NA
175.00 0.08571 175.1 0.00000 0 -8.000 -0.6250 -7.999 -0.0001 0 NA
180.00 0.08333 180.1 0.00000 0 -8.000 -0.6250 -7.999 -0.0001 0 NA
185.00 0.08108 185.1 0.00000 0 -8.000 -0.6250 -7.999 -0.0001 0 NA
190.00 0.07895 190.1 0.00000 0 -8.000 -0.6250 -7.999 -0.0001 0 NA
195.00 0.07692 195.1 0.00000 0 -8.000 -0.6250 -7.999 -0.0001 0 NA
200.00 0.07500 200.1 0.00000 0 -8.000 -0.6250 -7.999 -0.0002 0 NA
205.00 0.07317 205.1 0.00000 0 -8.000 -0.6250 -7.999 -0.0002 0 NA
210.00 0.07143 210.1 0.00000 0 -8.000 -0.6250 -8.000 -0.0002 0 NA
215.00 0.06977 215.1 0.00000 0 -8.000 -0.6250 -7.999 -0.0001 0 NA
220.00 0.06818 220.1 0.00000 0 -8.000 -0.6250 -7.999 -0.0001 0 NA
225.00 0.06667 225.1 0.00005 0 -8.000 -0.6250 -7.999 -0.0001 0 NA
230.00 0.06522 230.1 0.00006 0 -8.000 -0.6250 -7.999 -0.0002 0 NA
235.00 0.06383 235.1 0.00007 0 -8.000 -0.6250 -7.999 -0.0002 0 NA
240.00 0.06250 240.1 0.00009 0 -8.000 -0.6250 -7.999 -0.0001 0 NA
245.00 0.06122 245.1 0.00014 0 -8.000 -0.6250 -7.999 -0.0001 0 NA
250.00 0.06000 250.1 0.00018 0 -8.000 -0.6250 -7.999 -0.0001 0 NA
255.00 0.05882 255.1 0.00027 0 -8.000 -0.6250 -7.999 -0.0002 0 NA
260.00 0.05769 260.1 0.00038 0 -8.000 -0.6250 -7.999 -0.0002 0 NA
265.00 0.05660 265.1 0.00055 0 -8.000 -0.6250 -7.999 -0.0002 0 NA
270.00 0.05556 270.1 0.00078 0 -8.000 -0.6250 -7.999 -0.0001 0 NA
275.00 0.05455 275.1 0.00110 0 -8.000 -0.6250 -7.999 -0.0001 0 NA
280.00 0.05357 280.1 0.00153 0 -8.000 -0.6250 -7.999 -0.0001 0 NA
285.00 0.05263 285.1 0.00207 0 -8.000 -0.6250 -7.999 -0.0002 0 NA
290.00 0.05172 290.1 0.00276 0 -8.000 -0.6250 -7.999 -0.0002 0 NA
295.00 0.05085 295.1 0.00363 0 -8.000 -0.6250 -7.999 -0.0002 0 NA
300.00 0.05000 300.1 0.00468 0 -8.000 -0.6250 -7.999 -0.0001 0 NA
305.00 0.04918 305.1 0.00594 0 -8.000 -0.6250 -7.999 -0.0001 0 NA
310.00 0.04839 310.1 0.00742 0 -8.000 -0.6250 -7.999 -0.0002 0 NA
315.00 0.04762 315.1 0.00916 0 -8.000 -0.6250 -7.999 -0.0001 0 NA
320.00 0.04688 320.1 0.01111 0 -8.000 -0.6250 -7.999 -0.0001 0 NA
325.00 0.04615 325.1 0.01328 0 -8.000 -0.6250 -7.999 -0.0001 0 NA
330.00 0.04545 330.1 0.01575 0 -8.000 -0.6250 -7.999 -0.0001 0 NA
335.00 0.04478 335.1 0.01837 0 -8.000 -0.6250 -7.999 -0.0001 0 NA
340.00 0.04412 340.1 0.02117 0 -8.000 -0.6250 -7.999 -0.0001 0 NA
345.00 0.04348 345.1 0.02416 0 -8.000 -0.6250 -7.999 -0.0001 0 NA
350.00 0.04286 350.1 0.02745 0 -8.000 -0.6250 -7.999 -0.0001 0 NA
355.00 0.04225 355.1 0.03073 0 -8.000 -0.6250 -7.999 -0.0001 0 NA
360.00 0.04167 360.1 0.03413 0 -8.000 -0.6250 -7.999 -0.0002 0 NA
365.00 0.04110 365.1 0.03781 0 -8.000 -0.6250 -7.999 -0.0001 0 NA
370.00 0.04054 370.1 0.04134 1 -8.000 -0.6250 -7.999 -0.0002 0 NA
