% * Sample: 6E5P_30
% * Date / time: 2024-02-05 19:41:18.870386
% * R2CONTROL =  NOT SPECIFIED
% Column 1:  PSU1 nominal voltage setting (V)
% Column 2:  PSU1 nominal current setting (A)
% Column 3:  PSU1 voltage measurement (V)
% Column 4:  PSU1 current measurement (I)
% Column 5:  PSU1 limiter flag
% Column 6:  PSU2 nominal voltage setting (V)
% Column 7:  PSU2 nominal current setting (A)
% Column 8:  PSU2 voltage measurement (V)
% Column 9:  PSU2 current measurement (I)
% Column 10: PSU2 limiter flag
% Column 11: Heaterblock temperature (°C)
% * OPERATING POINT AT END OF PREHEAT / IDLE: U1 = 200.1 V  I1 = 0.02998 A  U2 = -3.952 V  I2 = -0.0001 A  T = NA °C
0.00 0.10000 0.1 0.00000 0 -0.000 -1.0000 -0.000 -0.0001 0 NA
5.00 0.10000 5.1 0.00005 0 -0.000 -1.0000 -0.000 -0.0001 0 NA
10.00 0.10000 10.1 0.00010 0 -0.000 -1.0000 -0.000 -0.0001 0 NA
15.00 0.10000 15.1 0.00024 0 -0.000 -1.0000 -0.000 -0.0001 0 NA
20.00 0.10000 20.1 0.00058 0 -0.000 -1.0000 -0.000 -0.0001 0 NA
25.00 0.10000 25.1 0.00128 0 -0.000 -1.0000 -0.000 -0.0001 0 NA
30.00 0.10000 30.1 0.00253 0 -0.000 -1.0000 -0.000 -0.0001 0 NA
35.00 0.10000 35.1 0.00448 0 -0.000 -1.0000 -0.000 -0.0001 0 NA
40.00 0.10000 40.1 0.00720 0 -0.000 -1.0000 -0.000 -0.0001 0 NA
45.00 0.10000 45.0 0.01061 0 -0.000 -1.0000 -0.000 -0.0001 0 NA
50.00 0.10000 50.1 0.01461 0 -0.000 -1.0000 -0.000 -0.0001 0 NA
55.00 0.10000 55.1 0.01906 0 -0.000 -1.0000 -0.000 -0.0001 0 NA
60.00 0.10000 60.1 0.02383 0 -0.000 -1.0000 -0.000 -0.0001 0 NA
65.00 0.10000 65.1 0.02883 0 -0.000 -1.0000 -0.000 -0.0001 0 NA
70.00 0.10000 70.1 0.03403 0 -0.000 -1.0000 -0.000 -0.0001 0 NA
75.00 0.10000 75.1 0.03939 0 -0.000 -1.0000 -0.000 -0.0001 0 NA
80.00 0.10000 80.1 0.04494 0 -0.000 -1.0000 -0.000 -0.0001 0 NA
85.00 0.10000 85.1 0.05061 0 -0.000 -1.0000 -0.000 -0.0001 0 NA
90.00 0.10000 90.1 0.05641 0 -0.000 -1.0000 -0.000 -0.0001 0 NA
95.00 0.10000 95.1 0.06231 0 -0.000 -1.0000 -0.000 -0.0001 0 NA
100.00 0.10000 100.1 0.06838 0 -0.000 -1.0000 -0.000 -0.0001 0 NA
105.00 0.10000 105.1 0.07450 0 -0.000 -1.0000 -0.000 -0.0001 0 NA
110.00 0.10000 110.1 0.08071 0 -0.000 -1.0000 -0.000 -0.0001 0 NA
115.00 0.10000 115.1 0.08699 0 -0.000 -1.0000 -0.000 -0.0001 0 NA
120.00 0.10000 120.1 0.09345 0 -0.000 -1.0000 -0.000 -0.0001 0 NA
125.00 0.10000 125.1 0.09986 0 -0.000 -1.0000 -0.000 -0.0001 0 NA
130.00 0.10000 125.5 0.10005 1 -0.000 -1.0000 -0.000 -0.0001 0 NA
0.00 0.10000 0.1 0.00000 0 -0.500 -1.0000 -0.500 -0.0002 0 NA
5.00 0.10000 5.1 0.00000 0 -0.500 -1.0000 -0.499 -0.0001 0 NA
10.00 0.10000 10.1 0.00000 0 -0.500 -1.0000 -0.499 -0.0001 0 NA
15.00 0.10000 15.1 0.00000 0 -0.500 -1.0000 -0.499 -0.0002 0 NA
20.00 0.10000 20.1 0.00007 0 -0.500 -1.0000 -0.499 -0.0002 0 NA
25.00 0.10000 25.1 0.00014 0 -0.500 -1.0000 -0.499 -0.0001 0 NA
30.00 0.10000 30.1 0.00034 0 -0.500 -1.0000 -0.499 -0.0001 0 NA
35.00 0.10000 35.1 0.00078 0 -0.500 -1.0000 -0.499 -0.0001 0 NA
40.00 0.10000 40.1 0.00159 0 -0.500 -1.0000 -0.499 -0.0001 0 NA
45.00 0.10000 45.0 0.00291 0 -0.500 -1.0000 -0.499 -0.0001 0 NA
50.00 0.10000 50.1 0.00480 0 -0.500 -1.0000 -0.499 -0.0002 0 NA
55.00 0.10000 55.1 0.00730 0 -0.500 -1.0000 -0.499 -0.0001 0 NA
60.00 0.10000 60.1 0.01043 0 -0.500 -1.0000 -0.499 -0.0001 0 NA
65.00 0.10000 65.1 0.01412 0 -0.500 -1.0000 -0.499 -0.0001 0 NA
70.00 0.10000 70.1 0.01831 0 -0.500 -1.0000 -0.499 -0.0001 0 NA
75.00 0.10000 75.1 0.02290 0 -0.500 -1.0000 -0.499 -0.0002 0 NA
80.00 0.10000 80.1 0.02777 0 -0.500 -1.0000 -0.500 -0.0002 0 NA
85.00 0.10000 85.1 0.03285 0 -0.500 -1.0000 -0.499 -0.0001 0 NA
90.00 0.10000 90.1 0.03810 0 -0.500 -1.0000 -0.499 -0.0002 0 NA
95.00 0.10000 95.1 0.04352 0 -0.500 -1.0000 -0.499 -0.0001 0 NA
100.00 0.10000 100.1 0.04905 0 -0.500 -1.0000 -0.499 -0.0001 0 NA
105.00 0.10000 105.1 0.05472 0 -0.500 -1.0000 -0.499 -0.0001 0 NA
110.00 0.10000 110.1 0.06058 0 -0.500 -1.0000 -0.499 -0.0001 0 NA
115.00 0.10000 115.1 0.06646 0 -0.500 -1.0000 -0.499 -0.0002 0 NA
120.00 0.10000 120.1 0.07245 0 -0.500 -1.0000 -0.499 -0.0002 0 NA
125.00 0.10000 125.1 0.07850 0 -0.500 -1.0000 -0.499 -0.0002 0 NA
130.00 0.10000 130.1 0.08475 0 -0.500 -1.0000 -0.499 -0.0002 0 NA
135.00 0.10000 135.1 0.09095 0 -0.500 -1.0000 -0.499 -0.0001 0 NA
140.00 0.10000 140.1 0.09723 0 -0.500 -1.0000 -0.499 -0.0002 0 NA
145.00 0.10000 142.6 0.10005 1 -0.500 -1.0000 -0.500 -0.0002 0 NA
0.00 0.10000 0.2 0.00000 0 -1.000 -1.0000 -0.999 -0.0002 0 NA
5.00 0.10000 5.1 0.00000 0 -1.000 -1.0000 -0.999 -0.0002 0 NA
10.00 0.10000 10.1 0.00000 0 -1.000 -1.0000 -0.999 -0.0001 0 NA
15.00 0.10000 15.1 0.00000 0 -1.000 -1.0000 -1.000 -0.0001 0 NA
20.00 0.10000 20.1 0.00000 0 -1.000 -1.0000 -1.000 -0.0002 0 NA
25.00 0.10000 25.1 0.00000 0 -1.000 -1.0000 -0.999 -0.0002 0 NA
30.00 0.10000 30.1 0.00005 0 -1.000 -1.0000 -1.000 -0.0002 0 NA
35.00 0.10000 35.1 0.00008 0 -1.000 -1.0000 -0.999 -0.0001 0 NA
40.00 0.10000 40.1 0.00018 0 -1.000 -1.0000 -1.000 -0.0001 0 NA
45.00 0.10000 45.0 0.00038 0 -1.000 -1.0000 -0.999 -0.0002 0 NA
50.00 0.10000 50.1 0.00081 0 -1.000 -1.0000 -0.999 -0.0002 0 NA
55.00 0.10000 55.1 0.00157 0 -1.000 -1.0000 -0.999 -0.0001 0 NA
60.00 0.10000 60.1 0.00276 0 -1.000 -1.0000 -1.000 -0.0001 0 NA
65.00 0.10000 65.1 0.00446 0 -1.000 -1.0000 -1.000 -0.0001 0 NA
70.00 0.10000 70.1 0.00669 0 -1.000 -1.0000 -0.999 -0.0002 0 NA
75.00 0.10000 75.1 0.00951 0 -1.000 -1.0000 -1.000 -0.0002 0 NA
80.00 0.10000 80.1 0.01288 0 -1.000 -1.0000 -1.000 -0.0002 0 NA
85.00 0.10000 85.1 0.01674 0 -1.000 -1.0000 -0.999 -0.0001 0 NA
90.00 0.10000 90.1 0.02105 0 -1.000 -1.0000 -1.000 -0.0002 0 NA
95.00 0.10000 95.1 0.02569 0 -1.000 -1.0000 -0.999 -0.0002 0 NA
100.00 0.10000 100.1 0.03059 0 -1.000 -1.0000 -1.000 -0.0002 0 NA
105.00 0.10000 105.1 0.03569 0 -1.000 -1.0000 -0.999 -0.0002 0 NA
110.00 0.10000 110.1 0.04102 0 -1.000 -1.0000 -1.000 -0.0001 0 NA
115.00 0.10000 115.1 0.04642 0 -1.000 -1.0000 -0.999 -0.0002 0 NA
120.00 0.10000 120.1 0.05195 0 -1.000 -1.0000 -1.000 -0.0001 0 NA
125.00 0.10000 125.1 0.05767 0 -1.000 -1.0000 -1.000 -0.0001 0 NA
130.00 0.10000 130.1 0.06341 0 -1.000 -1.0000 -0.999 -0.0001 0 NA
135.00 0.10000 135.1 0.06926 0 -1.000 -1.0000 -1.000 -0.0002 0 NA
140.00 0.10000 140.1 0.07518 0 -1.000 -1.0000 -1.000 -0.0002 0 NA
145.00 0.10000 145.1 0.08129 0 -1.000 -1.0000 -1.000 -0.0001 0 NA
150.00 0.10000 150.1 0.08739 0 -1.000 -1.0000 -1.000 -0.0002 0 NA
155.00 0.09677 155.1 0.09355 0 -1.000 -1.0000 -1.000 -0.0001 0 NA
160.00 0.09375 160.1 0.10050 1 -1.000 -1.0000 -1.000 -0.0002 0 NA
0.00 0.10000 0.1 0.00000 0 -1.500 -1.0000 -1.499 -0.0002 0 NA
5.00 0.10000 5.1 0.00000 0 -1.500 -1.0000 -1.499 -0.0001 0 NA
10.00 0.10000 10.1 0.00000 0 -1.500 -1.0000 -1.500 -0.0002 0 NA
15.00 0.10000 15.1 0.00000 0 -1.500 -1.0000 -1.499 -0.0002 0 NA
20.00 0.10000 20.1 0.00000 0 -1.500 -1.0000 -1.499 -0.0001 0 NA
25.00 0.10000 25.1 0.00000 0 -1.500 -1.0000 -1.499 -0.0002 0 NA
30.00 0.10000 30.1 0.00000 0 -1.500 -1.0000 -1.499 -0.0002 0 NA
35.00 0.10000 35.1 0.00000 0 -1.500 -1.0000 -1.500 -0.0002 0 NA
40.00 0.10000 40.1 0.00000 0 -1.500 -1.0000 -1.499 -0.0001 0 NA
45.00 0.10000 45.0 0.00006 0 -1.500 -1.0000 -1.499 -0.0001 0 NA
50.00 0.10000 50.1 0.00010 0 -1.500 -1.0000 -1.499 -0.0001 0 NA
55.00 0.10000 55.1 0.00020 0 -1.500 -1.0000 -1.499 -0.0001 0 NA
60.00 0.10000 60.1 0.00041 0 -1.500 -1.0000 -1.499 -0.0001 0 NA
65.00 0.10000 65.1 0.00082 0 -1.500 -1.0000 -1.499 -0.0002 0 NA
70.00 0.10000 70.1 0.00152 0 -1.500 -1.0000 -1.499 -0.0001 0 NA
75.00 0.10000 75.1 0.00261 0 -1.500 -1.0000 -1.499 -0.0002 0 NA
80.00 0.10000 80.1 0.00414 0 -1.500 -1.0000 -1.499 -0.0001 0 NA
85.00 0.10000 85.1 0.00617 0 -1.500 -1.0000 -1.499 -0.0001 0 NA
90.00 0.10000 90.1 0.00872 0 -1.500 -1.0000 -1.499 -0.0002 0 NA
95.00 0.10000 95.1 0.01178 0 -1.500 -1.0000 -1.499 -0.0001 0 NA
100.00 0.10000 100.1 0.01534 0 -1.500 -1.0000 -1.499 -0.0001 0 NA
105.00 0.10000 105.1 0.01933 0 -1.500 -1.0000 -1.499 -0.0001 0 NA
110.00 0.10000 110.1 0.02370 0 -1.500 -1.0000 -1.499 -0.0002 0 NA
115.00 0.10000 115.1 0.02842 0 -1.500 -1.0000 -1.499 -0.0002 0 NA
120.00 0.10000 120.1 0.03336 0 -1.500 -1.0000 -1.499 -0.0001 0 NA
125.00 0.10000 125.1 0.03847 0 -1.500 -1.0000 -1.499 -0.0001 0 NA
130.00 0.10000 130.1 0.04373 0 -1.500 -1.0000 -1.499 -0.0001 0 NA
135.00 0.10000 135.1 0.04920 0 -1.500 -1.0000 -1.500 -0.0001 0 NA
140.00 0.10000 140.1 0.05471 0 -1.500 -1.0000 -1.499 -0.0001 0 NA
145.00 0.10000 145.1 0.06032 0 -1.500 -1.0000 -1.499 -0.0001 0 NA
150.00 0.10000 150.1 0.06613 0 -1.500 -1.0000 -1.499 -0.0001 0 NA
155.00 0.09677 155.1 0.07197 0 -1.500 -1.0000 -1.499 -0.0002 0 NA
160.00 0.09375 160.1 0.07813 0 -1.500 -1.0000 -1.500 -0.0002 0 NA
165.00 0.09091 165.1 0.08479 0 -1.500 -1.0000 -1.499 -0.0002 0 NA
170.00 0.08824 161.5 0.08004 1 -1.500 -1.0000 -1.499 -0.0002 0 NA
0.00 0.10000 0.2 0.00000 0 -2.000 -1.0000 -1.999 -0.0001 0 NA
5.00 0.10000 5.1 0.00000 0 -2.000 -1.0000 -1.999 -0.0002 0 NA
10.00 0.10000 10.1 0.00000 0 -2.000 -1.0000 -1.999 -0.0002 0 NA
15.00 0.10000 15.1 0.00000 0 -2.000 -1.0000 -1.999 -0.0001 0 NA
20.00 0.10000 20.1 0.00000 0 -2.000 -1.0000 -1.999 -0.0001 0 NA
25.00 0.10000 25.1 0.00000 0 -2.000 -1.0000 -1.999 -0.0002 0 NA
30.00 0.10000 30.1 0.00000 0 -2.000 -1.0000 -2.000 -0.0002 0 NA
35.00 0.10000 35.1 0.00000 0 -2.000 -1.0000 -1.999 -0.0002 0 NA
40.00 0.10000 40.1 0.00000 0 -2.000 -1.0000 -1.999 -0.0001 0 NA
45.00 0.10000 45.0 0.00000 0 -2.000 -1.0000 -1.999 -0.0002 0 NA
50.00 0.10000 50.1 0.00000 0 -2.000 -1.0000 -1.999 -0.0002 0 NA
55.00 0.10000 55.1 0.00005 0 -2.000 -1.0000 -1.999 -0.0001 0 NA
60.00 0.10000 60.1 0.00007 0 -2.000 -1.0000 -2.000 -0.0001 0 NA
65.00 0.10000 65.1 0.00011 0 -2.000 -1.0000 -1.999 -0.0001 0 NA
70.00 0.10000 70.1 0.00021 0 -2.000 -1.0000 -1.999 -0.0002 0 NA
75.00 0.10000 75.1 0.00042 0 -2.000 -1.0000 -1.999 -0.0001 0 NA
80.00 0.10000 80.1 0.00080 0 -2.000 -1.0000 -1.999 -0.0002 0 NA
85.00 0.10000 85.1 0.00144 0 -2.000 -1.0000 -1.999 -0.0001 0 NA
90.00 0.10000 90.1 0.00242 0 -2.000 -1.0000 -1.999 -0.0002 0 NA
95.00 0.10000 95.1 0.00381 0 -2.000 -1.0000 -1.999 -0.0002 0 NA
100.00 0.10000 100.1 0.00563 0 -2.000 -1.0000 -2.000 -0.0001 0 NA
105.00 0.10000 105.1 0.00795 0 -2.000 -1.0000 -2.000 -0.0002 0 NA
110.00 0.10000 110.1 0.01075 0 -2.000 -1.0000 -1.999 -0.0001 0 NA
115.00 0.10000 115.1 0.01401 0 -2.000 -1.0000 -1.999 -0.0002 0 NA
120.00 0.10000 120.1 0.01773 0 -2.000 -1.0000 -1.999 -0.0001 0 NA
125.00 0.10000 125.1 0.02179 0 -2.000 -1.0000 -1.999 -0.0001 0 NA
130.00 0.10000 130.1 0.02621 0 -2.000 -1.0000 -1.999 -0.0001 0 NA
135.00 0.10000 135.1 0.03091 0 -2.000 -1.0000 -1.999 -0.0001 0 NA
140.00 0.10000 140.1 0.03591 0 -2.000 -1.0000 -1.999 -0.0002 0 NA
145.00 0.10000 145.1 0.04100 0 -2.000 -1.0000 -1.999 -0.0001 0 NA
150.00 0.10000 150.1 0.04625 0 -2.000 -1.0000 -1.999 -0.0001 0 NA
155.00 0.09677 155.1 0.05167 0 -2.000 -1.0000 -1.999 -0.0002 0 NA
160.00 0.09375 160.1 0.05723 0 -2.000 -1.0000 -1.999 -0.0001 0 NA
165.00 0.09091 165.1 0.06303 0 -2.000 -1.0000 -1.999 -0.0001 0 NA
170.00 0.08824 170.1 0.06944 0 -2.000 -1.0000 -1.999 -0.0001 0 NA
175.00 0.08571 175.1 0.07541 0 -2.000 -1.0000 -1.999 -0.0001 0 NA
180.00 0.08333 180.1 0.08122 0 -2.000 -1.0000 -1.999 -0.0001 0 NA
185.00 0.08108 179.4 0.08003 1 -2.000 -1.0000 -1.999 -0.0001 0 NA
0.00 0.10000 0.1 0.00000 0 -2.500 -1.0000 -2.499 -0.0002 0 NA
5.00 0.10000 5.1 0.00000 0 -2.500 -1.0000 -2.499 -0.0001 0 NA
10.00 0.10000 10.1 0.00000 0 -2.500 -1.0000 -2.499 -0.0001 0 NA
15.00 0.10000 15.1 0.00000 0 -2.500 -1.0000 -2.499 -0.0001 0 NA
20.00 0.10000 20.1 0.00000 0 -2.500 -1.0000 -2.499 -0.0001 0 NA
25.00 0.10000 25.1 0.00000 0 -2.500 -1.0000 -2.499 -0.0001 0 NA
30.00 0.10000 30.1 0.00000 0 -2.500 -1.0000 -2.499 -0.0002 0 NA
35.00 0.10000 35.1 0.00000 0 -2.500 -1.0000 -2.499 -0.0002 0 NA
40.00 0.10000 40.1 0.00000 0 -2.500 -1.0000 -2.499 -0.0002 0 NA
45.00 0.10000 45.0 0.00000 0 -2.500 -1.0000 -2.499 -0.0002 0 NA
50.00 0.10000 50.1 0.00000 0 -2.500 -1.0000 -2.499 -0.0001 0 NA
55.00 0.10000 55.1 0.00000 0 -2.500 -1.0000 -2.499 -0.0002 0 NA
60.00 0.10000 60.1 0.00000 0 -2.500 -1.0000 -2.499 -0.0001 0 NA
65.00 0.10000 65.1 0.00000 0 -2.500 -1.0000 -2.499 -0.0001 0 NA
70.00 0.10000 70.1 0.00005 0 -2.500 -1.0000 -2.499 -0.0002 0 NA
75.00 0.10000 75.1 0.00007 0 -2.500 -1.0000 -2.499 -0.0002 0 NA
80.00 0.10000 80.1 0.00012 0 -2.500 -1.0000 -2.499 -0.0001 0 NA
85.00 0.10000 85.1 0.00021 0 -2.500 -1.0000 -2.499 -0.0001 0 NA
90.00 0.10000 90.1 0.00042 0 -2.500 -1.0000 -2.499 -0.0001 0 NA
95.00 0.10000 95.1 0.00078 0 -2.500 -1.0000 -2.499 -0.0002 0 NA
100.00 0.10000 100.1 0.00138 0 -2.500 -1.0000 -2.499 -0.0001 0 NA
105.00 0.10000 105.1 0.00228 0 -2.500 -1.0000 -2.499 -0.0002 0 NA
110.00 0.10000 110.1 0.00355 0 -2.500 -1.0000 -2.499 -0.0001 0 NA
115.00 0.10000 115.1 0.00522 0 -2.500 -1.0000 -2.499 -0.0002 0 NA
120.00 0.10000 120.1 0.00734 0 -2.500 -1.0000 -2.499 -0.0002 0 NA
125.00 0.10000 125.1 0.00987 0 -2.500 -1.0000 -2.499 -0.0001 0 NA
130.00 0.10000 130.1 0.01288 0 -2.500 -1.0000 -2.499 -0.0002 0 NA
135.00 0.10000 135.1 0.01631 0 -2.500 -1.0000 -2.499 -0.0002 0 NA
140.00 0.10000 140.1 0.02015 0 -2.500 -1.0000 -2.499 -0.0002 0 NA
145.00 0.10000 145.1 0.02430 0 -2.500 -1.0000 -2.499 -0.0001 0 NA
150.00 0.10000 150.1 0.02879 0 -2.500 -1.0000 -2.499 -0.0001 0 NA
155.00 0.09677 155.1 0.03358 0 -2.500 -1.0000 -2.499 -0.0001 0 NA
160.00 0.09375 160.1 0.03851 0 -2.500 -1.0000 -2.499 -0.0002 0 NA
165.00 0.09091 165.1 0.04359 0 -2.500 -1.0000 -2.499 -0.0002 0 NA
170.00 0.08824 170.1 0.04921 0 -2.500 -1.0000 -2.499 -0.0002 0 NA
175.00 0.08571 175.1 0.05519 0 -2.500 -1.0000 -2.499 -0.0002 0 NA
180.00 0.08333 180.1 0.06074 0 -2.500 -1.0000 -2.499 -0.0001 0 NA
185.00 0.08108 185.1 0.06634 0 -2.500 -1.0000 -2.499 -0.0002 0 NA
190.00 0.07895 190.1 0.07219 0 -2.500 -1.0000 -2.499 -0.0002 0 NA
195.00 0.07692 195.1 0.07793 1 -2.500 -1.0000 -2.499 -0.0002 0 NA
0.00 0.10000 0.1 0.00000 0 -3.000 -1.0000 -3.000 -0.0001 0 NA
5.00 0.10000 5.1 0.00000 0 -3.000 -1.0000 -3.000 -0.0001 0 NA
10.00 0.10000 10.1 0.00000 0 -3.000 -1.0000 -3.000 -0.0002 0 NA
15.00 0.10000 15.1 0.00000 0 -3.000 -1.0000 -3.000 -0.0001 0 NA
20.00 0.10000 20.1 0.00000 0 -3.000 -1.0000 -3.000 -0.0001 0 NA
25.00 0.10000 25.1 0.00000 0 -3.000 -1.0000 -3.000 -0.0001 0 NA
30.00 0.10000 30.1 0.00000 0 -3.000 -1.0000 -3.000 -0.0002 0 NA
35.00 0.10000 35.1 0.00000 0 -3.000 -1.0000 -3.000 -0.0002 0 NA
40.00 0.10000 40.1 0.00000 0 -3.000 -1.0000 -3.000 -0.0001 0 NA
45.00 0.10000 45.0 0.00000 0 -3.000 -1.0000 -3.000 -0.0002 0 NA
50.00 0.10000 50.1 0.00000 0 -3.000 -1.0000 -3.000 -0.0001 0 NA
55.00 0.10000 55.1 0.00000 0 -3.000 -1.0000 -3.000 -0.0002 0 NA
60.00 0.10000 60.1 0.00000 0 -3.000 -1.0000 -3.000 -0.0001 0 NA
65.00 0.10000 65.1 0.00000 0 -3.000 -1.0000 -3.000 -0.0001 0 NA
70.00 0.10000 70.1 0.00000 0 -3.000 -1.0000 -3.000 -0.0002 0 NA
75.00 0.10000 75.1 0.00000 0 -3.000 -1.0000 -3.000 -0.0001 0 NA
80.00 0.10000 80.1 0.00000 0 -3.000 -1.0000 -3.000 -0.0001 0 NA
85.00 0.10000 85.1 0.00005 0 -3.000 -1.0000 -3.000 -0.0001 0 NA
90.00 0.10000 90.1 0.00007 0 -3.000 -1.0000 -3.000 -0.0001 0 NA
95.00 0.10000 95.1 0.00012 0 -3.000 -1.0000 -3.000 -0.0001 0 NA
100.00 0.10000 100.1 0.00021 0 -3.000 -1.0000 -3.000 -0.0002 0 NA
105.00 0.10000 105.1 0.00041 0 -3.000 -1.0000 -3.000 -0.0001 0 NA
110.00 0.10000 110.1 0.00075 0 -3.000 -1.0000 -3.000 -0.0001 0 NA
115.00 0.10000 115.1 0.00129 0 -3.000 -1.0000 -3.000 -0.0001 0 NA
120.00 0.10000 120.1 0.00212 0 -3.000 -1.0000 -3.000 -0.0001 0 NA
125.00 0.10000 125.1 0.00326 0 -3.000 -1.0000 -3.000 -0.0001 0 NA
130.00 0.10000 130.1 0.00477 0 -3.000 -1.0000 -3.000 -0.0002 0 NA
135.00 0.10000 135.1 0.00670 0 -3.000 -1.0000 -3.000 -0.0001 0 NA
140.00 0.10000 140.1 0.00905 0 -3.000 -1.0000 -3.000 -0.0001 0 NA
145.00 0.10000 145.1 0.01181 0 -3.000 -1.0000 -3.000 -0.0001 0 NA
150.00 0.10000 150.1 0.01499 0 -3.000 -1.0000 -3.000 -0.0002 0 NA
155.00 0.09677 155.1 0.01860 0 -3.000 -1.0000 -3.000 -0.0001 0 NA
160.00 0.09375 160.1 0.02250 0 -3.000 -1.0000 -3.000 -0.0002 0 NA
165.00 0.09091 165.1 0.02670 0 -3.000 -1.0000 -3.000 -0.0002 0 NA
170.00 0.08824 170.1 0.03141 0 -3.000 -1.0000 -3.000 -0.0002 0 NA
175.00 0.08571 175.1 0.03632 0 -3.000 -1.0000 -3.000 -0.0002 0 NA
180.00 0.08333 180.1 0.04146 0 -3.000 -1.0000 -3.000 -0.0001 0 NA
185.00 0.08108 185.1 0.04684 0 -3.000 -1.0000 -3.000 -0.0001 0 NA
190.00 0.07895 190.1 0.05223 0 -3.000 -1.0000 -3.000 -0.0002 0 NA
195.00 0.07692 195.1 0.05756 0 -3.000 -1.0000 -3.000 -0.0002 0 NA
200.00 0.07500 200.1 0.06300 0 -3.000 -1.0000 -3.000 -0.0001 0 NA
205.00 0.07317 205.1 0.06856 0 -3.000 -1.0000 -3.000 -0.0001 0 NA
210.00 0.07143 210.1 0.07426 1 -3.000 -1.0000 -3.000 -0.0002 0 NA
0.00 0.10000 0.1 0.00000 0 -3.500 -1.0000 -3.500 -0.0002 0 NA
5.00 0.10000 5.1 0.00000 0 -3.500 -1.0000 -3.500 -0.0001 0 NA
10.00 0.10000 10.1 0.00000 0 -3.500 -1.0000 -3.500 -0.0001 0 NA
15.00 0.10000 15.1 0.00000 0 -3.500 -1.0000 -3.500 -0.0001 0 NA
20.00 0.10000 20.1 0.00000 0 -3.500 -1.0000 -3.500 -0.0001 0 NA
25.00 0.10000 25.1 0.00000 0 -3.500 -1.0000 -3.500 -0.0002 0 NA
30.00 0.10000 30.1 0.00000 0 -3.500 -1.0000 -3.500 -0.0001 0 NA
35.00 0.10000 35.1 0.00000 0 -3.500 -1.0000 -3.500 -0.0002 0 NA
40.00 0.10000 40.1 0.00000 0 -3.500 -1.0000 -3.500 -0.0001 0 NA
45.00 0.10000 45.0 0.00000 0 -3.500 -1.0000 -3.500 -0.0002 0 NA
50.00 0.10000 50.1 0.00000 0 -3.500 -1.0000 -3.500 -0.0002 0 NA
55.00 0.10000 55.1 0.00000 0 -3.500 -1.0000 -3.500 -0.0002 0 NA
60.00 0.10000 60.1 0.00000 0 -3.500 -1.0000 -3.500 -0.0002 0 NA
65.00 0.10000 65.1 0.00000 0 -3.500 -1.0000 -3.500 -0.0001 0 NA
70.00 0.10000 70.1 0.00000 0 -3.500 -1.0000 -3.500 -0.0002 0 NA
75.00 0.10000 75.1 0.00000 0 -3.500 -1.0000 -3.500 -0.0002 0 NA
80.00 0.10000 80.1 0.00000 0 -3.500 -1.0000 -3.500 -0.0001 0 NA
85.00 0.10000 85.1 0.00000 0 -3.500 -1.0000 -3.500 -0.0002 0 NA
90.00 0.10000 90.1 0.00000 0 -3.500 -1.0000 -3.500 -0.0002 0 NA
95.00 0.10000 95.1 0.00000 0 -3.500 -1.0000 -3.500 -0.0001 0 NA
100.00 0.10000 100.1 0.00006 0 -3.500 -1.0000 -3.500 -0.0001 0 NA
105.00 0.10000 105.1 0.00007 0 -3.500 -1.0000 -3.500 -0.0001 0 NA
110.00 0.10000 110.1 0.00013 0 -3.500 -1.0000 -3.500 -0.0002 0 NA
115.00 0.10000 115.1 0.00022 0 -3.500 -1.0000 -3.500 -0.0001 0 NA
120.00 0.10000 120.1 0.00040 0 -3.500 -1.0000 -3.500 -0.0002 0 NA
125.00 0.10000 125.1 0.00071 0 -3.500 -1.0000 -3.500 -0.0001 0 NA
130.00 0.10000 130.1 0.00122 0 -3.500 -1.0000 -3.500 -0.0002 0 NA
135.00 0.10000 135.1 0.00198 0 -3.500 -1.0000 -3.500 -0.0002 0 NA
140.00 0.10000 140.1 0.00303 0 -3.500 -1.0000 -3.500 -0.0002 0 NA
145.00 0.10000 145.1 0.00442 0 -3.500 -1.0000 -3.500 -0.0002 0 NA
150.00 0.10000 150.1 0.00618 0 -3.500 -1.0000 -3.500 -0.0002 0 NA
155.00 0.09677 155.1 0.00835 0 -3.500 -1.0000 -3.500 -0.0002 0 NA
160.00 0.09375 160.1 0.01093 0 -3.500 -1.0000 -3.500 -0.0001 0 NA
165.00 0.09091 165.1 0.01391 0 -3.500 -1.0000 -3.500 -0.0001 0 NA
170.00 0.08824 170.1 0.01750 0 -3.500 -1.0000 -3.500 -0.0001 0 NA
175.00 0.08571 175.1 0.02122 0 -3.500 -1.0000 -3.500 -0.0001 0 NA
180.00 0.08333 180.1 0.02523 0 -3.500 -1.0000 -3.500 -0.0001 0 NA
185.00 0.08108 185.1 0.02967 0 -3.500 -1.0000 -3.500 -0.0002 0 NA
190.00 0.07895 190.1 0.03425 0 -3.500 -1.0000 -3.500 -0.0002 0 NA
195.00 0.07692 195.1 0.03932 0 -3.500 -1.0000 -3.500 -0.0001 0 NA
200.00 0.07500 200.1 0.04426 0 -3.500 -1.0000 -3.500 -0.0001 0 NA
205.00 0.07317 205.1 0.04936 0 -3.500 -1.0000 -3.500 -0.0001 0 NA
210.00 0.07143 210.1 0.05463 0 -3.500 -1.0000 -3.500 -0.0002 0 NA
215.00 0.06977 215.1 0.05988 0 -3.500 -1.0000 -3.500 -0.0001 0 NA
220.00 0.06818 215.8 0.06003 1 -3.500 -1.0000 -3.500 -0.0002 0 NA
0.00 0.10000 0.1 0.00000 0 -4.000 -1.0000 -4.000 -0.0002 0 NA
5.00 0.10000 5.1 0.00000 0 -4.000 -1.0000 -4.000 -0.0002 0 NA
10.00 0.10000 10.1 0.00000 0 -4.000 -1.0000 -4.000 -0.0001 0 NA
15.00 0.10000 15.1 0.00000 0 -4.000 -1.0000 -4.000 -0.0001 0 NA
20.00 0.10000 20.1 0.00000 0 -4.000 -1.0000 -4.000 -0.0002 0 NA
25.00 0.10000 25.1 0.00000 0 -4.000 -1.0000 -4.000 -0.0001 0 NA
30.00 0.10000 30.1 0.00000 0 -4.000 -1.0000 -4.000 -0.0001 0 NA
35.00 0.10000 35.1 0.00000 0 -4.000 -1.0000 -4.000 -0.0002 0 NA
40.00 0.10000 40.1 0.00000 0 -4.000 -1.0000 -4.000 -0.0001 0 NA
45.00 0.10000 45.0 0.00000 0 -4.000 -1.0000 -4.000 -0.0001 0 NA
50.00 0.10000 50.1 0.00000 0 -4.000 -1.0000 -4.000 -0.0001 0 NA
55.00 0.10000 55.1 0.00000 0 -4.000 -1.0000 -4.000 -0.0002 0 NA
60.00 0.10000 60.1 0.00000 0 -4.000 -1.0000 -4.000 -0.0002 0 NA
65.00 0.10000 65.1 0.00000 0 -4.000 -1.0000 -4.000 -0.0001 0 NA
70.00 0.10000 70.1 0.00000 0 -4.000 -1.0000 -4.000 -0.0001 0 NA
75.00 0.10000 75.1 0.00000 0 -4.000 -1.0000 -4.000 -0.0001 0 NA
80.00 0.10000 80.1 0.00000 0 -4.000 -1.0000 -4.000 -0.0001 0 NA
85.00 0.10000 85.1 0.00000 0 -4.000 -1.0000 -4.000 -0.0001 0 NA
90.00 0.10000 90.1 0.00000 0 -4.000 -1.0000 -4.000 -0.0001 0 NA
95.00 0.10000 95.1 0.00000 0 -4.000 -1.0000 -4.001 -0.0001 0 NA
100.00 0.10000 100.1 0.00000 0 -4.000 -1.0000 -4.000 -0.0001 0 NA
105.00 0.10000 105.1 0.00000 0 -4.000 -1.0000 -4.000 -0.0002 0 NA
110.00 0.10000 110.1 0.00000 0 -4.000 -1.0000 -4.000 -0.0002 0 NA
115.00 0.10000 115.1 0.00005 0 -4.000 -1.0000 -4.000 -0.0001 0 NA
120.00 0.10000 120.1 0.00007 0 -4.000 -1.0000 -4.000 -0.0001 0 NA
125.00 0.10000 125.1 0.00013 0 -4.000 -1.0000 -4.000 -0.0001 0 NA
130.00 0.10000 130.1 0.00022 0 -4.000 -1.0000 -4.000 -0.0002 0 NA
135.00 0.10000 135.1 0.00040 0 -4.000 -1.0000 -4.000 -0.0002 0 NA
140.00 0.10000 140.1 0.00071 0 -4.000 -1.0000 -4.000 -0.0002 0 NA
145.00 0.10000 145.1 0.00118 0 -4.000 -1.0000 -4.000 -0.0002 0 NA
150.00 0.10000 150.1 0.00189 0 -4.000 -1.0000 -4.000 -0.0002 0 NA
155.00 0.09677 155.1 0.00287 0 -4.000 -1.0000 -4.000 -0.0001 0 NA
160.00 0.09375 160.1 0.00417 0 -4.000 -1.0000 -4.000 -0.0002 0 NA
165.00 0.09091 165.1 0.00582 0 -4.000 -1.0000 -4.000 -0.0002 0 NA
170.00 0.08824 170.1 0.00784 0 -4.000 -1.0000 -4.000 -0.0002 0 NA
175.00 0.08571 175.1 0.01039 0 -4.000 -1.0000 -4.000 -0.0001 0 NA
180.00 0.08333 180.1 0.01318 0 -4.000 -1.0000 -4.000 -0.0001 0 NA
185.00 0.08108 185.1 0.01632 0 -4.000 -1.0000 -4.000 -0.0002 0 NA
190.00 0.07895 190.1 0.01986 0 -4.000 -1.0000 -4.000 -0.0001 0 NA
195.00 0.07692 195.1 0.02378 0 -4.000 -1.0000 -4.000 -0.0001 0 NA
200.00 0.07500 200.1 0.02810 0 -4.000 -1.0000 -4.000 -0.0002 0 NA
205.00 0.07317 205.1 0.03246 0 -4.000 -1.0000 -4.000 -0.0001 0 NA
210.00 0.07143 210.1 0.03709 0 -4.000 -1.0000 -4.000 -0.0002 0 NA
215.00 0.06977 215.1 0.04181 0 -4.000 -1.0000 -4.000 -0.0001 0 NA
220.00 0.06818 220.1 0.04669 0 -4.000 -1.0000 -4.000 -0.0001 0 NA
225.00 0.06667 225.1 0.05182 0 -4.000 -1.0000 -4.000 -0.0001 0 NA
230.00 0.06522 230.1 0.05691 0 -4.000 -1.0000 -4.000 -0.0002 0 NA
235.00 0.06383 234.6 0.06133 0 -4.000 -1.0000 -4.000 -0.0001 0 NA
240.00 0.06250 233.8 0.06003 1 -4.000 -1.0000 -4.000 -0.0001 0 NA
0.00 0.10000 0.1 0.00000 0 -4.500 -1.0000 -4.499 -0.0002 0 NA
5.00 0.10000 5.1 0.00000 0 -4.500 -1.0000 -4.499 -0.0001 0 NA
10.00 0.10000 10.1 0.00000 0 -4.500 -1.0000 -4.500 -0.0002 0 NA
15.00 0.10000 15.1 0.00000 0 -4.500 -1.0000 -4.500 -0.0002 0 NA
20.00 0.10000 20.1 0.00000 0 -4.500 -1.0000 -4.500 -0.0002 0 NA
25.00 0.10000 25.1 0.00000 0 -4.500 -1.0000 -4.500 -0.0002 0 NA
30.00 0.10000 30.1 0.00000 0 -4.500 -1.0000 -4.500 -0.0001 0 NA
35.00 0.10000 35.1 0.00000 0 -4.500 -1.0000 -4.500 -0.0001 0 NA
40.00 0.10000 40.1 0.00000 0 -4.500 -1.0000 -4.500 -0.0001 0 NA
45.00 0.10000 45.0 0.00000 0 -4.500 -1.0000 -4.499 -0.0001 0 NA
50.00 0.10000 50.1 0.00000 0 -4.500 -1.0000 -4.500 -0.0002 0 NA
55.00 0.10000 55.1 0.00000 0 -4.500 -1.0000 -4.499 -0.0002 0 NA
60.00 0.10000 60.1 0.00000 0 -4.500 -1.0000 -4.500 -0.0001 0 NA
65.00 0.10000 65.1 0.00000 0 -4.500 -1.0000 -4.500 -0.0001 0 NA
70.00 0.10000 70.1 0.00000 0 -4.500 -1.0000 -4.500 -0.0001 0 NA
75.00 0.10000 75.1 0.00000 0 -4.500 -1.0000 -4.500 -0.0002 0 NA
80.00 0.10000 80.1 0.00000 0 -4.500 -1.0000 -4.500 -0.0001 0 NA
85.00 0.10000 85.1 0.00000 0 -4.500 -1.0000 -4.500 -0.0001 0 NA
90.00 0.10000 90.1 0.00000 0 -4.500 -1.0000 -4.500 -0.0001 0 NA
95.00 0.10000 95.1 0.00000 0 -4.500 -1.0000 -4.500 -0.0002 0 NA
100.00 0.10000 100.1 0.00000 0 -4.500 -1.0000 -4.500 -0.0001 0 NA
105.00 0.10000 105.1 0.00000 0 -4.500 -1.0000 -4.500 -0.0001 0 NA
110.00 0.10000 110.1 0.00000 0 -4.500 -1.0000 -4.499 -0.0002 0 NA
115.00 0.10000 115.1 0.00000 0 -4.500 -1.0000 -4.500 -0.0001 0 NA
120.00 0.10000 120.1 0.00000 0 -4.500 -1.0000 -4.499 -0.0001 0 NA
125.00 0.10000 125.1 0.00000 0 -4.500 -1.0000 -4.500 -0.0001 0 NA
130.00 0.10000 130.1 0.00006 0 -4.500 -1.0000 -4.499 -0.0002 0 NA
135.00 0.10000 135.1 0.00008 0 -4.500 -1.0000 -4.500 -0.0002 0 NA
140.00 0.10000 140.1 0.00014 0 -4.500 -1.0000 -4.500 -0.0001 0 NA
145.00 0.10000 145.1 0.00023 0 -4.500 -1.0000 -4.500 -0.0002 0 NA
150.00 0.10000 150.1 0.00042 0 -4.500 -1.0000 -4.500 -0.0001 0 NA
155.00 0.09677 155.1 0.00071 0 -4.500 -1.0000 -4.500 -0.0002 0 NA
160.00 0.09375 160.1 0.00118 0 -4.500 -1.0000 -4.500 -0.0001 0 NA
165.00 0.09091 165.1 0.00186 0 -4.500 -1.0000 -4.500 -0.0002 0 NA
170.00 0.08824 170.1 0.00280 0 -4.500 -1.0000 -4.500 -0.0001 0 NA
175.00 0.08571 175.1 0.00403 0 -4.500 -1.0000 -4.500 -0.0001 0 NA
180.00 0.08333 180.1 0.00558 0 -4.500 -1.0000 -4.500 -0.0001 0 NA
185.00 0.08108 185.1 0.00749 0 -4.500 -1.0000 -4.500 -0.0002 0 NA
190.00 0.07895 190.1 0.00976 0 -4.500 -1.0000 -4.500 -0.0001 0 NA
195.00 0.07692 195.1 0.01246 0 -4.500 -1.0000 -4.499 -0.0001 0 NA
200.00 0.07500 200.1 0.01548 0 -4.500 -1.0000 -4.500 -0.0001 0 NA
205.00 0.07317 205.1 0.01895 0 -4.500 -1.0000 -4.500 -0.0002 0 NA
210.00 0.07143 210.1 0.02259 0 -4.500 -1.0000 -4.499 -0.0001 0 NA
215.00 0.06977 215.1 0.02647 0 -4.500 -1.0000 -4.499 -0.0002 0 NA
220.00 0.06818 220.1 0.03070 0 -4.500 -1.0000 -4.500 -0.0001 0 NA
225.00 0.06667 225.1 0.03504 0 -4.500 -1.0000 -4.499 -0.0002 0 NA
230.00 0.06522 230.1 0.03957 0 -4.500 -1.0000 -4.500 -0.0001 0 NA
235.00 0.06383 235.1 0.04440 0 -4.500 -1.0000 -4.500 -0.0001 0 NA
240.00 0.06250 240.1 0.04921 0 -4.500 -1.0000 -4.500 -0.0002 0 NA
245.00 0.06122 245.1 0.05411 0 -4.500 -1.0000 -4.500 -0.0001 0 NA
250.00 0.06000 250.1 0.05912 0 -4.500 -1.0000 -4.500 -0.0001 0 NA
255.00 0.05882 251.6 0.06003 1 -4.500 -1.0000 -4.499 -0.0001 0 NA
0.00 0.10000 0.1 0.00000 0 -5.000 -1.0000 -4.999 -0.0001 0 NA
5.00 0.10000 5.1 0.00000 0 -5.000 -1.0000 -4.999 -0.0001 0 NA
10.00 0.10000 10.1 0.00000 0 -5.000 -1.0000 -5.000 -0.0001 0 NA
15.00 0.10000 15.1 0.00000 0 -5.000 -1.0000 -4.999 -0.0001 0 NA
20.00 0.10000 20.1 0.00000 0 -5.000 -1.0000 -4.999 -0.0002 0 NA
25.00 0.10000 25.1 0.00000 0 -5.000 -1.0000 -4.999 -0.0002 0 NA
30.00 0.10000 30.1 0.00000 0 -5.000 -1.0000 -4.999 -0.0001 0 NA
35.00 0.10000 35.1 0.00000 0 -5.000 -1.0000 -4.999 -0.0001 0 NA
40.00 0.10000 40.1 0.00000 0 -5.000 -1.0000 -5.000 -0.0002 0 NA
45.00 0.10000 45.0 0.00000 0 -5.000 -1.0000 -5.000 -0.0001 0 NA
50.00 0.10000 50.1 0.00000 0 -5.000 -1.0000 -5.000 -0.0001 0 NA
55.00 0.10000 55.1 0.00000 0 -5.000 -1.0000 -5.000 -0.0001 0 NA
60.00 0.10000 60.1 0.00000 0 -5.000 -1.0000 -5.000 -0.0001 0 NA
65.00 0.10000 65.1 0.00000 0 -5.000 -1.0000 -5.000 -0.0002 0 NA
70.00 0.10000 70.1 0.00000 0 -5.000 -1.0000 -4.999 -0.0001 0 NA
75.00 0.10000 75.1 0.00000 0 -5.000 -1.0000 -5.000 -0.0002 0 NA
80.00 0.10000 80.1 0.00000 0 -5.000 -1.0000 -4.999 -0.0001 0 NA
85.00 0.10000 85.1 0.00000 0 -5.000 -1.0000 -4.999 -0.0002 0 NA
90.00 0.10000 90.1 0.00000 0 -5.000 -1.0000 -4.999 -0.0001 0 NA
95.00 0.10000 95.1 0.00000 0 -5.000 -1.0000 -4.999 -0.0002 0 NA
100.00 0.10000 100.1 0.00000 0 -5.000 -1.0000 -4.999 -0.0002 0 NA
105.00 0.10000 105.1 0.00000 0 -5.000 -1.0000 -4.999 -0.0002 0 NA
110.00 0.10000 110.1 0.00000 0 -5.000 -1.0000 -4.999 -0.0001 0 NA
115.00 0.10000 115.1 0.00000 0 -5.000 -1.0000 -4.999 -0.0001 0 NA
120.00 0.10000 120.1 0.00000 0 -5.000 -1.0000 -5.000 -0.0002 0 NA
125.00 0.10000 125.1 0.00000 0 -5.000 -1.0000 -4.999 -0.0002 0 NA
130.00 0.10000 130.1 0.00000 0 -5.000 -1.0000 -5.000 -0.0001 0 NA
135.00 0.10000 135.1 0.00000 0 -5.000 -1.0000 -5.000 -0.0002 0 NA
140.00 0.10000 140.1 0.00005 0 -5.000 -1.0000 -4.999 -0.0002 0 NA
145.00 0.10000 145.1 0.00006 0 -5.000 -1.0000 -4.999 -0.0001 0 NA
150.00 0.10000 150.1 0.00009 0 -5.000 -1.0000 -4.999 -0.0002 0 NA
155.00 0.09677 155.1 0.00014 0 -5.000 -1.0000 -4.999 -0.0001 0 NA
160.00 0.09375 160.1 0.00024 0 -5.000 -1.0000 -4.999 -0.0002 0 NA
165.00 0.09091 165.1 0.00042 0 -5.000 -1.0000 -4.999 -0.0002 0 NA
170.00 0.08824 170.1 0.00071 0 -5.000 -1.0000 -5.000 -0.0002 0 NA
175.00 0.08571 175.1 0.00116 0 -5.000 -1.0000 -5.000 -0.0001 0 NA
180.00 0.08333 180.1 0.00181 0 -5.000 -1.0000 -4.999 -0.0001 0 NA
185.00 0.08108 185.1 0.00270 0 -5.000 -1.0000 -5.000 -0.0001 0 NA
190.00 0.07895 190.1 0.00387 0 -5.000 -1.0000 -4.999 -0.0001 0 NA
195.00 0.07692 195.1 0.00532 0 -5.000 -1.0000 -4.999 -0.0002 0 NA
200.00 0.07500 200.1 0.00714 0 -5.000 -1.0000 -4.999 -0.0001 0 NA
205.00 0.07317 205.1 0.00928 0 -5.000 -1.0000 -5.000 -0.0002 0 NA
210.00 0.07143 210.1 0.01174 0 -5.000 -1.0000 -5.000 -0.0002 0 NA
215.00 0.06977 215.1 0.01475 0 -5.000 -1.0000 -4.999 -0.0001 0 NA
220.00 0.06818 220.1 0.01788 0 -5.000 -1.0000 -4.999 -0.0001 0 NA
225.00 0.06667 225.1 0.02131 0 -5.000 -1.0000 -5.000 -0.0002 0 NA
230.00 0.06522 230.1 0.02500 0 -5.000 -1.0000 -4.999 -0.0002 0 NA
235.00 0.06383 235.1 0.02902 0 -5.000 -1.0000 -5.000 -0.0001 0 NA
240.00 0.06250 240.1 0.03316 0 -5.000 -1.0000 -4.999 -0.0002 0 NA
245.00 0.06122 245.1 0.03747 0 -5.000 -1.0000 -5.000 -0.0002 0 NA
250.00 0.06000 250.1 0.04194 0 -5.000 -1.0000 -4.999 -0.0001 0 NA
255.00 0.05882 255.1 0.04671 0 -5.000 -1.0000 -4.999 -0.0001 0 NA
260.00 0.05769 260.1 0.05145 0 -5.000 -1.0000 -4.999 -0.0002 0 NA
265.00 0.05660 265.1 0.05625 0 -5.000 -1.0000 -4.999 -0.0002 0 NA
270.00 0.05556 270.1 0.06139 1 -5.000 -1.0000 -5.000 -0.0002 0 NA
0.00 0.10000 0.2 0.00000 0 -5.500 -0.9091 -5.500 -0.0001 0 NA
5.00 0.10000 5.1 0.00000 0 -5.500 -0.9091 -5.500 -0.0001 0 NA
10.00 0.10000 10.1 0.00000 0 -5.500 -0.9091 -5.500 -0.0002 0 NA
15.00 0.10000 15.1 0.00000 0 -5.500 -0.9091 -5.500 -0.0001 0 NA
20.00 0.10000 20.1 0.00000 0 -5.500 -0.9091 -5.500 -0.0001 0 NA
25.00 0.10000 25.1 0.00000 0 -5.500 -0.9091 -5.500 -0.0001 0 NA
30.00 0.10000 30.1 0.00000 0 -5.500 -0.9091 -5.500 -0.0001 0 NA
35.00 0.10000 35.1 0.00000 0 -5.500 -0.9091 -5.500 -0.0001 0 NA
40.00 0.10000 40.1 0.00000 0 -5.500 -0.9091 -5.500 -0.0002 0 NA
45.00 0.10000 45.0 0.00000 0 -5.500 -0.9091 -5.500 -0.0001 0 NA
50.00 0.10000 50.1 0.00000 0 -5.500 -0.9091 -5.500 -0.0001 0 NA
55.00 0.10000 55.1 0.00000 0 -5.500 -0.9091 -5.500 -0.0002 0 NA
60.00 0.10000 60.1 0.00000 0 -5.500 -0.9091 -5.500 -0.0001 0 NA
65.00 0.10000 65.1 0.00000 0 -5.500 -0.9091 -5.500 -0.0001 0 NA
70.00 0.10000 70.1 0.00000 0 -5.500 -0.9091 -5.500 -0.0002 0 NA
75.00 0.10000 75.1 0.00000 0 -5.500 -0.9091 -5.500 -0.0001 0 NA
80.00 0.10000 80.1 0.00000 0 -5.500 -0.9091 -5.500 -0.0001 0 NA
85.00 0.10000 85.1 0.00000 0 -5.500 -0.9091 -5.500 -0.0001 0 NA
90.00 0.10000 90.1 0.00000 0 -5.500 -0.9091 -5.500 -0.0001 0 NA
95.00 0.10000 95.1 0.00000 0 -5.500 -0.9091 -5.500 -0.0001 0 NA
100.00 0.10000 100.1 0.00000 0 -5.500 -0.9091 -5.500 -0.0002 0 NA
105.00 0.10000 105.1 0.00000 0 -5.500 -0.9091 -5.500 -0.0002 0 NA
110.00 0.10000 110.1 0.00000 0 -5.500 -0.9091 -5.500 -0.0002 0 NA
115.00 0.10000 115.1 0.00000 0 -5.500 -0.9091 -5.500 -0.0001 0 NA
120.00 0.10000 120.1 0.00000 0 -5.500 -0.9091 -5.500 -0.0001 0 NA
125.00 0.10000 125.1 0.00000 0 -5.500 -0.9091 -5.500 -0.0002 0 NA
130.00 0.10000 130.1 0.00000 0 -5.500 -0.9091 -5.500 -0.0001 0 NA
135.00 0.10000 135.1 0.00000 0 -5.500 -0.9091 -5.500 -0.0001 0 NA
140.00 0.10000 140.1 0.00000 0 -5.500 -0.9091 -5.500 -0.0001 0 NA
145.00 0.10000 145.1 0.00000 0 -5.500 -0.9091 -5.500 -0.0001 0 NA
150.00 0.10000 150.1 0.00000 0 -5.500 -0.9091 -5.500 -0.0001 0 NA
155.00 0.09677 155.1 0.00005 0 -5.500 -0.9091 -5.500 -0.0001 0 NA
160.00 0.09375 160.1 0.00006 0 -5.500 -0.9091 -5.500 -0.0002 0 NA
165.00 0.09091 165.1 0.00009 0 -5.500 -0.9091 -5.500 -0.0002 0 NA
170.00 0.08824 170.1 0.00014 0 -5.500 -0.9091 -5.500 -0.0002 0 NA
175.00 0.08571 175.1 0.00025 0 -5.500 -0.9091 -5.500 -0.0001 0 NA
180.00 0.08333 180.1 0.00042 0 -5.500 -0.9091 -5.500 -0.0002 0 NA
185.00 0.08108 185.1 0.00071 0 -5.500 -0.9091 -5.500 -0.0002 0 NA
190.00 0.07895 190.1 0.00113 0 -5.500 -0.9091 -5.500 -0.0001 0 NA
195.00 0.07692 195.1 0.00175 0 -5.500 -0.9091 -5.500 -0.0001 0 NA
200.00 0.07500 200.1 0.00258 0 -5.500 -0.9091 -5.500 -0.0001 0 NA
205.00 0.07317 205.1 0.00368 0 -5.500 -0.9091 -5.500 -0.0002 0 NA
210.00 0.07143 210.1 0.00505 0 -5.500 -0.9091 -5.500 -0.0001 0 NA
215.00 0.06977 215.1 0.00673 0 -5.500 -0.9091 -5.500 -0.0001 0 NA
220.00 0.06818 220.1 0.00874 0 -5.500 -0.9091 -5.500 -0.0001 0 NA
225.00 0.06667 225.1 0.01121 0 -5.500 -0.9091 -5.500 -0.0002 0 NA
230.00 0.06522 230.1 0.01386 0 -5.500 -0.9091 -5.500 -0.0002 0 NA
235.00 0.06383 235.1 0.01687 0 -5.500 -0.9091 -5.500 -0.0002 0 NA
240.00 0.06250 240.1 0.02012 0 -5.500 -0.9091 -5.500 -0.0001 0 NA
245.00 0.06122 245.1 0.02361 0 -5.500 -0.9091 -5.500 -0.0001 0 NA
250.00 0.06000 250.1 0.02733 0 -5.500 -0.9091 -5.500 -0.0001 0 NA
255.00 0.05882 255.1 0.03138 0 -5.500 -0.9091 -5.500 -0.0001 0 NA
260.00 0.05769 260.1 0.03550 0 -5.500 -0.9091 -5.500 -0.0001 0 NA
265.00 0.05660 265.1 0.03975 0 -5.500 -0.9091 -5.500 -0.0001 0 NA
270.00 0.05556 270.1 0.04436 0 -5.500 -0.9091 -5.500 -0.0001 0 NA
275.00 0.05455 275.1 0.04890 0 -5.500 -0.9091 -5.500 -0.0001 0 NA
280.00 0.05357 280.1 0.05354 0 -5.500 -0.9091 -5.500 -0.0001 0 NA
285.00 0.05263 285.1 0.05826 1 -5.500 -0.9091 -5.500 -0.0001 0 NA
0.00 0.10000 0.1 0.00000 0 -6.000 -0.8333 -6.000 -0.0001 0 NA
5.00 0.10000 5.1 0.00000 0 -6.000 -0.8333 -6.000 -0.0001 0 NA
10.00 0.10000 10.1 0.00000 0 -6.000 -0.8333 -6.000 -0.0002 0 NA
15.00 0.10000 15.1 0.00000 0 -6.000 -0.8333 -6.000 -0.0002 0 NA
20.00 0.10000 20.1 0.00000 0 -6.000 -0.8333 -6.000 -0.0001 0 NA
25.00 0.10000 25.1 0.00000 0 -6.000 -0.8333 -6.000 -0.0001 0 NA
30.00 0.10000 30.1 0.00000 0 -6.000 -0.8333 -6.000 -0.0001 0 NA
35.00 0.10000 35.1 0.00000 0 -6.000 -0.8333 -6.000 -0.0001 0 NA
40.00 0.10000 40.1 0.00000 0 -6.000 -0.8333 -6.000 -0.0001 0 NA
45.00 0.10000 45.0 0.00000 0 -6.000 -0.8333 -6.000 -0.0001 0 NA
50.00 0.10000 50.1 0.00000 0 -6.000 -0.8333 -6.000 -0.0001 0 NA
55.00 0.10000 55.1 0.00000 0 -6.000 -0.8333 -6.000 -0.0001 0 NA
60.00 0.10000 60.1 0.00000 0 -6.000 -0.8333 -6.000 -0.0001 0 NA
65.00 0.10000 65.1 0.00000 0 -6.000 -0.8333 -6.000 -0.0002 0 NA
70.00 0.10000 70.1 0.00000 0 -6.000 -0.8333 -6.000 -0.0001 0 NA
75.00 0.10000 75.1 0.00000 0 -6.000 -0.8333 -6.000 -0.0001 0 NA
80.00 0.10000 80.1 0.00000 0 -6.000 -0.8333 -6.000 -0.0002 0 NA
85.00 0.10000 85.1 0.00000 0 -6.000 -0.8333 -6.000 -0.0002 0 NA
90.00 0.10000 90.1 0.00000 0 -6.000 -0.8333 -6.000 -0.0001 0 NA
95.00 0.10000 95.1 0.00000 0 -6.000 -0.8333 -6.000 -0.0002 0 NA
100.00 0.10000 100.1 0.00000 0 -6.000 -0.8333 -6.000 -0.0001 0 NA
105.00 0.10000 105.1 0.00000 0 -6.000 -0.8333 -6.000 -0.0001 0 NA
110.00 0.10000 110.1 0.00000 0 -6.000 -0.8333 -6.000 -0.0001 0 NA
115.00 0.10000 115.1 0.00000 0 -6.000 -0.8333 -6.000 -0.0002 0 NA
120.00 0.10000 120.1 0.00000 0 -6.000 -0.8333 -6.000 -0.0001 0 NA
125.00 0.10000 125.1 0.00000 0 -6.000 -0.8333 -6.000 -0.0001 0 NA
130.00 0.10000 130.1 0.00000 0 -6.000 -0.8333 -6.000 -0.0002 0 NA
135.00 0.10000 135.1 0.00000 0 -6.000 -0.8333 -6.000 -0.0001 0 NA
140.00 0.10000 140.1 0.00000 0 -6.000 -0.8333 -6.000 -0.0002 0 NA
145.00 0.10000 145.1 0.00000 0 -6.000 -0.8333 -6.000 -0.0001 0 NA
150.00 0.10000 150.1 0.00000 0 -6.000 -0.8333 -6.000 -0.0001 0 NA
155.00 0.09677 155.1 0.00000 0 -6.000 -0.8333 -6.000 -0.0001 0 NA
160.00 0.09375 160.1 0.00000 0 -6.000 -0.8333 -6.000 -0.0001 0 NA
165.00 0.09091 165.1 0.00000 0 -6.000 -0.8333 -6.000 -0.0001 0 NA
170.00 0.08824 170.1 0.00005 0 -6.000 -0.8333 -6.000 -0.0002 0 NA
175.00 0.08571 175.1 0.00007 0 -6.000 -0.8333 -6.000 -0.0001 0 NA
180.00 0.08333 180.1 0.00009 0 -6.000 -0.8333 -6.000 -0.0001 0 NA
185.00 0.08108 185.1 0.00015 0 -6.000 -0.8333 -6.000 -0.0001 0 NA
190.00 0.07895 190.1 0.00025 0 -6.000 -0.8333 -6.000 -0.0001 0 NA
195.00 0.07692 195.1 0.00042 0 -6.000 -0.8333 -6.000 -0.0001 0 NA
200.00 0.07500 200.1 0.00071 0 -6.000 -0.8333 -6.000 -0.0001 0 NA
205.00 0.07317 205.1 0.00111 0 -6.000 -0.8333 -6.000 -0.0001 0 NA
210.00 0.07143 210.1 0.00170 0 -6.000 -0.8333 -6.000 -0.0001 0 NA
215.00 0.06977 215.1 0.00248 0 -6.000 -0.8333 -6.000 -0.0002 0 NA
220.00 0.06818 220.1 0.00351 0 -6.000 -0.8333 -6.000 -0.0001 0 NA
225.00 0.06667 225.1 0.00481 0 -6.000 -0.8333 -6.000 -0.0002 0 NA
230.00 0.06522 230.1 0.00643 0 -6.000 -0.8333 -6.000 -0.0001 0 NA
235.00 0.06383 235.1 0.00841 0 -6.000 -0.8333 -6.000 -0.0002 0 NA
240.00 0.06250 240.1 0.01062 0 -6.000 -0.8333 -6.000 -0.0002 0 NA
245.00 0.06122 245.1 0.01311 0 -6.000 -0.8333 -6.000 -0.0001 0 NA
250.00 0.06000 250.1 0.01596 0 -6.000 -0.8333 -6.000 -0.0002 0 NA
255.00 0.05882 255.1 0.01901 0 -6.000 -0.8333 -6.000 -0.0002 0 NA
260.00 0.05769 260.1 0.02233 0 -6.000 -0.8333 -6.000 -0.0002 0 NA
265.00 0.05660 265.1 0.02585 0 -6.000 -0.8333 -6.000 -0.0001 0 NA
270.00 0.05556 270.1 0.02972 0 -6.000 -0.8333 -6.000 -0.0001 0 NA
275.00 0.05455 275.1 0.03364 0 -6.000 -0.8333 -6.000 -0.0001 0 NA
280.00 0.05357 280.1 0.03773 0 -6.000 -0.8333 -6.000 -0.0002 0 NA
285.00 0.05263 285.1 0.04194 0 -6.000 -0.8333 -6.000 -0.0002 0 NA
290.00 0.05172 290.1 0.04646 0 -6.000 -0.8333 -6.000 -0.0002 0 NA
295.00 0.05085 295.1 0.05089 1 -6.000 -0.8333 -6.000 -0.0002 0 NA
0.00 0.10000 0.1 0.00000 0 -6.500 -0.7692 -6.500 -0.0001 0 NA
5.00 0.10000 5.1 0.00000 0 -6.500 -0.7692 -6.500 -0.0002 0 NA
10.00 0.10000 10.1 0.00000 0 -6.500 -0.7692 -6.500 -0.0001 0 NA
15.00 0.10000 15.1 0.00000 0 -6.500 -0.7692 -6.500 -0.0002 0 NA
20.00 0.10000 20.1 0.00000 0 -6.500 -0.7692 -6.500 -0.0001 0 NA
25.00 0.10000 25.1 0.00000 0 -6.500 -0.7692 -6.500 -0.0002 0 NA
30.00 0.10000 30.1 0.00000 0 -6.500 -0.7692 -6.500 -0.0001 0 NA
35.00 0.10000 35.1 0.00000 0 -6.500 -0.7692 -6.500 -0.0002 0 NA
40.00 0.10000 40.1 0.00000 0 -6.500 -0.7692 -6.500 -0.0001 0 NA
45.00 0.10000 45.0 0.00000 0 -6.500 -0.7692 -6.500 -0.0002 0 NA
50.00 0.10000 50.1 0.00000 0 -6.500 -0.7692 -6.500 -0.0001 0 NA
55.00 0.10000 55.1 0.00000 0 -6.500 -0.7692 -6.500 -0.0002 0 NA
60.00 0.10000 60.1 0.00000 0 -6.500 -0.7692 -6.500 -0.0001 0 NA
65.00 0.10000 65.1 0.00000 0 -6.500 -0.7692 -6.500 -0.0001 0 NA
70.00 0.10000 70.1 0.00000 0 -6.500 -0.7692 -6.500 -0.0002 0 NA
75.00 0.10000 75.1 0.00000 0 -6.500 -0.7692 -6.500 -0.0001 0 NA
80.00 0.10000 80.1 0.00000 0 -6.500 -0.7692 -6.500 -0.0001 0 NA
85.00 0.10000 85.1 0.00000 0 -6.500 -0.7692 -6.500 -0.0002 0 NA
90.00 0.10000 90.1 0.00000 0 -6.500 -0.7692 -6.500 -0.0001 0 NA
95.00 0.10000 95.1 0.00000 0 -6.500 -0.7692 -6.500 -0.0001 0 NA
100.00 0.10000 100.1 0.00000 0 -6.500 -0.7692 -6.500 -0.0002 0 NA
105.00 0.10000 105.1 0.00000 0 -6.500 -0.7692 -6.500 -0.0001 0 NA
110.00 0.10000 110.1 0.00000 0 -6.500 -0.7692 -6.500 -0.0002 0 NA
115.00 0.10000 115.1 0.00000 0 -6.500 -0.7692 -6.500 -0.0001 0 NA
120.00 0.10000 120.1 0.00000 0 -6.500 -0.7692 -6.500 -0.0001 0 NA
125.00 0.10000 125.1 0.00000 0 -6.500 -0.7692 -6.500 -0.0002 0 NA
130.00 0.10000 130.1 0.00000 0 -6.500 -0.7692 -6.500 -0.0001 0 NA
135.00 0.10000 135.1 0.00000 0 -6.500 -0.7692 -6.500 -0.0001 0 NA
140.00 0.10000 140.1 0.00000 0 -6.500 -0.7692 -6.500 -0.0001 0 NA
145.00 0.10000 145.1 0.00000 0 -6.500 -0.7692 -6.500 -0.0001 0 NA
150.00 0.10000 150.1 0.00000 0 -6.500 -0.7692 -6.500 -0.0001 0 NA
155.00 0.09677 155.1 0.00000 0 -6.500 -0.7692 -6.500 -0.0002 0 NA
160.00 0.09375 160.1 0.00000 0 -6.500 -0.7692 -6.500 -0.0001 0 NA
165.00 0.09091 165.1 0.00000 0 -6.500 -0.7692 -6.500 -0.0002 0 NA
170.00 0.08824 170.1 0.00000 0 -6.500 -0.7692 -6.500 -0.0002 0 NA
175.00 0.08571 175.1 0.00000 0 -6.500 -0.7692 -6.500 -0.0002 0 NA
180.00 0.08333 180.1 0.00000 0 -6.500 -0.7692 -6.500 -0.0001 0 NA
185.00 0.08108 185.1 0.00005 0 -6.500 -0.7692 -6.500 -0.0001 0 NA
190.00 0.07895 190.1 0.00007 0 -6.500 -0.7692 -6.500 -0.0001 0 NA
195.00 0.07692 195.1 0.00010 0 -6.500 -0.7692 -6.500 -0.0002 0 NA
200.00 0.07500 200.1 0.00015 0 -6.500 -0.7692 -6.500 -0.0001 0 NA
205.00 0.07317 205.1 0.00026 0 -6.500 -0.7692 -6.500 -0.0001 0 NA
210.00 0.07143 210.1 0.00043 0 -6.500 -0.7692 -6.500 -0.0001 0 NA
215.00 0.06977 215.1 0.00071 0 -6.500 -0.7692 -6.500 -0.0001 0 NA
220.00 0.06818 220.1 0.00111 0 -6.500 -0.7692 -6.500 -0.0001 0 NA
225.00 0.06667 225.1 0.00167 0 -6.500 -0.7692 -6.500 -0.0001 0 NA
230.00 0.06522 230.1 0.00243 0 -6.500 -0.7692 -6.500 -0.0001 0 NA
235.00 0.06383 235.1 0.00341 0 -6.500 -0.7692 -6.500 -0.0002 0 NA
240.00 0.06250 240.1 0.00466 0 -6.500 -0.7692 -6.500 -0.0002 0 NA
245.00 0.06122 245.1 0.00616 0 -6.500 -0.7692 -6.500 -0.0001 0 NA
250.00 0.06000 250.1 0.00795 0 -6.500 -0.7692 -6.500 -0.0001 0 NA
255.00 0.05882 255.1 0.01004 0 -6.500 -0.7692 -6.500 -0.0001 0 NA
260.00 0.05769 260.1 0.01240 0 -6.500 -0.7692 -6.500 -0.0001 0 NA
265.00 0.05660 265.1 0.01502 0 -6.500 -0.7692 -6.500 -0.0001 0 NA
270.00 0.05556 270.1 0.01792 0 -6.500 -0.7692 -6.500 -0.0002 0 NA
275.00 0.05455 275.1 0.02113 0 -6.500 -0.7692 -6.500 -0.0001 0 NA
280.00 0.05357 280.1 0.02449 0 -6.500 -0.7692 -6.500 -0.0001 0 NA
285.00 0.05263 285.1 0.02803 0 -6.500 -0.7692 -6.500 -0.0001 0 NA
290.00 0.05172 290.1 0.03196 0 -6.500 -0.7692 -6.500 -0.0001 0 NA
295.00 0.05085 295.1 0.03585 0 -6.500 -0.7692 -6.500 -0.0001 0 NA
300.00 0.05000 300.1 0.03989 0 -6.500 -0.7692 -6.500 -0.0001 0 NA
305.00 0.04918 301.1 0.04002 1 -6.500 -0.7692 -6.500 -0.0001 0 NA
0.00 0.10000 0.1 0.00000 0 -7.000 -0.7143 -7.000 -0.0001 0 NA
5.00 0.10000 5.1 0.00000 0 -7.000 -0.7143 -7.000 -0.0001 0 NA
10.00 0.10000 10.1 0.00000 0 -7.000 -0.7143 -7.000 -0.0002 0 NA
15.00 0.10000 15.1 0.00000 0 -7.000 -0.7143 -7.000 -0.0001 0 NA
20.00 0.10000 20.1 0.00000 0 -7.000 -0.7143 -7.000 -0.0001 0 NA
25.00 0.10000 25.1 0.00000 0 -7.000 -0.7143 -7.000 -0.0001 0 NA
30.00 0.10000 30.1 0.00000 0 -7.000 -0.7143 -7.000 -0.0001 0 NA
35.00 0.10000 35.1 0.00000 0 -7.000 -0.7143 -7.000 -0.0001 0 NA
40.00 0.10000 40.1 0.00000 0 -7.000 -0.7143 -7.000 -0.0001 0 NA
45.00 0.10000 45.0 0.00000 0 -7.000 -0.7143 -7.000 -0.0002 0 NA
50.00 0.10000 50.1 0.00000 0 -7.000 -0.7143 -7.000 -0.0001 0 NA
55.00 0.10000 55.1 0.00000 0 -7.000 -0.7143 -7.000 -0.0002 0 NA
60.00 0.10000 60.1 0.00000 0 -7.000 -0.7143 -7.000 -0.0001 0 NA
65.00 0.10000 65.1 0.00000 0 -7.000 -0.7143 -7.000 -0.0001 0 NA
70.00 0.10000 70.1 0.00000 0 -7.000 -0.7143 -7.000 -0.0001 0 NA
75.00 0.10000 75.1 0.00000 0 -7.000 -0.7143 -6.999 -0.0002 0 NA
80.00 0.10000 80.1 0.00000 0 -7.000 -0.7143 -7.000 -0.0001 0 NA
85.00 0.10000 85.1 0.00000 0 -7.000 -0.7143 -7.000 -0.0001 0 NA
90.00 0.10000 90.1 0.00000 0 -7.000 -0.7143 -7.000 -0.0001 0 NA
95.00 0.10000 95.1 0.00000 0 -7.000 -0.7143 -7.000 -0.0001 0 NA
100.00 0.10000 100.1 0.00000 0 -7.000 -0.7143 -7.000 -0.0001 0 NA
105.00 0.10000 105.1 0.00000 0 -7.000 -0.7143 -7.000 -0.0001 0 NA
110.00 0.10000 110.1 0.00000 0 -7.000 -0.7143 -7.000 -0.0001 0 NA
115.00 0.10000 115.1 0.00000 0 -7.000 -0.7143 -7.000 -0.0001 0 NA
120.00 0.10000 120.1 0.00000 0 -7.000 -0.7143 -7.000 -0.0001 0 NA
125.00 0.10000 125.1 0.00000 0 -7.000 -0.7143 -7.000 -0.0001 0 NA
130.00 0.10000 130.1 0.00000 0 -7.000 -0.7143 -7.000 -0.0001 0 NA
135.00 0.10000 135.1 0.00000 0 -7.000 -0.7143 -7.000 -0.0001 0 NA
140.00 0.10000 140.1 0.00000 0 -7.000 -0.7143 -7.000 -0.0002 0 NA
145.00 0.10000 145.1 0.00000 0 -7.000 -0.7143 -7.000 -0.0001 0 NA
150.00 0.10000 150.1 0.00000 0 -7.000 -0.7143 -6.999 -0.0001 0 NA
155.00 0.09677 155.1 0.00000 0 -7.000 -0.7143 -7.000 -0.0002 0 NA
160.00 0.09375 160.1 0.00000 0 -7.000 -0.7143 -7.000 -0.0001 0 NA
165.00 0.09091 165.1 0.00000 0 -7.000 -0.7143 -7.000 -0.0002 0 NA
170.00 0.08824 170.1 0.00000 0 -7.000 -0.7143 -7.000 -0.0001 0 NA
175.00 0.08571 175.1 0.00000 0 -7.000 -0.7143 -7.000 -0.0002 0 NA
180.00 0.08333 180.1 0.00000 0 -7.000 -0.7143 -7.000 -0.0002 0 NA
185.00 0.08108 185.1 0.00000 0 -7.000 -0.7143 -7.000 -0.0002 0 NA
190.00 0.07895 190.1 0.00000 0 -7.000 -0.7143 -7.000 -0.0001 0 NA
195.00 0.07692 195.1 0.00000 0 -7.000 -0.7143 -7.000 -0.0001 0 NA
200.00 0.07500 200.1 0.00005 0 -7.000 -0.7143 -7.000 -0.0002 0 NA
205.00 0.07317 205.1 0.00007 0 -7.000 -0.7143 -7.000 -0.0002 0 NA
210.00 0.07143 210.1 0.00010 0 -7.000 -0.7143 -7.000 -0.0002 0 NA
215.00 0.06977 215.1 0.00016 0 -7.000 -0.7143 -7.000 -0.0001 0 NA
220.00 0.06818 220.1 0.00027 0 -7.000 -0.7143 -7.000 -0.0001 0 NA
225.00 0.06667 225.1 0.00044 0 -7.000 -0.7143 -7.000 -0.0001 0 NA
230.00 0.06522 230.1 0.00071 0 -7.000 -0.7143 -7.000 -0.0002 0 NA
235.00 0.06383 235.1 0.00109 0 -7.000 -0.7143 -7.000 -0.0002 0 NA
240.00 0.06250 240.1 0.00163 0 -7.000 -0.7143 -7.000 -0.0002 0 NA
245.00 0.06122 245.1 0.00234 0 -7.000 -0.7143 -7.000 -0.0001 0 NA
250.00 0.06000 250.1 0.00328 0 -7.000 -0.7143 -7.000 -0.0001 0 NA
255.00 0.05882 255.1 0.00444 0 -7.000 -0.7143 -7.000 -0.0001 0 NA
260.00 0.05769 260.1 0.00588 0 -7.000 -0.7143 -7.000 -0.0001 0 NA
265.00 0.05660 265.1 0.00756 0 -7.000 -0.7143 -7.000 -0.0002 0 NA
270.00 0.05556 270.1 0.00951 0 -7.000 -0.7143 -7.000 -0.0001 0 NA
275.00 0.05455 275.1 0.01173 0 -7.000 -0.7143 -7.000 -0.0002 0 NA
280.00 0.05357 280.1 0.01427 0 -7.000 -0.7143 -7.000 -0.0002 0 NA
285.00 0.05263 285.1 0.01701 0 -7.000 -0.7143 -7.000 -0.0002 0 NA
290.00 0.05172 290.1 0.01998 0 -7.000 -0.7143 -6.999 -0.0001 0 NA
295.00 0.05085 295.1 0.02327 0 -7.000 -0.7143 -7.000 -0.0002 0 NA
300.00 0.05000 300.1 0.02667 0 -7.000 -0.7143 -7.000 -0.0002 0 NA
305.00 0.04918 305.1 0.03023 0 -7.000 -0.7143 -7.000 -0.0001 0 NA
310.00 0.04839 310.1 0.03393 0 -7.000 -0.7143 -7.000 -0.0002 0 NA
315.00 0.04762 315.1 0.03797 0 -7.000 -0.7143 -7.000 -0.0001 0 NA
320.00 0.04688 320.0 0.04175 0 -7.000 -0.7143 -7.000 -0.0001 0 NA
325.00 0.04615 318.8 0.04002 1 -7.000 -0.7143 -7.000 -0.0001 0 NA
0.00 0.10000 0.1 0.00000 0 -7.500 -0.6667 -7.500 -0.0001 0 NA
5.00 0.10000 5.1 0.00000 0 -7.500 -0.6667 -7.499 -0.0001 0 NA
10.00 0.10000 10.1 0.00000 0 -7.500 -0.6667 -7.499 -0.0001 0 NA
15.00 0.10000 15.1 0.00000 0 -7.500 -0.6667 -7.499 -0.0002 0 NA
20.00 0.10000 20.1 0.00000 0 -7.500 -0.6667 -7.499 -0.0002 0 NA
25.00 0.10000 25.1 0.00000 0 -7.500 -0.6667 -7.499 -0.0001 0 NA
30.00 0.10000 30.1 0.00000 0 -7.500 -0.6667 -7.499 -0.0001 0 NA
35.00 0.10000 35.1 0.00000 0 -7.500 -0.6667 -7.499 -0.0001 0 NA
40.00 0.10000 40.1 0.00000 0 -7.500 -0.6667 -7.499 -0.0002 0 NA
45.00 0.10000 45.0 0.00000 0 -7.500 -0.6667 -7.499 -0.0002 0 NA
50.00 0.10000 50.1 0.00000 0 -7.500 -0.6667 -7.499 -0.0001 0 NA
55.00 0.10000 55.1 0.00000 0 -7.500 -0.6667 -7.499 -0.0001 0 NA
60.00 0.10000 60.1 0.00000 0 -7.500 -0.6667 -7.499 -0.0001 0 NA
65.00 0.10000 65.1 0.00000 0 -7.500 -0.6667 -7.499 -0.0001 0 NA
70.00 0.10000 70.1 0.00000 0 -7.500 -0.6667 -7.499 -0.0001 0 NA
75.00 0.10000 75.1 0.00000 0 -7.500 -0.6667 -7.499 -0.0001 0 NA
80.00 0.10000 80.1 0.00000 0 -7.500 -0.6667 -7.499 -0.0002 0 NA
85.00 0.10000 85.1 0.00000 0 -7.500 -0.6667 -7.499 -0.0002 0 NA
90.00 0.10000 90.1 0.00000 0 -7.500 -0.6667 -7.499 -0.0001 0 NA
95.00 0.10000 95.1 0.00000 0 -7.500 -0.6667 -7.499 -0.0001 0 NA
100.00 0.10000 100.1 0.00000 0 -7.500 -0.6667 -7.499 -0.0001 0 NA
105.00 0.10000 105.1 0.00000 0 -7.500 -0.6667 -7.499 -0.0001 0 NA
110.00 0.10000 110.1 0.00000 0 -7.500 -0.6667 -7.499 -0.0002 0 NA
115.00 0.10000 115.1 0.00000 0 -7.500 -0.6667 -7.499 -0.0001 0 NA
120.00 0.10000 120.1 0.00000 0 -7.500 -0.6667 -7.499 -0.0001 0 NA
125.00 0.10000 125.1 0.00000 0 -7.500 -0.6667 -7.499 -0.0001 0 NA
130.00 0.10000 130.1 0.00000 0 -7.500 -0.6667 -7.499 -0.0001 0 NA
135.00 0.10000 135.1 0.00000 0 -7.500 -0.6667 -7.499 -0.0002 0 NA
140.00 0.10000 140.1 0.00000 0 -7.500 -0.6667 -7.499 -0.0001 0 NA
145.00 0.10000 145.1 0.00000 0 -7.500 -0.6667 -7.499 -0.0002 0 NA
150.00 0.10000 150.1 0.00000 0 -7.500 -0.6667 -7.499 -0.0001 0 NA
155.00 0.09677 155.1 0.00000 0 -7.500 -0.6667 -7.499 -0.0001 0 NA
160.00 0.09375 160.1 0.00000 0 -7.500 -0.6667 -7.499 -0.0001 0 NA
165.00 0.09091 165.1 0.00000 0 -7.500 -0.6667 -7.499 -0.0001 0 NA
170.00 0.08824 170.1 0.00000 0 -7.500 -0.6667 -7.499 -0.0001 0 NA
175.00 0.08571 175.1 0.00000 0 -7.500 -0.6667 -7.499 -0.0001 0 NA
180.00 0.08333 180.1 0.00000 0 -7.500 -0.6667 -7.499 -0.0001 0 NA
185.00 0.08108 185.1 0.00000 0 -7.500 -0.6667 -7.499 -0.0002 0 NA
190.00 0.07895 190.1 0.00000 0 -7.500 -0.6667 -7.499 -0.0001 0 NA
195.00 0.07692 195.1 0.00000 0 -7.500 -0.6667 -7.499 -0.0001 0 NA
200.00 0.07500 200.1 0.00000 0 -7.500 -0.6667 -7.499 -0.0002 0 NA
205.00 0.07317 205.1 0.00000 0 -7.500 -0.6667 -7.499 -0.0001 0 NA
210.00 0.07143 210.1 0.00000 0 -7.500 -0.6667 -7.499 -0.0001 0 NA
215.00 0.06977 215.1 0.00006 0 -7.500 -0.6667 -7.499 -0.0001 0 NA
220.00 0.06818 220.1 0.00007 0 -7.500 -0.6667 -7.499 -0.0001 0 NA
225.00 0.06667 225.1 0.00011 0 -7.500 -0.6667 -7.499 -0.0001 0 NA
230.00 0.06522 230.1 0.00017 0 -7.500 -0.6667 -7.499 -0.0002 0 NA
235.00 0.06383 235.1 0.00028 0 -7.500 -0.6667 -7.499 -0.0002 0 NA
240.00 0.06250 240.1 0.00044 0 -7.500 -0.6667 -7.499 -0.0002 0 NA
245.00 0.06122 245.1 0.00070 0 -7.500 -0.6667 -7.499 -0.0001 0 NA
250.00 0.06000 250.1 0.00106 0 -7.500 -0.6667 -7.499 -0.0001 0 NA
255.00 0.05882 255.1 0.00158 0 -7.500 -0.6667 -7.499 -0.0001 0 NA
260.00 0.05769 260.1 0.00227 0 -7.500 -0.6667 -7.499 -0.0001 0 NA
265.00 0.05660 265.1 0.00316 0 -7.500 -0.6667 -7.499 -0.0001 0 NA
270.00 0.05556 270.1 0.00426 0 -7.500 -0.6667 -7.499 -0.0002 0 NA
275.00 0.05455 275.1 0.00560 0 -7.500 -0.6667 -7.499 -0.0002 0 NA
280.00 0.05357 280.1 0.00722 0 -7.500 -0.6667 -7.499 -0.0002 0 NA
285.00 0.05263 285.1 0.00906 0 -7.500 -0.6667 -7.499 -0.0001 0 NA
290.00 0.05172 290.1 0.01115 0 -7.500 -0.6667 -7.499 -0.0002 0 NA
295.00 0.05085 295.1 0.01350 0 -7.500 -0.6667 -7.499 -0.0001 0 NA
300.00 0.05000 300.1 0.01617 0 -7.500 -0.6667 -7.499 -0.0001 0 NA
305.00 0.04918 305.1 0.01899 0 -7.500 -0.6667 -7.499 -0.0001 0 NA
310.00 0.04839 310.1 0.02203 0 -7.500 -0.6667 -7.499 -0.0001 0 NA
315.00 0.04762 315.1 0.02537 0 -7.500 -0.6667 -7.499 -0.0001 0 NA
320.00 0.04688 320.1 0.02875 0 -7.500 -0.6667 -7.499 -0.0001 0 NA
325.00 0.04615 325.1 0.03228 0 -7.500 -0.6667 -7.499 -0.0001 0 NA
330.00 0.04545 330.1 0.03594 0 -7.500 -0.6667 -7.499 -0.0002 0 NA
335.00 0.04478 335.1 0.03994 0 -7.500 -0.6667 -7.499 -0.0001 0 NA
340.00 0.04412 336.3 0.04002 1 -7.500 -0.6667 -7.499 -0.0002 0 NA
0.00 0.10000 0.1 0.00000 0 -8.000 -0.6250 -7.999 -0.0001 0 NA
5.00 0.10000 5.1 0.00000 0 -8.000 -0.6250 -7.999 -0.0002 0 NA
10.00 0.10000 10.1 0.00000 0 -8.000 -0.6250 -7.999 -0.0001 0 NA
15.00 0.10000 15.1 0.00000 0 -8.000 -0.6250 -7.999 -0.0001 0 NA
20.00 0.10000 20.1 0.00000 0 -8.000 -0.6250 -7.999 -0.0001 0 NA
25.00 0.10000 25.1 0.00000 0 -8.000 -0.6250 -7.999 -0.0002 0 NA
30.00 0.10000 30.1 0.00000 0 -8.000 -0.6250 -7.999 -0.0001 0 NA
35.00 0.10000 35.1 0.00000 0 -8.000 -0.6250 -7.999 -0.0002 0 NA
40.00 0.10000 40.1 0.00000 0 -8.000 -0.6250 -7.999 -0.0001 0 NA
45.00 0.10000 45.0 0.00000 0 -8.000 -0.6250 -7.999 -0.0001 0 NA
50.00 0.10000 50.1 0.00000 0 -8.000 -0.6250 -7.999 -0.0002 0 NA
55.00 0.10000 55.1 0.00000 0 -8.000 -0.6250 -7.999 -0.0001 0 NA
60.00 0.10000 60.1 0.00000 0 -8.000 -0.6250 -7.999 -0.0001 0 NA
65.00 0.10000 65.1 0.00000 0 -8.000 -0.6250 -7.999 -0.0002 0 NA
70.00 0.10000 70.1 0.00000 0 -8.000 -0.6250 -7.999 -0.0001 0 NA
75.00 0.10000 75.1 0.00000 0 -8.000 -0.6250 -7.999 -0.0001 0 NA
80.00 0.10000 80.1 0.00000 0 -8.000 -0.6250 -7.999 -0.0001 0 NA
85.00 0.10000 85.1 0.00000 0 -8.000 -0.6250 -7.999 -0.0001 0 NA
90.00 0.10000 90.1 0.00000 0 -8.000 -0.6250 -7.999 -0.0001 0 NA
95.00 0.10000 95.1 0.00000 0 -8.000 -0.6250 -7.999 -0.0001 0 NA
100.00 0.10000 100.1 0.00000 0 -8.000 -0.6250 -7.999 -0.0001 0 NA
105.00 0.10000 105.1 0.00000 0 -8.000 -0.6250 -7.999 -0.0001 0 NA
110.00 0.10000 110.1 0.00000 0 -8.000 -0.6250 -7.999 -0.0001 0 NA
115.00 0.10000 115.1 0.00000 0 -8.000 -0.6250 -7.999 -0.0001 0 NA
120.00 0.10000 120.1 0.00000 0 -8.000 -0.6250 -7.999 -0.0001 0 NA
125.00 0.10000 125.1 0.00000 0 -8.000 -0.6250 -7.999 -0.0001 0 NA
130.00 0.10000 130.1 0.00000 0 -8.000 -0.6250 -7.999 -0.0001 0 NA
135.00 0.10000 135.1 0.00000 0 -8.000 -0.6250 -7.999 -0.0001 0 NA
140.00 0.10000 140.1 0.00000 0 -8.000 -0.6250 -7.999 -0.0001 0 NA
145.00 0.10000 145.1 0.00000 0 -8.000 -0.6250 -7.999 -0.0001 0 NA
150.00 0.10000 150.1 0.00000 0 -8.000 -0.6250 -7.999 -0.0001 0 NA
155.00 0.09677 155.1 0.00000 0 -8.000 -0.6250 -7.999 -0.0001 0 NA
160.00 0.09375 160.1 0.00000 0 -8.000 -0.6250 -8.000 -0.0001 0 NA
165.00 0.09091 165.1 0.00000 0 -8.000 -0.6250 -7.999 -0.0002 0 NA
170.00 0.08824 170.1 0.00000 0 -8.000 -0.6250 -8.000 -0.0002 0 NA
175.00 0.08571 175.1 0.00000 0 -8.000 -0.6250 -7.999 -0.0001 0 NA
180.00 0.08333 180.1 0.00000 0 -8.000 -0.6250 -7.999 -0.0001 0 NA
185.00 0.08108 185.1 0.00000 0 -8.000 -0.6250 -7.999 -0.0001 0 NA
190.00 0.07895 190.1 0.00000 0 -8.000 -0.6250 -7.999 -0.0001 0 NA
195.00 0.07692 195.1 0.00000 0 -8.000 -0.6250 -7.999 -0.0001 0 NA
200.00 0.07500 200.1 0.00000 0 -8.000 -0.6250 -7.999 -0.0002 0 NA
205.00 0.07317 205.1 0.00000 0 -8.000 -0.6250 -7.999 -0.0001 0 NA
210.00 0.07143 210.1 0.00000 0 -8.000 -0.6250 -7.999 -0.0002 0 NA
215.00 0.06977 215.1 0.00000 0 -8.000 -0.6250 -7.999 -0.0001 0 NA
220.00 0.06818 220.1 0.00000 0 -8.000 -0.6250 -7.999 -0.0001 0 NA
225.00 0.06667 225.1 0.00005 0 -8.000 -0.6250 -7.999 -0.0001 0 NA
230.00 0.06522 230.1 0.00006 0 -8.000 -0.6250 -7.999 -0.0001 0 NA
235.00 0.06383 235.1 0.00007 0 -8.000 -0.6250 -7.999 -0.0001 0 NA
240.00 0.06250 240.1 0.00011 0 -8.000 -0.6250 -7.999 -0.0001 0 NA
245.00 0.06122 245.1 0.00018 0 -8.000 -0.6250 -7.999 -0.0001 0 NA
250.00 0.06000 250.1 0.00028 0 -8.000 -0.6250 -7.999 -0.0001 0 NA
255.00 0.05882 255.1 0.00044 0 -8.000 -0.6250 -7.999 -0.0001 0 NA
260.00 0.05769 260.1 0.00070 0 -8.000 -0.6250 -7.999 -0.0001 0 NA
265.00 0.05660 265.1 0.00106 0 -8.000 -0.6250 -7.999 -0.0001 0 NA
270.00 0.05556 270.1 0.00155 0 -8.000 -0.6250 -7.999 -0.0001 0 NA
275.00 0.05455 275.1 0.00221 0 -8.000 -0.6250 -7.999 -0.0001 0 NA
280.00 0.05357 280.1 0.00305 0 -8.000 -0.6250 -7.999 -0.0001 0 NA
285.00 0.05263 285.1 0.00410 0 -8.000 -0.6250 -7.999 -0.0001 0 NA
290.00 0.05172 290.1 0.00539 0 -8.000 -0.6250 -7.999 -0.0001 0 NA
295.00 0.05085 295.1 0.00689 0 -8.000 -0.6250 -7.999 -0.0001 0 NA
300.00 0.05000 300.1 0.00864 0 -8.000 -0.6250 -7.999 -0.0001 0 NA
305.00 0.04918 305.1 0.01063 0 -8.000 -0.6250 -7.999 -0.0001 0 NA
310.00 0.04839 310.1 0.01291 0 -8.000 -0.6250 -7.999 -0.0001 0 NA
315.00 0.04762 315.1 0.01537 0 -8.000 -0.6250 -7.999 -0.0001 0 NA
320.00 0.04688 320.1 0.01804 0 -8.000 -0.6250 -7.999 -0.0001 0 NA
325.00 0.04615 325.1 0.02103 0 -8.000 -0.6250 -7.999 -0.0002 0 NA
330.00 0.04545 330.1 0.02409 0 -8.000 -0.6250 -7.999 -0.0001 0 NA
335.00 0.04478 335.1 0.02732 0 -8.000 -0.6250 -7.999 -0.0002 0 NA
340.00 0.04412 340.1 0.03068 0 -8.000 -0.6250 -7.999 -0.0001 0 NA
345.00 0.04348 345.1 0.03437 0 -8.000 -0.6250 -7.999 -0.0002 0 NA
350.00 0.04286 350.1 0.03797 0 -8.000 -0.6250 -7.999 -0.0001 0 NA
355.00 0.04225 355.0 0.04150 0 -8.000 -0.6250 -7.999 -0.0001 0 NA
360.00 0.04167 354.0 0.04002 1 -8.000 -0.6250 -7.999 -0.0001 0 NA
