% * Sample: 6E5P_10
% * Date / time: 2024-02-04 12:38:37.938180
% * R2CONTROL =  NOT SPECIFIED
% Column 1:  PSU1 nominal voltage setting (V)
% Column 2:  PSU1 nominal current setting (A)
% Column 3:  PSU1 voltage measurement (V)
% Column 4:  PSU1 current measurement (I)
% Column 5:  PSU1 limiter flag
% Column 6:  PSU2 nominal voltage setting (V)
% Column 7:  PSU2 nominal current setting (A)
% Column 8:  PSU2 voltage measurement (V)
% Column 9:  PSU2 current measurement (I)
% Column 10: PSU2 limiter flag
% Column 11: Heaterblock temperature (°C)
% * OPERATING POINT AT END OF PREHEAT / IDLE: U1 = 200.1 V  I1 = 0.03001 A  U2 = -3.650 V  I2 = -0.0002 A  T = NA °C
0.00 0.10000 0.1 0.00000 0 -0.000 -1.0000 -0.000 -0.0002 0 NA
5.00 0.10000 5.1 0.00000 0 -0.000 -1.0000 -0.000 -0.0001 0 NA
10.00 0.10000 10.1 0.00006 0 -0.000 -1.0000 -0.000 -0.0001 0 NA
15.00 0.10000 15.1 0.00011 0 -0.000 -1.0000 -0.000 -0.0001 0 NA
20.00 0.10000 20.1 0.00026 0 -0.000 -1.0000 -0.000 -0.0001 0 NA
25.00 0.10000 25.1 0.00061 0 -0.000 -1.0000 -0.000 -0.0001 0 NA
30.00 0.10000 30.1 0.00130 0 -0.000 -1.0000 -0.000 -0.0001 0 NA
35.00 0.10000 35.1 0.00253 0 -0.000 -1.0000 -0.000 -0.0001 0 NA
40.00 0.10000 40.0 0.00440 0 -0.000 -1.0000 -0.000 -0.0001 0 NA
45.00 0.10000 45.0 0.00686 0 -0.000 -1.0000 -0.000 -0.0001 0 NA
50.00 0.10000 50.0 0.00995 0 -0.000 -1.0000 -0.000 -0.0001 0 NA
55.00 0.10000 55.0 0.01369 0 -0.000 -1.0000 -0.000 -0.0001 0 NA
60.00 0.10000 60.0 0.01793 0 -0.000 -1.0000 -0.000 -0.0001 0 NA
65.00 0.10000 65.0 0.02246 0 -0.000 -1.0000 -0.000 -0.0001 0 NA
70.00 0.10000 70.1 0.02724 0 -0.000 -1.0000 -0.000 -0.0001 0 NA
75.00 0.10000 75.1 0.03215 0 -0.000 -1.0000 -0.000 -0.0001 0 NA
80.00 0.10000 80.1 0.03725 0 -0.000 -1.0000 -0.000 -0.0001 0 NA
85.00 0.10000 85.1 0.04249 0 -0.000 -1.0000 -0.000 -0.0001 0 NA
90.00 0.10000 90.1 0.04789 0 -0.000 -1.0000 -0.000 -0.0001 0 NA
95.00 0.10000 95.1 0.05323 0 -0.000 -1.0000 -0.000 -0.0001 0 NA
100.00 0.10000 100.1 0.05884 0 -0.000 -1.0000 -0.000 -0.0001 0 NA
105.00 0.10000 105.1 0.06459 0 -0.000 -1.0000 -0.000 -0.0001 0 NA
110.00 0.10000 110.1 0.07039 0 -0.000 -1.0000 -0.000 -0.0001 0 NA
115.00 0.10000 115.1 0.07625 0 -0.000 -1.0000 -0.000 -0.0001 0 NA
120.00 0.10000 120.1 0.08229 0 -0.000 -1.0000 -0.000 -0.0001 0 NA
125.00 0.10000 125.1 0.08828 0 -0.000 -1.0000 -0.000 -0.0001 0 NA
130.00 0.10000 130.1 0.09434 0 -0.000 -1.0000 -0.000 -0.0001 0 NA
135.00 0.10000 135.1 0.10058 1 -0.000 -1.0000 -0.000 -0.0001 0 NA
0.00 0.10000 0.1 0.00000 0 -0.500 -1.0000 -0.499 -0.0002 0 NA
5.00 0.10000 5.1 0.00000 0 -0.500 -1.0000 -0.499 -0.0001 0 NA
10.00 0.10000 10.1 0.00000 0 -0.500 -1.0000 -0.499 -0.0001 0 NA
15.00 0.10000 15.1 0.00000 0 -0.500 -1.0000 -0.499 -0.0002 0 NA
20.00 0.10000 20.1 0.00000 0 -0.500 -1.0000 -0.499 -0.0001 0 NA
25.00 0.10000 25.1 0.00007 0 -0.500 -1.0000 -0.499 -0.0001 0 NA
30.00 0.10000 30.1 0.00014 0 -0.500 -1.0000 -0.499 -0.0002 0 NA
35.00 0.10000 35.1 0.00029 0 -0.500 -1.0000 -0.499 -0.0002 0 NA
40.00 0.10000 40.0 0.00066 0 -0.500 -1.0000 -0.499 -0.0002 0 NA
45.00 0.10000 45.0 0.00134 0 -0.500 -1.0000 -0.499 -0.0001 0 NA
50.00 0.10000 50.1 0.00248 0 -0.500 -1.0000 -0.499 -0.0001 0 NA
55.00 0.10000 55.0 0.00411 0 -0.500 -1.0000 -0.499 -0.0001 0 NA
60.00 0.10000 60.0 0.00628 0 -0.500 -1.0000 -0.499 -0.0002 0 NA
65.00 0.10000 65.0 0.00900 0 -0.500 -1.0000 -0.499 -0.0002 0 NA
70.00 0.10000 70.1 0.01229 0 -0.500 -1.0000 -0.499 -0.0002 0 NA
75.00 0.10000 75.1 0.01616 0 -0.500 -1.0000 -0.499 -0.0001 0 NA
80.00 0.10000 80.1 0.02047 0 -0.500 -1.0000 -0.499 -0.0002 0 NA
85.00 0.10000 85.1 0.02507 0 -0.500 -1.0000 -0.499 -0.0001 0 NA
90.00 0.10000 90.1 0.02985 0 -0.500 -1.0000 -0.499 -0.0002 0 NA
95.00 0.10000 95.1 0.03478 0 -0.500 -1.0000 -0.500 -0.0002 0 NA
100.00 0.10000 100.1 0.03990 0 -0.500 -1.0000 -0.499 -0.0002 0 NA
105.00 0.10000 105.1 0.04513 0 -0.500 -1.0000 -0.499 -0.0002 0 NA
110.00 0.10000 110.1 0.05047 0 -0.500 -1.0000 -0.499 -0.0001 0 NA
115.00 0.10000 115.1 0.05593 0 -0.500 -1.0000 -0.500 -0.0002 0 NA
120.00 0.10000 120.1 0.06154 0 -0.500 -1.0000 -0.500 -0.0001 0 NA
125.00 0.10000 125.1 0.06716 0 -0.500 -1.0000 -0.499 -0.0002 0 NA
130.00 0.10000 130.1 0.07288 0 -0.500 -1.0000 -0.499 -0.0002 0 NA
135.00 0.10000 135.1 0.07877 0 -0.500 -1.0000 -0.499 -0.0001 0 NA
140.00 0.10000 140.1 0.08462 0 -0.500 -1.0000 -0.499 -0.0002 0 NA
145.00 0.10000 145.1 0.09076 0 -0.500 -1.0000 -0.499 -0.0001 0 NA
150.00 0.10000 150.1 0.09677 0 -0.500 -1.0000 -0.499 -0.0001 0 NA
155.00 0.09677 152.8 0.10005 1 -0.500 -1.0000 -0.499 -0.0001 0 NA
0.00 0.10000 0.1 0.00000 0 -1.000 -1.0000 -1.000 -0.0002 0 NA
5.00 0.10000 5.1 0.00000 0 -1.000 -1.0000 -1.000 -0.0001 0 NA
10.00 0.10000 10.1 0.00000 0 -1.000 -1.0000 -1.000 -0.0002 0 NA
15.00 0.10000 15.1 0.00000 0 -1.000 -1.0000 -1.000 -0.0002 0 NA
20.00 0.10000 20.1 0.00000 0 -1.000 -1.0000 -1.000 -0.0002 0 NA
25.00 0.10000 25.1 0.00000 0 -1.000 -1.0000 -0.999 -0.0002 0 NA
30.00 0.10000 30.1 0.00000 0 -1.000 -1.0000 -1.000 -0.0001 0 NA
35.00 0.10000 35.1 0.00005 0 -1.000 -1.0000 -1.000 -0.0002 0 NA
40.00 0.10000 40.0 0.00007 0 -1.000 -1.0000 -1.000 -0.0001 0 NA
45.00 0.10000 45.0 0.00014 0 -1.000 -1.0000 -1.000 -0.0002 0 NA
50.00 0.10000 50.0 0.00030 0 -1.000 -1.0000 -1.000 -0.0001 0 NA
55.00 0.10000 55.0 0.00064 0 -1.000 -1.0000 -1.000 -0.0002 0 NA
60.00 0.10000 60.0 0.00125 0 -1.000 -1.0000 -0.999 -0.0002 0 NA
65.00 0.10000 65.0 0.00224 0 -1.000 -1.0000 -1.000 -0.0002 0 NA
70.00 0.10000 70.1 0.00368 0 -1.000 -1.0000 -1.000 -0.0002 0 NA
75.00 0.10000 75.1 0.00560 0 -1.000 -1.0000 -0.999 -0.0001 0 NA
80.00 0.10000 80.1 0.00803 0 -1.000 -1.0000 -1.000 -0.0002 0 NA
85.00 0.10000 85.1 0.01097 0 -1.000 -1.0000 -1.000 -0.0002 0 NA
90.00 0.10000 90.1 0.01444 0 -1.000 -1.0000 -1.000 -0.0001 0 NA
95.00 0.10000 95.1 0.01840 0 -1.000 -1.0000 -1.000 -0.0002 0 NA
100.00 0.10000 100.1 0.02276 0 -1.000 -1.0000 -1.000 -0.0001 0 NA
105.00 0.10000 105.1 0.02741 0 -1.000 -1.0000 -1.000 -0.0001 0 NA
110.00 0.10000 110.1 0.03224 0 -1.000 -1.0000 -1.000 -0.0001 0 NA
115.00 0.10000 115.1 0.03720 0 -1.000 -1.0000 -0.999 -0.0001 0 NA
120.00 0.10000 120.1 0.04231 0 -1.000 -1.0000 -1.000 -0.0002 0 NA
125.00 0.10000 125.1 0.04758 0 -1.000 -1.0000 -0.999 -0.0001 0 NA
130.00 0.10000 130.1 0.05291 0 -1.000 -1.0000 -1.000 -0.0002 0 NA
135.00 0.10000 135.1 0.05834 0 -1.000 -1.0000 -1.000 -0.0001 0 NA
140.00 0.10000 140.1 0.06394 0 -1.000 -1.0000 -0.999 -0.0001 0 NA
145.00 0.10000 145.1 0.06972 0 -1.000 -1.0000 -1.000 -0.0001 0 NA
150.00 0.10000 150.1 0.07542 0 -1.000 -1.0000 -1.000 -0.0001 0 NA
155.00 0.09677 155.1 0.08142 0 -1.000 -1.0000 -1.000 -0.0002 0 NA
160.00 0.09375 160.1 0.08749 0 -1.000 -1.0000 -1.000 -0.0002 0 NA
165.00 0.09091 165.1 0.09369 1 -1.000 -1.0000 -0.999 -0.0002 0 NA
0.00 0.10000 0.1 0.00000 0 -1.500 -1.0000 -1.500 -0.0002 0 NA
5.00 0.10000 5.1 0.00000 0 -1.500 -1.0000 -1.500 -0.0002 0 NA
10.00 0.10000 10.1 0.00000 0 -1.500 -1.0000 -1.499 -0.0002 0 NA
15.00 0.10000 15.1 0.00000 0 -1.500 -1.0000 -1.499 -0.0001 0 NA
20.00 0.10000 20.1 0.00000 0 -1.500 -1.0000 -1.499 -0.0002 0 NA
25.00 0.10000 25.1 0.00000 0 -1.500 -1.0000 -1.499 -0.0001 0 NA
30.00 0.10000 30.1 0.00000 0 -1.500 -1.0000 -1.499 -0.0001 0 NA
35.00 0.10000 35.1 0.00000 0 -1.500 -1.0000 -1.499 -0.0001 0 NA
40.00 0.10000 40.0 0.00000 0 -1.500 -1.0000 -1.500 -0.0001 0 NA
45.00 0.10000 45.0 0.00000 0 -1.500 -1.0000 -1.499 -0.0001 0 NA
50.00 0.10000 50.0 0.00005 0 -1.500 -1.0000 -1.499 -0.0002 0 NA
55.00 0.10000 55.0 0.00008 0 -1.500 -1.0000 -1.499 -0.0001 0 NA
60.00 0.10000 60.0 0.00014 0 -1.500 -1.0000 -1.499 -0.0001 0 NA
65.00 0.10000 65.0 0.00029 0 -1.500 -1.0000 -1.499 -0.0002 0 NA
70.00 0.10000 70.1 0.00059 0 -1.500 -1.0000 -1.499 -0.0001 0 NA
75.00 0.10000 75.1 0.00112 0 -1.500 -1.0000 -1.499 -0.0001 0 NA
80.00 0.10000 80.1 0.00197 0 -1.500 -1.0000 -1.499 -0.0001 0 NA
85.00 0.10000 85.1 0.00322 0 -1.500 -1.0000 -1.500 -0.0002 0 NA
90.00 0.10000 90.1 0.00490 0 -1.500 -1.0000 -1.499 -0.0002 0 NA
95.00 0.10000 95.1 0.00704 0 -1.500 -1.0000 -1.499 -0.0001 0 NA
100.00 0.10000 100.1 0.00966 0 -1.500 -1.0000 -1.499 -0.0001 0 NA
105.00 0.10000 105.1 0.01275 0 -1.500 -1.0000 -1.499 -0.0002 0 NA
110.00 0.10000 110.1 0.01632 0 -1.500 -1.0000 -1.499 -0.0002 0 NA
115.00 0.10000 115.1 0.02037 0 -1.500 -1.0000 -1.499 -0.0002 0 NA
120.00 0.10000 120.1 0.02476 0 -1.500 -1.0000 -1.499 -0.0002 0 NA
125.00 0.10000 125.1 0.02938 0 -1.500 -1.0000 -1.499 -0.0001 0 NA
130.00 0.10000 130.1 0.03419 0 -1.500 -1.0000 -1.499 -0.0002 0 NA
135.00 0.10000 135.1 0.03920 0 -1.500 -1.0000 -1.499 -0.0001 0 NA
140.00 0.10000 140.1 0.04428 0 -1.500 -1.0000 -1.499 -0.0002 0 NA
145.00 0.10000 145.1 0.04945 0 -1.500 -1.0000 -1.499 -0.0001 0 NA
150.00 0.10000 150.1 0.05482 0 -1.500 -1.0000 -1.500 -0.0002 0 NA
155.00 0.09677 155.1 0.06067 0 -1.500 -1.0000 -1.499 -0.0001 0 NA
160.00 0.09375 160.1 0.06628 0 -1.500 -1.0000 -1.499 -0.0001 0 NA
165.00 0.09091 165.1 0.07190 0 -1.500 -1.0000 -1.499 -0.0001 0 NA
170.00 0.08824 170.1 0.07790 0 -1.500 -1.0000 -1.499 -0.0001 0 NA
175.00 0.08571 172.2 0.08004 1 -1.500 -1.0000 -1.499 -0.0002 0 NA
0.00 0.10000 0.1 0.00000 0 -2.000 -1.0000 -1.999 -0.0001 0 NA
5.00 0.10000 5.1 0.00000 0 -2.000 -1.0000 -1.999 -0.0001 0 NA
10.00 0.10000 10.1 0.00000 0 -2.000 -1.0000 -1.999 -0.0001 0 NA
15.00 0.10000 15.1 0.00000 0 -2.000 -1.0000 -1.999 -0.0002 0 NA
20.00 0.10000 20.1 0.00000 0 -2.000 -1.0000 -1.999 -0.0002 0 NA
25.00 0.10000 25.1 0.00000 0 -2.000 -1.0000 -1.999 -0.0001 0 NA
30.00 0.10000 30.1 0.00000 0 -2.000 -1.0000 -2.000 -0.0001 0 NA
35.00 0.10000 35.1 0.00000 0 -2.000 -1.0000 -1.999 -0.0001 0 NA
40.00 0.10000 40.0 0.00000 0 -2.000 -1.0000 -2.000 -0.0001 0 NA
45.00 0.10000 45.0 0.00000 0 -2.000 -1.0000 -1.999 -0.0002 0 NA
50.00 0.10000 50.0 0.00000 0 -2.000 -1.0000 -2.000 -0.0002 0 NA
55.00 0.10000 55.0 0.00000 0 -2.000 -1.0000 -1.999 -0.0001 0 NA
60.00 0.10000 60.0 0.00000 0 -2.000 -1.0000 -1.999 -0.0002 0 NA
65.00 0.10000 65.0 0.00006 0 -2.000 -1.0000 -1.999 -0.0002 0 NA
70.00 0.10000 70.1 0.00008 0 -2.000 -1.0000 -1.999 -0.0002 0 NA
75.00 0.10000 75.1 0.00014 0 -2.000 -1.0000 -1.999 -0.0002 0 NA
80.00 0.10000 80.1 0.00028 0 -2.000 -1.0000 -1.999 -0.0002 0 NA
85.00 0.10000 85.1 0.00054 0 -2.000 -1.0000 -1.999 -0.0002 0 NA
90.00 0.10000 90.1 0.00100 0 -2.000 -1.0000 -1.999 -0.0001 0 NA
95.00 0.10000 95.1 0.00174 0 -2.000 -1.0000 -1.999 -0.0001 0 NA
100.00 0.10000 100.1 0.00283 0 -2.000 -1.0000 -1.999 -0.0002 0 NA
105.00 0.10000 105.1 0.00431 0 -2.000 -1.0000 -1.999 -0.0001 0 NA
110.00 0.10000 110.1 0.00623 0 -2.000 -1.0000 -2.000 -0.0002 0 NA
115.00 0.10000 115.1 0.00858 0 -2.000 -1.0000 -1.999 -0.0001 0 NA
120.00 0.10000 120.1 0.01138 0 -2.000 -1.0000 -1.999 -0.0001 0 NA
125.00 0.10000 125.1 0.01460 0 -2.000 -1.0000 -1.999 -0.0002 0 NA
130.00 0.10000 130.1 0.01826 0 -2.000 -1.0000 -1.999 -0.0001 0 NA
135.00 0.10000 135.1 0.02238 0 -2.000 -1.0000 -1.999 -0.0002 0 NA
140.00 0.10000 140.1 0.02679 0 -2.000 -1.0000 -1.999 -0.0002 0 NA
145.00 0.10000 145.1 0.03142 0 -2.000 -1.0000 -1.999 -0.0002 0 NA
150.00 0.10000 150.1 0.03622 0 -2.000 -1.0000 -1.999 -0.0002 0 NA
155.00 0.09677 155.1 0.04123 0 -2.000 -1.0000 -1.999 -0.0001 0 NA
160.00 0.09375 160.1 0.04665 0 -2.000 -1.0000 -1.999 -0.0002 0 NA
165.00 0.09091 165.1 0.05214 0 -2.000 -1.0000 -1.999 -0.0002 0 NA
170.00 0.08824 170.1 0.05756 0 -2.000 -1.0000 -1.999 -0.0002 0 NA
175.00 0.08571 175.1 0.06316 0 -2.000 -1.0000 -2.000 -0.0002 0 NA
180.00 0.08333 180.1 0.06857 0 -2.000 -1.0000 -1.999 -0.0001 0 NA
185.00 0.08108 185.1 0.07418 0 -2.000 -1.0000 -1.999 -0.0002 0 NA
190.00 0.07895 190.1 0.08001 1 -2.000 -1.0000 -1.999 -0.0001 0 NA
0.00 0.10000 0.1 0.00000 0 -2.500 -1.0000 -2.499 -0.0002 0 NA
5.00 0.10000 5.1 0.00000 0 -2.500 -1.0000 -2.499 -0.0002 0 NA
10.00 0.10000 10.1 0.00000 0 -2.500 -1.0000 -2.499 -0.0002 0 NA
15.00 0.10000 15.1 0.00000 0 -2.500 -1.0000 -2.499 -0.0001 0 NA
20.00 0.10000 20.1 0.00000 0 -2.500 -1.0000 -2.499 -0.0002 0 NA
25.00 0.10000 25.1 0.00000 0 -2.500 -1.0000 -2.499 -0.0002 0 NA
30.00 0.10000 30.1 0.00000 0 -2.500 -1.0000 -2.499 -0.0002 0 NA
35.00 0.10000 35.1 0.00000 0 -2.500 -1.0000 -2.499 -0.0002 0 NA
40.00 0.10000 40.0 0.00000 0 -2.500 -1.0000 -2.499 -0.0001 0 NA
45.00 0.10000 45.0 0.00000 0 -2.500 -1.0000 -2.499 -0.0001 0 NA
50.00 0.10000 50.0 0.00000 0 -2.500 -1.0000 -2.499 -0.0001 0 NA
55.00 0.10000 55.0 0.00000 0 -2.500 -1.0000 -2.499 -0.0001 0 NA
60.00 0.10000 60.0 0.00000 0 -2.500 -1.0000 -2.499 -0.0002 0 NA
65.00 0.10000 65.0 0.00000 0 -2.500 -1.0000 -2.499 -0.0002 0 NA
70.00 0.10000 70.1 0.00000 0 -2.500 -1.0000 -2.499 -0.0002 0 NA
75.00 0.10000 75.1 0.00000 0 -2.500 -1.0000 -2.499 -0.0001 0 NA
80.00 0.10000 80.1 0.00006 0 -2.500 -1.0000 -2.499 -0.0002 0 NA
85.00 0.10000 85.1 0.00008 0 -2.500 -1.0000 -2.499 -0.0001 0 NA
90.00 0.10000 90.1 0.00014 0 -2.500 -1.0000 -2.499 -0.0002 0 NA
95.00 0.10000 95.1 0.00027 0 -2.500 -1.0000 -2.499 -0.0001 0 NA
100.00 0.10000 100.1 0.00049 0 -2.500 -1.0000 -2.499 -0.0001 0 NA
105.00 0.10000 105.1 0.00091 0 -2.500 -1.0000 -2.499 -0.0002 0 NA
110.00 0.10000 110.1 0.00156 0 -2.500 -1.0000 -2.499 -0.0001 0 NA
115.00 0.10000 115.1 0.00251 0 -2.500 -1.0000 -2.499 -0.0001 0 NA
120.00 0.10000 120.1 0.00383 0 -2.500 -1.0000 -2.499 -0.0001 0 NA
125.00 0.10000 125.1 0.00553 0 -2.500 -1.0000 -2.499 -0.0002 0 NA
130.00 0.10000 130.1 0.00766 0 -2.500 -1.0000 -2.499 -0.0001 0 NA
135.00 0.10000 135.1 0.01019 0 -2.500 -1.0000 -2.499 -0.0001 0 NA
140.00 0.10000 140.1 0.01316 0 -2.500 -1.0000 -2.499 -0.0001 0 NA
145.00 0.10000 145.1 0.01652 0 -2.500 -1.0000 -2.499 -0.0001 0 NA
150.00 0.10000 150.1 0.02028 0 -2.500 -1.0000 -2.499 -0.0002 0 NA
155.00 0.09677 155.1 0.02441 0 -2.500 -1.0000 -2.499 -0.0001 0 NA
160.00 0.09375 160.1 0.02906 0 -2.500 -1.0000 -2.499 -0.0002 0 NA
165.00 0.09091 165.1 0.03370 0 -2.500 -1.0000 -2.499 -0.0001 0 NA
170.00 0.08824 170.1 0.03873 0 -2.500 -1.0000 -2.499 -0.0002 0 NA
175.00 0.08571 175.1 0.04396 0 -2.500 -1.0000 -2.499 -0.0001 0 NA
180.00 0.08333 180.1 0.04906 0 -2.500 -1.0000 -2.499 -0.0001 0 NA
185.00 0.08108 185.1 0.05422 0 -2.500 -1.0000 -2.499 -0.0001 0 NA
190.00 0.07895 190.1 0.05951 0 -2.500 -1.0000 -2.499 -0.0001 0 NA
195.00 0.07692 195.1 0.06495 0 -2.500 -1.0000 -2.499 -0.0001 0 NA
200.00 0.07500 200.1 0.07037 0 -2.500 -1.0000 -2.499 -0.0001 0 NA
205.00 0.07317 205.1 0.07592 1 -2.500 -1.0000 -2.499 -0.0002 0 NA
0.00 0.10000 0.1 0.00000 0 -3.000 -1.0000 -3.000 -0.0002 0 NA
5.00 0.10000 5.1 0.00000 0 -3.000 -1.0000 -3.000 -0.0002 0 NA
10.00 0.10000 10.1 0.00000 0 -3.000 -1.0000 -3.000 -0.0001 0 NA
15.00 0.10000 15.1 0.00000 0 -3.000 -1.0000 -3.000 -0.0002 0 NA
20.00 0.10000 20.1 0.00000 0 -3.000 -1.0000 -3.000 -0.0002 0 NA
25.00 0.10000 25.1 0.00000 0 -3.000 -1.0000 -3.000 -0.0002 0 NA
30.00 0.10000 30.1 0.00000 0 -3.000 -1.0000 -3.000 -0.0002 0 NA
35.00 0.10000 35.1 0.00000 0 -3.000 -1.0000 -3.000 -0.0001 0 NA
40.00 0.10000 40.0 0.00000 0 -3.000 -1.0000 -3.000 -0.0001 0 NA
45.00 0.10000 45.0 0.00000 0 -3.000 -1.0000 -3.000 -0.0002 0 NA
50.00 0.10000 50.0 0.00000 0 -3.000 -1.0000 -3.000 -0.0001 0 NA
55.00 0.10000 55.0 0.00000 0 -3.000 -1.0000 -3.000 -0.0002 0 NA
60.00 0.10000 60.0 0.00000 0 -3.000 -1.0000 -3.000 -0.0002 0 NA
65.00 0.10000 65.0 0.00000 0 -3.000 -1.0000 -3.000 -0.0001 0 NA
70.00 0.10000 70.1 0.00000 0 -3.000 -1.0000 -3.000 -0.0002 0 NA
75.00 0.10000 75.1 0.00000 0 -3.000 -1.0000 -3.000 -0.0002 0 NA
80.00 0.10000 80.1 0.00000 0 -3.000 -1.0000 -3.000 -0.0001 0 NA
85.00 0.10000 85.1 0.00000 0 -3.000 -1.0000 -3.000 -0.0001 0 NA
90.00 0.10000 90.1 0.00000 0 -3.000 -1.0000 -3.000 -0.0001 0 NA
95.00 0.10000 95.1 0.00006 0 -3.000 -1.0000 -3.000 -0.0002 0 NA
100.00 0.10000 100.1 0.00008 0 -3.000 -1.0000 -3.000 -0.0001 0 NA
105.00 0.10000 105.1 0.00014 0 -3.000 -1.0000 -3.000 -0.0002 0 NA
110.00 0.10000 110.1 0.00024 0 -3.000 -1.0000 -3.000 -0.0001 0 NA
115.00 0.10000 115.1 0.00045 0 -3.000 -1.0000 -3.000 -0.0001 0 NA
120.00 0.10000 120.1 0.00081 0 -3.000 -1.0000 -3.000 -0.0001 0 NA
125.00 0.10000 125.1 0.00138 0 -3.000 -1.0000 -3.000 -0.0001 0 NA
130.00 0.10000 130.1 0.00222 0 -3.000 -1.0000 -3.000 -0.0002 0 NA
135.00 0.10000 135.1 0.00339 0 -3.000 -1.0000 -3.000 -0.0002 0 NA
140.00 0.10000 140.1 0.00492 0 -3.000 -1.0000 -3.001 -0.0001 0 NA
145.00 0.10000 145.1 0.00684 0 -3.000 -1.0000 -3.000 -0.0001 0 NA
150.00 0.10000 150.1 0.00915 0 -3.000 -1.0000 -3.000 -0.0002 0 NA
155.00 0.09677 155.1 0.01188 0 -3.000 -1.0000 -3.000 -0.0002 0 NA
160.00 0.09375 160.1 0.01497 0 -3.000 -1.0000 -3.000 -0.0002 0 NA
165.00 0.09091 165.1 0.01845 0 -3.000 -1.0000 -3.000 -0.0002 0 NA
170.00 0.08824 170.1 0.02264 0 -3.000 -1.0000 -3.000 -0.0001 0 NA
175.00 0.08571 175.1 0.02683 0 -3.000 -1.0000 -3.000 -0.0002 0 NA
180.00 0.08333 180.1 0.03130 0 -3.000 -1.0000 -3.000 -0.0002 0 NA
185.00 0.08108 185.1 0.03596 0 -3.000 -1.0000 -3.000 -0.0001 0 NA
190.00 0.07895 190.1 0.04078 0 -3.000 -1.0000 -3.000 -0.0001 0 NA
195.00 0.07692 195.1 0.04578 0 -3.000 -1.0000 -3.000 -0.0002 0 NA
200.00 0.07500 200.1 0.05080 0 -3.000 -1.0000 -3.000 -0.0002 0 NA
205.00 0.07317 205.1 0.05593 0 -3.000 -1.0000 -3.000 -0.0001 0 NA
210.00 0.07143 210.1 0.06120 0 -3.000 -1.0000 -3.000 -0.0001 0 NA
215.00 0.06977 209.5 0.06003 1 -3.000 -1.0000 -3.000 -0.0002 0 NA
0.00 0.10000 0.1 0.00000 0 -3.500 -1.0000 -3.500 -0.0002 0 NA
5.00 0.10000 5.1 0.00000 0 -3.500 -1.0000 -3.500 -0.0002 0 NA
10.00 0.10000 10.1 0.00000 0 -3.500 -1.0000 -3.500 -0.0002 0 NA
15.00 0.10000 15.1 0.00000 0 -3.500 -1.0000 -3.500 -0.0001 0 NA
20.00 0.10000 20.1 0.00000 0 -3.500 -1.0000 -3.500 -0.0001 0 NA
25.00 0.10000 25.1 0.00000 0 -3.500 -1.0000 -3.500 -0.0002 0 NA
30.00 0.10000 30.1 0.00000 0 -3.500 -1.0000 -3.500 -0.0001 0 NA
35.00 0.10000 35.1 0.00000 0 -3.500 -1.0000 -3.500 -0.0002 0 NA
40.00 0.10000 40.0 0.00000 0 -3.500 -1.0000 -3.500 -0.0001 0 NA
45.00 0.10000 45.0 0.00000 0 -3.500 -1.0000 -3.500 -0.0001 0 NA
50.00 0.10000 50.0 0.00000 0 -3.500 -1.0000 -3.500 -0.0002 0 NA
55.00 0.10000 55.0 0.00000 0 -3.500 -1.0000 -3.500 -0.0001 0 NA
60.00 0.10000 60.0 0.00000 0 -3.500 -1.0000 -3.500 -0.0002 0 NA
65.00 0.10000 65.0 0.00000 0 -3.500 -1.0000 -3.500 -0.0002 0 NA
70.00 0.10000 70.1 0.00000 0 -3.500 -1.0000 -3.500 -0.0001 0 NA
75.00 0.10000 75.1 0.00000 0 -3.500 -1.0000 -3.500 -0.0002 0 NA
80.00 0.10000 80.1 0.00000 0 -3.500 -1.0000 -3.500 -0.0002 0 NA
85.00 0.10000 85.1 0.00000 0 -3.500 -1.0000 -3.500 -0.0002 0 NA
90.00 0.10000 90.1 0.00000 0 -3.500 -1.0000 -3.500 -0.0002 0 NA
95.00 0.10000 95.1 0.00000 0 -3.500 -1.0000 -3.500 -0.0002 0 NA
100.00 0.10000 100.1 0.00000 0 -3.500 -1.0000 -3.500 -0.0001 0 NA
105.00 0.10000 105.1 0.00000 0 -3.500 -1.0000 -3.500 -0.0002 0 NA
110.00 0.10000 110.1 0.00005 0 -3.500 -1.0000 -3.500 -0.0001 0 NA
115.00 0.10000 115.1 0.00007 0 -3.500 -1.0000 -3.500 -0.0001 0 NA
120.00 0.10000 120.1 0.00013 0 -3.500 -1.0000 -3.500 -0.0002 0 NA
125.00 0.10000 125.1 0.00022 0 -3.500 -1.0000 -3.500 -0.0002 0 NA
130.00 0.10000 130.1 0.00042 0 -3.500 -1.0000 -3.500 -0.0001 0 NA
135.00 0.10000 135.1 0.00073 0 -3.500 -1.0000 -3.500 -0.0002 0 NA
140.00 0.10000 140.1 0.00123 0 -3.500 -1.0000 -3.500 -0.0002 0 NA
145.00 0.10000 145.1 0.00198 0 -3.500 -1.0000 -3.500 -0.0001 0 NA
150.00 0.10000 150.1 0.00303 0 -3.500 -1.0000 -3.500 -0.0002 0 NA
155.00 0.09677 155.1 0.00440 0 -3.500 -1.0000 -3.500 -0.0001 0 NA
160.00 0.09375 160.1 0.00614 0 -3.500 -1.0000 -3.500 -0.0001 0 NA
165.00 0.09091 165.1 0.00826 0 -3.500 -1.0000 -3.500 -0.0002 0 NA
170.00 0.08824 170.1 0.01076 0 -3.500 -1.0000 -3.500 -0.0001 0 NA
175.00 0.08571 175.1 0.01362 0 -3.500 -1.0000 -3.500 -0.0002 0 NA
180.00 0.08333 180.1 0.01700 0 -3.500 -1.0000 -3.500 -0.0001 0 NA
185.00 0.08108 185.1 0.02058 0 -3.500 -1.0000 -3.500 -0.0001 0 NA
190.00 0.07895 190.1 0.02451 0 -3.500 -1.0000 -3.500 -0.0001 0 NA
195.00 0.07692 195.1 0.02870 0 -3.500 -1.0000 -3.500 -0.0001 0 NA
200.00 0.07500 200.1 0.03321 0 -3.500 -1.0000 -3.500 -0.0001 0 NA
205.00 0.07317 205.1 0.03755 0 -3.500 -1.0000 -3.500 -0.0002 0 NA
210.00 0.07143 210.1 0.04252 0 -3.500 -1.0000 -3.500 -0.0001 0 NA
215.00 0.06977 215.1 0.04738 0 -3.500 -1.0000 -3.500 -0.0001 0 NA
220.00 0.06818 220.1 0.05231 0 -3.500 -1.0000 -3.500 -0.0002 0 NA
225.00 0.06667 225.1 0.05748 0 -3.500 -1.0000 -3.500 -0.0001 0 NA
230.00 0.06522 228.1 0.06003 1 -3.500 -1.0000 -3.500 -0.0001 0 NA
0.00 0.10000 0.1 0.00000 0 -4.000 -1.0000 -4.000 -0.0001 0 NA
5.00 0.10000 5.1 0.00000 0 -4.000 -1.0000 -4.000 -0.0002 0 NA
10.00 0.10000 10.1 0.00000 0 -4.000 -1.0000 -4.000 -0.0001 0 NA
15.00 0.10000 15.1 0.00000 0 -4.000 -1.0000 -4.000 -0.0001 0 NA
20.00 0.10000 20.1 0.00000 0 -4.000 -1.0000 -4.000 -0.0001 0 NA
25.00 0.10000 25.1 0.00000 0 -4.000 -1.0000 -4.000 -0.0001 0 NA
30.00 0.10000 30.1 0.00000 0 -4.000 -1.0000 -4.000 -0.0002 0 NA
35.00 0.10000 35.1 0.00000 0 -4.000 -1.0000 -4.000 -0.0001 0 NA
40.00 0.10000 40.0 0.00000 0 -4.000 -1.0000 -4.000 -0.0001 0 NA
45.00 0.10000 45.0 0.00000 0 -4.000 -1.0000 -4.000 -0.0001 0 NA
50.00 0.10000 50.0 0.00000 0 -4.000 -1.0000 -4.000 -0.0001 0 NA
55.00 0.10000 55.0 0.00000 0 -4.000 -1.0000 -4.001 -0.0002 0 NA
60.00 0.10000 60.0 0.00000 0 -4.000 -1.0000 -4.000 -0.0001 0 NA
65.00 0.10000 65.0 0.00000 0 -4.000 -1.0000 -4.000 -0.0001 0 NA
70.00 0.10000 70.1 0.00000 0 -4.000 -1.0000 -4.000 -0.0001 0 NA
75.00 0.10000 75.1 0.00000 0 -4.000 -1.0000 -4.000 -0.0002 0 NA
80.00 0.10000 80.1 0.00000 0 -4.000 -1.0000 -4.000 -0.0002 0 NA
85.00 0.10000 85.1 0.00000 0 -4.000 -1.0000 -4.000 -0.0001 0 NA
90.00 0.10000 90.1 0.00000 0 -4.000 -1.0000 -4.000 -0.0001 0 NA
95.00 0.10000 95.1 0.00000 0 -4.000 -1.0000 -4.000 -0.0002 0 NA
100.00 0.10000 100.1 0.00000 0 -4.000 -1.0000 -4.000 -0.0001 0 NA
105.00 0.10000 105.1 0.00000 0 -4.000 -1.0000 -4.000 -0.0001 0 NA
110.00 0.10000 110.1 0.00000 0 -4.000 -1.0000 -4.000 -0.0001 0 NA
115.00 0.10000 115.1 0.00000 0 -4.000 -1.0000 -4.000 -0.0002 0 NA
120.00 0.10000 120.1 0.00000 0 -4.000 -1.0000 -4.000 -0.0002 0 NA
125.00 0.10000 125.1 0.00006 0 -4.000 -1.0000 -4.000 -0.0001 0 NA
130.00 0.10000 130.1 0.00007 0 -4.000 -1.0000 -4.000 -0.0001 0 NA
135.00 0.10000 135.1 0.00013 0 -4.000 -1.0000 -4.000 -0.0001 0 NA
140.00 0.10000 140.1 0.00021 0 -4.000 -1.0000 -4.000 -0.0001 0 NA
145.00 0.10000 145.1 0.00037 0 -4.000 -1.0000 -4.000 -0.0002 0 NA
150.00 0.10000 150.1 0.00066 0 -4.000 -1.0000 -4.000 -0.0001 0 NA
155.00 0.09677 155.1 0.00111 0 -4.000 -1.0000 -4.000 -0.0002 0 NA
160.00 0.09375 160.1 0.00177 0 -4.000 -1.0000 -4.000 -0.0001 0 NA
165.00 0.09091 165.1 0.00270 0 -4.000 -1.0000 -4.000 -0.0001 0 NA
170.00 0.08824 170.1 0.00395 0 -4.000 -1.0000 -4.000 -0.0002 0 NA
175.00 0.08571 175.1 0.00553 0 -4.000 -1.0000 -4.000 -0.0001 0 NA
180.00 0.08333 180.1 0.00746 0 -4.000 -1.0000 -4.000 -0.0002 0 NA
185.00 0.08108 185.1 0.00975 0 -4.000 -1.0000 -4.000 -0.0002 0 NA
190.00 0.07895 190.1 0.01248 0 -4.000 -1.0000 -4.000 -0.0002 0 NA
195.00 0.07692 195.1 0.01547 0 -4.000 -1.0000 -4.000 -0.0002 0 NA
200.00 0.07500 200.1 0.01887 0 -4.000 -1.0000 -4.000 -0.0002 0 NA
205.00 0.07317 205.1 0.02255 0 -4.000 -1.0000 -4.000 -0.0002 0 NA
210.00 0.07143 210.1 0.02647 0 -4.000 -1.0000 -4.000 -0.0001 0 NA
215.00 0.06977 215.1 0.03066 0 -4.000 -1.0000 -4.000 -0.0002 0 NA
220.00 0.06818 220.1 0.03515 0 -4.000 -1.0000 -4.000 -0.0001 0 NA
225.00 0.06667 225.1 0.03970 0 -4.000 -1.0000 -4.000 -0.0001 0 NA
230.00 0.06522 230.1 0.04437 0 -4.000 -1.0000 -4.000 -0.0001 0 NA
235.00 0.06383 235.1 0.04928 0 -4.000 -1.0000 -4.000 -0.0001 0 NA
240.00 0.06250 240.1 0.05411 0 -4.000 -1.0000 -4.000 -0.0002 0 NA
245.00 0.06122 245.1 0.05900 0 -4.000 -1.0000 -4.000 -0.0001 0 NA
250.00 0.06000 246.7 0.06003 1 -4.000 -1.0000 -4.000 -0.0001 0 NA
0.00 0.10000 0.1 0.00000 0 -4.500 -1.0000 -4.500 -0.0001 0 NA
5.00 0.10000 5.1 0.00000 0 -4.500 -1.0000 -4.500 -0.0002 0 NA
10.00 0.10000 10.1 0.00000 0 -4.500 -1.0000 -4.500 -0.0001 0 NA
15.00 0.10000 15.1 0.00000 0 -4.500 -1.0000 -4.500 -0.0001 0 NA
20.00 0.10000 20.1 0.00000 0 -4.500 -1.0000 -4.500 -0.0002 0 NA
25.00 0.10000 25.1 0.00000 0 -4.500 -1.0000 -4.500 -0.0002 0 NA
30.00 0.10000 30.1 0.00000 0 -4.500 -1.0000 -4.499 -0.0001 0 NA
35.00 0.10000 35.1 0.00000 0 -4.500 -1.0000 -4.500 -0.0001 0 NA
40.00 0.10000 40.0 0.00000 0 -4.500 -1.0000 -4.500 -0.0001 0 NA
45.00 0.10000 45.0 0.00000 0 -4.500 -1.0000 -4.500 -0.0002 0 NA
50.00 0.10000 50.0 0.00000 0 -4.500 -1.0000 -4.500 -0.0001 0 NA
55.00 0.10000 55.0 0.00000 0 -4.500 -1.0000 -4.499 -0.0001 0 NA
60.00 0.10000 60.0 0.00000 0 -4.500 -1.0000 -4.500 -0.0001 0 NA
65.00 0.10000 65.0 0.00000 0 -4.500 -1.0000 -4.500 -0.0002 0 NA
70.00 0.10000 70.1 0.00000 0 -4.500 -1.0000 -4.500 -0.0001 0 NA
75.00 0.10000 75.1 0.00000 0 -4.500 -1.0000 -4.500 -0.0001 0 NA
80.00 0.10000 80.1 0.00000 0 -4.500 -1.0000 -4.500 -0.0002 0 NA
85.00 0.10000 85.1 0.00000 0 -4.500 -1.0000 -4.500 -0.0002 0 NA
90.00 0.10000 90.1 0.00000 0 -4.500 -1.0000 -4.500 -0.0002 0 NA
95.00 0.10000 95.1 0.00000 0 -4.500 -1.0000 -4.500 -0.0002 0 NA
100.00 0.10000 100.1 0.00000 0 -4.500 -1.0000 -4.500 -0.0001 0 NA
105.00 0.10000 105.1 0.00000 0 -4.500 -1.0000 -4.499 -0.0001 0 NA
110.00 0.10000 110.1 0.00000 0 -4.500 -1.0000 -4.500 -0.0002 0 NA
115.00 0.10000 115.1 0.00000 0 -4.500 -1.0000 -4.500 -0.0001 0 NA
120.00 0.10000 120.1 0.00000 0 -4.500 -1.0000 -4.500 -0.0002 0 NA
125.00 0.10000 125.1 0.00000 0 -4.500 -1.0000 -4.500 -0.0001 0 NA
130.00 0.10000 130.1 0.00000 0 -4.500 -1.0000 -4.500 -0.0001 0 NA
135.00 0.10000 135.1 0.00000 0 -4.500 -1.0000 -4.500 -0.0001 0 NA
140.00 0.10000 140.1 0.00005 0 -4.500 -1.0000 -4.500 -0.0002 0 NA
145.00 0.10000 145.1 0.00007 0 -4.500 -1.0000 -4.500 -0.0001 0 NA
150.00 0.10000 150.1 0.00012 0 -4.500 -1.0000 -4.500 -0.0001 0 NA
155.00 0.09677 155.1 0.00021 0 -4.500 -1.0000 -4.500 -0.0001 0 NA
160.00 0.09375 160.1 0.00035 0 -4.500 -1.0000 -4.500 -0.0001 0 NA
165.00 0.09091 165.1 0.00062 0 -4.500 -1.0000 -4.500 -0.0001 0 NA
170.00 0.08824 170.1 0.00102 0 -4.500 -1.0000 -4.500 -0.0001 0 NA
175.00 0.08571 175.1 0.00163 0 -4.500 -1.0000 -4.500 -0.0002 0 NA
180.00 0.08333 180.1 0.00248 0 -4.500 -1.0000 -4.499 -0.0002 0 NA
185.00 0.08108 185.1 0.00362 0 -4.500 -1.0000 -4.499 -0.0001 0 NA
190.00 0.07895 190.1 0.00508 0 -4.500 -1.0000 -4.500 -0.0002 0 NA
195.00 0.07692 195.1 0.00686 0 -4.500 -1.0000 -4.499 -0.0002 0 NA
200.00 0.07500 200.1 0.00898 0 -4.500 -1.0000 -4.499 -0.0001 0 NA
205.00 0.07317 205.1 0.01148 0 -4.500 -1.0000 -4.499 -0.0002 0 NA
210.00 0.07143 210.1 0.01426 0 -4.500 -1.0000 -4.499 -0.0002 0 NA
215.00 0.06977 215.1 0.01739 0 -4.500 -1.0000 -4.499 -0.0001 0 NA
220.00 0.06818 220.1 0.02086 0 -4.500 -1.0000 -4.500 -0.0002 0 NA
225.00 0.06667 225.1 0.02458 0 -4.500 -1.0000 -4.499 -0.0001 0 NA
230.00 0.06522 230.1 0.02855 0 -4.500 -1.0000 -4.499 -0.0001 0 NA
235.00 0.06383 235.1 0.03274 0 -4.500 -1.0000 -4.500 -0.0001 0 NA
240.00 0.06250 240.1 0.03722 0 -4.500 -1.0000 -4.499 -0.0001 0 NA
245.00 0.06122 245.1 0.04171 0 -4.500 -1.0000 -4.500 -0.0001 0 NA
250.00 0.06000 250.1 0.04632 0 -4.500 -1.0000 -4.500 -0.0001 0 NA
255.00 0.05882 255.1 0.05117 0 -4.500 -1.0000 -4.500 -0.0001 0 NA
260.00 0.05769 260.1 0.05593 0 -4.500 -1.0000 -4.500 -0.0001 0 NA
265.00 0.05660 265.1 0.06077 1 -4.500 -1.0000 -4.499 -0.0001 0 NA
0.00 0.10000 0.1 0.00000 0 -5.000 -1.0000 -4.999 -0.0001 0 NA
5.00 0.10000 5.1 0.00000 0 -5.000 -1.0000 -4.999 -0.0002 0 NA
10.00 0.10000 10.1 0.00000 0 -5.000 -1.0000 -4.999 -0.0001 0 NA
15.00 0.10000 15.1 0.00000 0 -5.000 -1.0000 -4.999 -0.0001 0 NA
20.00 0.10000 20.1 0.00000 0 -5.000 -1.0000 -4.999 -0.0001 0 NA
25.00 0.10000 25.1 0.00000 0 -5.000 -1.0000 -4.999 -0.0002 0 NA
30.00 0.10000 30.1 0.00000 0 -5.000 -1.0000 -4.999 -0.0001 0 NA
35.00 0.10000 35.1 0.00000 0 -5.000 -1.0000 -4.999 -0.0001 0 NA
40.00 0.10000 40.0 0.00000 0 -5.000 -1.0000 -4.999 -0.0001 0 NA
45.00 0.10000 45.0 0.00000 0 -5.000 -1.0000 -4.999 -0.0001 0 NA
50.00 0.10000 50.0 0.00000 0 -5.000 -1.0000 -4.999 -0.0001 0 NA
55.00 0.10000 55.0 0.00000 0 -5.000 -1.0000 -5.000 -0.0002 0 NA
60.00 0.10000 60.0 0.00000 0 -5.000 -1.0000 -5.000 -0.0001 0 NA
65.00 0.10000 65.0 0.00000 0 -5.000 -1.0000 -5.000 -0.0001 0 NA
70.00 0.10000 70.1 0.00000 0 -5.000 -1.0000 -5.000 -0.0001 0 NA
75.00 0.10000 75.1 0.00000 0 -5.000 -1.0000 -5.000 -0.0001 0 NA
80.00 0.10000 80.1 0.00000 0 -5.000 -1.0000 -4.999 -0.0001 0 NA
85.00 0.10000 85.1 0.00000 0 -5.000 -1.0000 -5.000 -0.0001 0 NA
90.00 0.10000 90.1 0.00000 0 -5.000 -1.0000 -5.000 -0.0001 0 NA
95.00 0.10000 95.1 0.00000 0 -5.000 -1.0000 -4.999 -0.0001 0 NA
100.00 0.10000 100.1 0.00000 0 -5.000 -1.0000 -4.999 -0.0002 0 NA
105.00 0.10000 105.1 0.00000 0 -5.000 -1.0000 -4.999 -0.0002 0 NA
110.00 0.10000 110.1 0.00000 0 -5.000 -1.0000 -4.999 -0.0001 0 NA
115.00 0.10000 115.1 0.00000 0 -5.000 -1.0000 -4.999 -0.0001 0 NA
120.00 0.10000 120.1 0.00000 0 -5.000 -1.0000 -5.000 -0.0002 0 NA
125.00 0.10000 125.1 0.00000 0 -5.000 -1.0000 -5.000 -0.0002 0 NA
130.00 0.10000 130.1 0.00000 0 -5.000 -1.0000 -5.000 -0.0001 0 NA
135.00 0.10000 135.1 0.00000 0 -5.000 -1.0000 -4.999 -0.0001 0 NA
140.00 0.10000 140.1 0.00000 0 -5.000 -1.0000 -4.999 -0.0001 0 NA
145.00 0.10000 145.1 0.00000 0 -5.000 -1.0000 -4.999 -0.0001 0 NA
150.00 0.10000 150.1 0.00000 0 -5.000 -1.0000 -4.999 -0.0001 0 NA
155.00 0.09677 155.1 0.00006 0 -5.000 -1.0000 -5.000 -0.0001 0 NA
160.00 0.09375 160.1 0.00007 0 -5.000 -1.0000 -5.000 -0.0001 0 NA
165.00 0.09091 165.1 0.00012 0 -5.000 -1.0000 -4.999 -0.0001 0 NA
170.00 0.08824 170.1 0.00020 0 -5.000 -1.0000 -4.999 -0.0002 0 NA
175.00 0.08571 175.1 0.00033 0 -5.000 -1.0000 -5.000 -0.0001 0 NA
180.00 0.08333 180.1 0.00056 0 -5.000 -1.0000 -5.000 -0.0002 0 NA
185.00 0.08108 185.1 0.00093 0 -5.000 -1.0000 -4.999 -0.0001 0 NA
190.00 0.07895 190.1 0.00149 0 -5.000 -1.0000 -4.999 -0.0002 0 NA
195.00 0.07692 195.1 0.00226 0 -5.000 -1.0000 -4.999 -0.0002 0 NA
200.00 0.07500 200.1 0.00329 0 -5.000 -1.0000 -4.999 -0.0001 0 NA
205.00 0.07317 205.1 0.00462 0 -5.000 -1.0000 -4.999 -0.0001 0 NA
210.00 0.07143 210.1 0.00625 0 -5.000 -1.0000 -5.000 -0.0002 0 NA
215.00 0.06977 215.1 0.00822 0 -5.000 -1.0000 -4.999 -0.0001 0 NA
220.00 0.06818 220.1 0.01052 0 -5.000 -1.0000 -5.000 -0.0001 0 NA
225.00 0.06667 225.1 0.01313 0 -5.000 -1.0000 -4.999 -0.0001 0 NA
230.00 0.06522 230.1 0.01604 0 -5.000 -1.0000 -4.999 -0.0001 0 NA
235.00 0.06383 235.1 0.01918 0 -5.000 -1.0000 -4.999 -0.0001 0 NA
240.00 0.06250 240.1 0.02274 0 -5.000 -1.0000 -4.999 -0.0001 0 NA
245.00 0.06122 245.1 0.02647 0 -5.000 -1.0000 -4.999 -0.0002 0 NA
250.00 0.06000 250.1 0.03044 0 -5.000 -1.0000 -5.000 -0.0002 0 NA
255.00 0.05882 255.1 0.03471 0 -5.000 -1.0000 -5.000 -0.0002 0 NA
260.00 0.05769 260.1 0.03903 0 -5.000 -1.0000 -5.000 -0.0001 0 NA
265.00 0.05660 265.1 0.04345 0 -5.000 -1.0000 -5.000 -0.0002 0 NA
270.00 0.05556 270.1 0.04798 0 -5.000 -1.0000 -4.999 -0.0002 0 NA
275.00 0.05455 275.1 0.05277 0 -5.000 -1.0000 -5.000 -0.0002 0 NA
280.00 0.05357 280.1 0.05745 1 -5.000 -1.0000 -4.999 -0.0002 0 NA
0.00 0.10000 0.1 0.00000 0 -5.500 -0.9091 -5.500 -0.0001 0 NA
5.00 0.10000 5.1 0.00000 0 -5.500 -0.9091 -5.500 -0.0001 0 NA
10.00 0.10000 10.1 0.00000 0 -5.500 -0.9091 -5.500 -0.0001 0 NA
15.00 0.10000 15.1 0.00000 0 -5.500 -0.9091 -5.500 -0.0001 0 NA
20.00 0.10000 20.1 0.00000 0 -5.500 -0.9091 -5.500 -0.0002 0 NA
25.00 0.10000 25.1 0.00000 0 -5.500 -0.9091 -5.500 -0.0002 0 NA
30.00 0.10000 30.1 0.00000 0 -5.500 -0.9091 -5.500 -0.0001 0 NA
35.00 0.10000 35.1 0.00000 0 -5.500 -0.9091 -5.500 -0.0001 0 NA
40.00 0.10000 40.0 0.00000 0 -5.500 -0.9091 -5.500 -0.0001 0 NA
45.00 0.10000 45.0 0.00000 0 -5.500 -0.9091 -5.500 -0.0001 0 NA
50.00 0.10000 50.0 0.00000 0 -5.500 -0.9091 -5.500 -0.0001 0 NA
55.00 0.10000 55.0 0.00000 0 -5.500 -0.9091 -5.500 -0.0001 0 NA
60.00 0.10000 60.0 0.00000 0 -5.500 -0.9091 -5.500 -0.0001 0 NA
65.00 0.10000 65.0 0.00000 0 -5.500 -0.9091 -5.500 -0.0001 0 NA
70.00 0.10000 70.1 0.00000 0 -5.500 -0.9091 -5.500 -0.0001 0 NA
75.00 0.10000 75.1 0.00000 0 -5.500 -0.9091 -5.500 -0.0002 0 NA
80.00 0.10000 80.1 0.00000 0 -5.500 -0.9091 -5.500 -0.0001 0 NA
85.00 0.10000 85.1 0.00000 0 -5.500 -0.9091 -5.500 -0.0001 0 NA
90.00 0.10000 90.1 0.00000 0 -5.500 -0.9091 -5.500 -0.0002 0 NA
95.00 0.10000 95.1 0.00000 0 -5.500 -0.9091 -5.500 -0.0001 0 NA
100.00 0.10000 100.1 0.00000 0 -5.500 -0.9091 -5.500 -0.0001 0 NA
105.00 0.10000 105.1 0.00000 0 -5.500 -0.9091 -5.500 -0.0001 0 NA
110.00 0.10000 110.1 0.00000 0 -5.500 -0.9091 -5.500 -0.0002 0 NA
115.00 0.10000 115.1 0.00000 0 -5.500 -0.9091 -5.500 -0.0001 0 NA
120.00 0.10000 120.1 0.00000 0 -5.500 -0.9091 -5.500 -0.0001 0 NA
125.00 0.10000 125.1 0.00000 0 -5.500 -0.9091 -5.500 -0.0002 0 NA
130.00 0.10000 130.1 0.00000 0 -5.500 -0.9091 -5.500 -0.0002 0 NA
135.00 0.10000 135.1 0.00000 0 -5.500 -0.9091 -5.500 -0.0001 0 NA
140.00 0.10000 140.1 0.00000 0 -5.500 -0.9091 -5.500 -0.0002 0 NA
145.00 0.10000 145.1 0.00000 0 -5.500 -0.9091 -5.500 -0.0002 0 NA
150.00 0.10000 150.1 0.00000 0 -5.500 -0.9091 -5.500 -0.0001 0 NA
155.00 0.09677 155.1 0.00000 0 -5.500 -0.9091 -5.500 -0.0001 0 NA
160.00 0.09375 160.1 0.00000 0 -5.500 -0.9091 -5.500 -0.0001 0 NA
165.00 0.09091 165.1 0.00000 0 -5.500 -0.9091 -5.500 -0.0001 0 NA
170.00 0.08824 170.1 0.00006 0 -5.500 -0.9091 -5.500 -0.0001 0 NA
175.00 0.08571 175.1 0.00007 0 -5.500 -0.9091 -5.500 -0.0002 0 NA
180.00 0.08333 180.1 0.00012 0 -5.500 -0.9091 -5.500 -0.0001 0 NA
185.00 0.08108 185.1 0.00019 0 -5.500 -0.9091 -5.500 -0.0001 0 NA
190.00 0.07895 190.1 0.00031 0 -5.500 -0.9091 -5.500 -0.0001 0 NA
195.00 0.07692 195.1 0.00052 0 -5.500 -0.9091 -5.500 -0.0001 0 NA
200.00 0.07500 200.1 0.00085 0 -5.500 -0.9091 -5.500 -0.0001 0 NA
205.00 0.07317 205.1 0.00134 0 -5.500 -0.9091 -5.500 -0.0001 0 NA
210.00 0.07143 210.1 0.00205 0 -5.500 -0.9091 -5.500 -0.0002 0 NA
215.00 0.06977 215.1 0.00299 0 -5.500 -0.9091 -5.500 -0.0001 0 NA
220.00 0.06818 220.1 0.00420 0 -5.500 -0.9091 -5.500 -0.0001 0 NA
225.00 0.06667 225.1 0.00570 0 -5.500 -0.9091 -5.500 -0.0001 0 NA
230.00 0.06522 230.1 0.00749 0 -5.500 -0.9091 -5.500 -0.0001 0 NA
235.00 0.06383 235.1 0.00964 0 -5.500 -0.9091 -5.500 -0.0001 0 NA
240.00 0.06250 240.1 0.01206 0 -5.500 -0.9091 -5.500 -0.0002 0 NA
245.00 0.06122 245.1 0.01476 0 -5.500 -0.9091 -5.500 -0.0001 0 NA
250.00 0.06000 250.1 0.01776 0 -5.500 -0.9091 -5.500 -0.0002 0 NA
255.00 0.05882 255.1 0.02109 0 -5.500 -0.9091 -5.500 -0.0002 0 NA
260.00 0.05769 260.1 0.02461 0 -5.500 -0.9091 -5.500 -0.0001 0 NA
265.00 0.05660 265.1 0.02833 0 -5.500 -0.9091 -5.500 -0.0001 0 NA
270.00 0.05556 270.1 0.03228 0 -5.500 -0.9091 -5.500 -0.0001 0 NA
275.00 0.05455 275.1 0.03652 0 -5.500 -0.9091 -5.500 -0.0002 0 NA
280.00 0.05357 280.1 0.04077 0 -5.500 -0.9091 -5.500 -0.0001 0 NA
285.00 0.05263 285.1 0.04510 0 -5.500 -0.9091 -5.500 -0.0001 0 NA
290.00 0.05172 290.1 0.04974 0 -5.500 -0.9091 -5.500 -0.0001 0 NA
295.00 0.05085 295.1 0.05425 1 -5.500 -0.9091 -5.500 -0.0002 0 NA
0.00 0.10000 0.1 0.00000 0 -6.000 -0.8333 -6.000 -0.0001 0 NA
5.00 0.10000 5.1 0.00000 0 -6.000 -0.8333 -6.000 -0.0001 0 NA
10.00 0.10000 10.1 0.00000 0 -6.000 -0.8333 -6.000 -0.0002 0 NA
15.00 0.10000 15.1 0.00000 0 -6.000 -0.8333 -6.000 -0.0002 0 NA
20.00 0.10000 20.1 0.00000 0 -6.000 -0.8333 -6.000 -0.0002 0 NA
25.00 0.10000 25.1 0.00000 0 -6.000 -0.8333 -6.000 -0.0001 0 NA
30.00 0.10000 30.1 0.00000 0 -6.000 -0.8333 -6.000 -0.0001 0 NA
35.00 0.10000 35.1 0.00000 0 -6.000 -0.8333 -6.000 -0.0002 0 NA
40.00 0.10000 40.0 0.00000 0 -6.000 -0.8333 -6.000 -0.0002 0 NA
45.00 0.10000 45.0 0.00000 0 -6.000 -0.8333 -6.000 -0.0001 0 NA
50.00 0.10000 50.0 0.00000 0 -6.000 -0.8333 -6.000 -0.0001 0 NA
55.00 0.10000 55.0 0.00000 0 -6.000 -0.8333 -6.000 -0.0001 0 NA
60.00 0.10000 60.0 0.00000 0 -6.000 -0.8333 -6.000 -0.0001 0 NA
65.00 0.10000 65.0 0.00000 0 -6.000 -0.8333 -6.000 -0.0001 0 NA
70.00 0.10000 70.1 0.00000 0 -6.000 -0.8333 -6.000 -0.0001 0 NA
75.00 0.10000 75.1 0.00000 0 -6.000 -0.8333 -6.000 -0.0002 0 NA
80.00 0.10000 80.1 0.00000 0 -6.000 -0.8333 -6.000 -0.0001 0 NA
85.00 0.10000 85.1 0.00000 0 -6.000 -0.8333 -6.000 -0.0002 0 NA
90.00 0.10000 90.1 0.00000 0 -6.000 -0.8333 -6.000 -0.0001 0 NA
95.00 0.10000 95.1 0.00000 0 -6.000 -0.8333 -6.000 -0.0001 0 NA
100.00 0.10000 100.1 0.00000 0 -6.000 -0.8333 -6.000 -0.0002 0 NA
105.00 0.10000 105.1 0.00000 0 -6.000 -0.8333 -6.000 -0.0002 0 NA
110.00 0.10000 110.1 0.00000 0 -6.000 -0.8333 -6.000 -0.0001 0 NA
115.00 0.10000 115.1 0.00000 0 -6.000 -0.8333 -6.000 -0.0001 0 NA
120.00 0.10000 120.1 0.00000 0 -6.000 -0.8333 -6.000 -0.0001 0 NA
125.00 0.10000 125.1 0.00000 0 -6.000 -0.8333 -6.000 -0.0001 0 NA
130.00 0.10000 130.1 0.00000 0 -6.000 -0.8333 -6.000 -0.0002 0 NA
135.00 0.10000 135.1 0.00000 0 -6.000 -0.8333 -6.000 -0.0002 0 NA
140.00 0.10000 140.1 0.00000 0 -6.000 -0.8333 -6.000 -0.0002 0 NA
145.00 0.10000 145.1 0.00000 0 -6.000 -0.8333 -6.000 -0.0001 0 NA
150.00 0.10000 150.1 0.00000 0 -6.000 -0.8333 -6.000 -0.0001 0 NA
155.00 0.09677 155.1 0.00000 0 -6.000 -0.8333 -6.000 -0.0001 0 NA
160.00 0.09375 160.1 0.00000 0 -6.000 -0.8333 -6.000 -0.0001 0 NA
165.00 0.09091 165.1 0.00000 0 -6.000 -0.8333 -6.000 -0.0001 0 NA
170.00 0.08824 170.1 0.00000 0 -6.000 -0.8333 -6.000 -0.0002 0 NA
175.00 0.08571 175.1 0.00000 0 -6.000 -0.8333 -6.000 -0.0001 0 NA
180.00 0.08333 180.1 0.00000 0 -6.000 -0.8333 -6.000 -0.0002 0 NA
185.00 0.08108 185.1 0.00006 0 -6.000 -0.8333 -6.000 -0.0001 0 NA
190.00 0.07895 190.1 0.00007 0 -6.000 -0.8333 -6.000 -0.0002 0 NA
195.00 0.07692 195.1 0.00011 0 -6.000 -0.8333 -6.000 -0.0001 0 NA
200.00 0.07500 200.1 0.00018 0 -6.000 -0.8333 -6.000 -0.0001 0 NA
205.00 0.07317 205.1 0.00029 0 -6.000 -0.8333 -6.000 -0.0002 0 NA
210.00 0.07143 210.1 0.00049 0 -6.000 -0.8333 -6.000 -0.0001 0 NA
215.00 0.06977 215.1 0.00078 0 -6.000 -0.8333 -6.000 -0.0001 0 NA
220.00 0.06818 220.1 0.00123 0 -6.000 -0.8333 -6.000 -0.0001 0 NA
225.00 0.06667 225.1 0.00187 0 -6.000 -0.8333 -6.000 -0.0001 0 NA
230.00 0.06522 230.1 0.00273 0 -6.000 -0.8333 -6.000 -0.0001 0 NA
235.00 0.06383 235.1 0.00383 0 -6.000 -0.8333 -6.000 -0.0002 0 NA
240.00 0.06250 240.1 0.00520 0 -6.000 -0.8333 -6.000 -0.0001 0 NA
245.00 0.06122 245.1 0.00688 0 -6.000 -0.8333 -6.000 -0.0002 0 NA
250.00 0.06000 250.1 0.00884 0 -6.000 -0.8333 -6.000 -0.0001 0 NA
255.00 0.05882 255.1 0.01108 0 -6.000 -0.8333 -6.000 -0.0002 0 NA
260.00 0.05769 260.1 0.01367 0 -6.000 -0.8333 -6.000 -0.0002 0 NA
265.00 0.05660 265.1 0.01646 0 -6.000 -0.8333 -6.000 -0.0001 0 NA
270.00 0.05556 270.1 0.01954 0 -6.000 -0.8333 -6.000 -0.0002 0 NA
275.00 0.05455 275.1 0.02284 0 -6.000 -0.8333 -6.000 -0.0002 0 NA
280.00 0.05357 280.1 0.02648 0 -6.000 -0.8333 -6.000 -0.0002 0 NA
285.00 0.05263 285.1 0.03017 0 -6.000 -0.8333 -6.000 -0.0001 0 NA
290.00 0.05172 290.1 0.03407 0 -6.000 -0.8333 -6.000 -0.0002 0 NA
295.00 0.05085 295.1 0.03829 0 -6.000 -0.8333 -6.000 -0.0001 0 NA
300.00 0.05000 299.9 0.04189 0 -6.000 -0.8333 -6.000 -0.0001 0 NA
305.00 0.04918 298.4 0.04002 1 -6.000 -0.8333 -6.000 -0.0001 0 NA
0.00 0.10000 0.1 0.00000 0 -6.500 -0.7692 -6.500 -0.0001 0 NA
5.00 0.10000 5.1 0.00000 0 -6.500 -0.7692 -6.500 -0.0002 0 NA
10.00 0.10000 10.1 0.00000 0 -6.500 -0.7692 -6.500 -0.0002 0 NA
15.00 0.10000 15.1 0.00000 0 -6.500 -0.7692 -6.500 -0.0001 0 NA
20.00 0.10000 20.1 0.00000 0 -6.500 -0.7692 -6.500 -0.0002 0 NA
25.00 0.10000 25.1 0.00000 0 -6.500 -0.7692 -6.500 -0.0001 0 NA
30.00 0.10000 30.1 0.00000 0 -6.500 -0.7692 -6.500 -0.0002 0 NA
35.00 0.10000 35.1 0.00000 0 -6.500 -0.7692 -6.500 -0.0001 0 NA
40.00 0.10000 40.0 0.00000 0 -6.500 -0.7692 -6.500 -0.0001 0 NA
45.00 0.10000 45.0 0.00000 0 -6.500 -0.7692 -6.500 -0.0002 0 NA
50.00 0.10000 50.0 0.00000 0 -6.500 -0.7692 -6.500 -0.0002 0 NA
55.00 0.10000 55.0 0.00000 0 -6.500 -0.7692 -6.500 -0.0001 0 NA
60.00 0.10000 60.0 0.00000 0 -6.500 -0.7692 -6.500 -0.0001 0 NA
65.00 0.10000 65.0 0.00000 0 -6.500 -0.7692 -6.500 -0.0002 0 NA
70.00 0.10000 70.1 0.00000 0 -6.500 -0.7692 -6.500 -0.0001 0 NA
75.00 0.10000 75.1 0.00000 0 -6.500 -0.7692 -6.500 -0.0001 0 NA
80.00 0.10000 80.1 0.00000 0 -6.500 -0.7692 -6.500 -0.0002 0 NA
85.00 0.10000 85.1 0.00000 0 -6.500 -0.7692 -6.500 -0.0001 0 NA
90.00 0.10000 90.1 0.00000 0 -6.500 -0.7692 -6.500 -0.0001 0 NA
95.00 0.10000 95.1 0.00000 0 -6.500 -0.7692 -6.500 -0.0002 0 NA
100.00 0.10000 100.1 0.00000 0 -6.500 -0.7692 -6.500 -0.0001 0 NA
105.00 0.10000 105.1 0.00000 0 -6.500 -0.7692 -6.500 -0.0001 0 NA
110.00 0.10000 110.1 0.00000 0 -6.500 -0.7692 -6.500 -0.0002 0 NA
115.00 0.10000 115.1 0.00000 0 -6.500 -0.7692 -6.500 -0.0002 0 NA
120.00 0.10000 120.1 0.00000 0 -6.500 -0.7692 -6.500 -0.0001 0 NA
125.00 0.10000 125.1 0.00000 0 -6.500 -0.7692 -6.500 -0.0001 0 NA
130.00 0.10000 130.1 0.00000 0 -6.500 -0.7692 -6.500 -0.0002 0 NA
135.00 0.10000 135.1 0.00000 0 -6.500 -0.7692 -6.500 -0.0001 0 NA
140.00 0.10000 140.1 0.00000 0 -6.500 -0.7692 -6.500 -0.0001 0 NA
145.00 0.10000 145.1 0.00000 0 -6.500 -0.7692 -6.500 -0.0001 0 NA
150.00 0.10000 150.1 0.00000 0 -6.500 -0.7692 -6.500 -0.0001 0 NA
155.00 0.09677 155.1 0.00000 0 -6.500 -0.7692 -6.500 -0.0001 0 NA
160.00 0.09375 160.1 0.00000 0 -6.500 -0.7692 -6.500 -0.0001 0 NA
165.00 0.09091 160.1 0.00000 0 -6.500 -0.7692 -6.500 -0.0001 0 NA
170.00 0.08824 170.1 0.00000 0 -6.500 -0.7692 -6.500 -0.0002 0 NA
175.00 0.08571 175.1 0.00000 0 -6.500 -0.7692 -6.500 -0.0001 0 NA
180.00 0.08333 180.1 0.00000 0 -6.500 -0.7692 -6.500 -0.0002 0 NA
185.00 0.08108 185.1 0.00000 0 -6.500 -0.7692 -6.500 -0.0001 0 NA
190.00 0.07895 190.1 0.00000 0 -6.500 -0.7692 -6.500 -0.0002 0 NA
195.00 0.07692 195.1 0.00000 0 -6.500 -0.7692 -6.500 -0.0001 0 NA
200.00 0.07500 200.1 0.00005 0 -6.500 -0.7692 -6.500 -0.0002 0 NA
205.00 0.07317 205.1 0.00007 0 -6.500 -0.7692 -6.500 -0.0001 0 NA
210.00 0.07143 210.1 0.00011 0 -6.500 -0.7692 -6.500 -0.0001 0 NA
215.00 0.06977 215.1 0.00017 0 -6.500 -0.7692 -6.500 -0.0001 0 NA
220.00 0.06818 220.1 0.00028 0 -6.500 -0.7692 -6.500 -0.0001 0 NA
225.00 0.06667 225.1 0.00045 0 -6.500 -0.7692 -6.500 -0.0001 0 NA
230.00 0.06522 230.1 0.00073 0 -6.500 -0.7692 -6.500 -0.0001 0 NA
235.00 0.06383 235.1 0.00113 0 -6.500 -0.7692 -6.500 -0.0002 0 NA
240.00 0.06250 240.1 0.00171 0 -6.500 -0.7692 -6.500 -0.0001 0 NA
245.00 0.06122 245.1 0.00249 0 -6.500 -0.7692 -6.500 -0.0002 0 NA
250.00 0.06000 250.1 0.00351 0 -6.500 -0.7692 -6.500 -0.0001 0 NA
255.00 0.05882 255.1 0.00476 0 -6.500 -0.7692 -6.500 -0.0001 0 NA
260.00 0.05769 260.1 0.00631 0 -6.500 -0.7692 -6.500 -0.0001 0 NA
265.00 0.05660 265.1 0.00811 0 -6.500 -0.7692 -6.500 -0.0001 0 NA
270.00 0.05556 270.1 0.01020 0 -6.500 -0.7692 -6.500 -0.0001 0 NA
275.00 0.05455 275.1 0.01260 0 -6.500 -0.7692 -6.500 -0.0002 0 NA
280.00 0.05357 280.1 0.01524 0 -6.500 -0.7692 -6.500 -0.0001 0 NA
285.00 0.05263 285.1 0.01810 0 -6.500 -0.7692 -6.500 -0.0002 0 NA
290.00 0.05172 290.1 0.02129 0 -6.500 -0.7692 -6.500 -0.0001 0 NA
295.00 0.05085 295.1 0.02463 0 -6.500 -0.7692 -6.500 -0.0001 0 NA
300.00 0.05000 300.1 0.02814 0 -6.500 -0.7692 -6.500 -0.0001 0 NA
305.00 0.04918 305.1 0.03177 0 -6.500 -0.7692 -6.500 -0.0001 0 NA
310.00 0.04839 310.1 0.03564 0 -6.500 -0.7692 -6.500 -0.0001 0 NA
315.00 0.04762 315.1 0.03961 0 -6.500 -0.7692 -6.500 -0.0001 0 NA
320.00 0.04688 316.3 0.04002 1 -6.500 -0.7692 -6.500 -0.0002 0 NA
0.00 0.10000 0.1 0.00000 0 -7.000 -0.7143 -7.000 -0.0002 0 NA
5.00 0.10000 5.1 0.00000 0 -7.000 -0.7143 -7.000 -0.0001 0 NA
10.00 0.10000 10.1 0.00000 0 -7.000 -0.7143 -7.000 -0.0001 0 NA
15.00 0.10000 15.1 0.00000 0 -7.000 -0.7143 -7.000 -0.0001 0 NA
20.00 0.10000 20.1 0.00000 0 -7.000 -0.7143 -7.000 -0.0002 0 NA
25.00 0.10000 25.1 0.00000 0 -7.000 -0.7143 -7.000 -0.0002 0 NA
30.00 0.10000 30.1 0.00000 0 -7.000 -0.7143 -7.000 -0.0001 0 NA
35.00 0.10000 35.1 0.00000 0 -7.000 -0.7143 -7.000 -0.0001 0 NA
40.00 0.10000 40.0 0.00000 0 -7.000 -0.7143 -7.000 -0.0002 0 NA
45.00 0.10000 45.0 0.00000 0 -7.000 -0.7143 -7.000 -0.0001 0 NA
50.00 0.10000 50.0 0.00000 0 -7.000 -0.7143 -7.000 -0.0001 0 NA
55.00 0.10000 55.0 0.00000 0 -7.000 -0.7143 -7.000 -0.0002 0 NA
60.00 0.10000 60.0 0.00000 0 -7.000 -0.7143 -7.000 -0.0001 0 NA
65.00 0.10000 65.0 0.00000 0 -7.000 -0.7143 -7.000 -0.0001 0 NA
70.00 0.10000 70.1 0.00000 0 -7.000 -0.7143 -7.000 -0.0001 0 NA
75.00 0.10000 75.1 0.00000 0 -7.000 -0.7143 -7.000 -0.0001 0 NA
80.00 0.10000 80.1 0.00000 0 -7.000 -0.7143 -7.000 -0.0002 0 NA
85.00 0.10000 85.1 0.00000 0 -7.000 -0.7143 -7.000 -0.0001 0 NA
90.00 0.10000 90.1 0.00000 0 -7.000 -0.7143 -7.000 -0.0001 0 NA
95.00 0.10000 95.1 0.00000 0 -7.000 -0.7143 -7.000 -0.0002 0 NA
100.00 0.10000 100.1 0.00000 0 -7.000 -0.7143 -7.000 -0.0001 0 NA
105.00 0.10000 105.1 0.00000 0 -7.000 -0.7143 -7.000 -0.0001 0 NA
110.00 0.10000 110.1 0.00000 0 -7.000 -0.7143 -7.000 -0.0001 0 NA
115.00 0.10000 115.1 0.00000 0 -7.000 -0.7143 -7.000 -0.0002 0 NA
120.00 0.10000 120.1 0.00000 0 -7.000 -0.7143 -7.000 -0.0002 0 NA
125.00 0.10000 125.1 0.00000 0 -7.000 -0.7143 -7.000 -0.0001 0 NA
130.00 0.10000 130.1 0.00000 0 -7.000 -0.7143 -7.000 -0.0001 0 NA
135.00 0.10000 135.1 0.00000 0 -7.000 -0.7143 -7.000 -0.0002 0 NA
140.00 0.10000 140.1 0.00000 0 -7.000 -0.7143 -7.000 -0.0001 0 NA
145.00 0.10000 145.1 0.00000 0 -7.000 -0.7143 -7.000 -0.0001 0 NA
150.00 0.10000 150.1 0.00000 0 -7.000 -0.7143 -7.000 -0.0002 0 NA
155.00 0.09677 155.1 0.00000 0 -7.000 -0.7143 -7.000 -0.0001 0 NA
160.00 0.09375 160.1 0.00000 0 -7.000 -0.7143 -7.000 -0.0002 0 NA
165.00 0.09091 165.1 0.00000 0 -7.000 -0.7143 -7.000 -0.0002 0 NA
170.00 0.08824 170.1 0.00000 0 -7.000 -0.7143 -7.000 -0.0001 0 NA
175.00 0.08571 175.1 0.00000 0 -7.000 -0.7143 -7.000 -0.0002 0 NA
180.00 0.08333 180.1 0.00000 0 -7.000 -0.7143 -7.000 -0.0002 0 NA
185.00 0.08108 185.1 0.00000 0 -7.000 -0.7143 -7.000 -0.0001 0 NA
190.00 0.07895 190.1 0.00000 0 -7.000 -0.7143 -7.000 -0.0001 0 NA
195.00 0.07692 195.1 0.00000 0 -7.000 -0.7143 -7.000 -0.0001 0 NA
200.00 0.07500 200.1 0.00000 0 -7.000 -0.7143 -7.000 -0.0001 0 NA
205.00 0.07317 205.1 0.00000 0 -7.000 -0.7143 -7.000 -0.0001 0 NA
210.00 0.07143 210.1 0.00000 0 -7.000 -0.7143 -7.000 -0.0001 0 NA
215.00 0.06977 215.1 0.00006 0 -7.000 -0.7143 -7.000 -0.0002 0 NA
220.00 0.06818 220.1 0.00007 0 -7.000 -0.7143 -7.000 -0.0001 0 NA
225.00 0.06667 225.1 0.00011 0 -7.000 -0.7143 -7.000 -0.0002 0 NA
230.00 0.06522 230.1 0.00016 0 -7.000 -0.7143 -7.000 -0.0002 0 NA
235.00 0.06383 235.1 0.00026 0 -7.000 -0.7143 -7.000 -0.0001 0 NA
240.00 0.06250 240.1 0.00042 0 -7.000 -0.7143 -7.000 -0.0002 0 NA
245.00 0.06122 245.1 0.00068 0 -7.000 -0.7143 -7.000 -0.0002 0 NA
250.00 0.06000 250.1 0.00105 0 -7.000 -0.7143 -7.000 -0.0001 0 NA
255.00 0.05882 255.1 0.00157 0 -7.000 -0.7143 -7.000 -0.0001 0 NA
260.00 0.05769 260.1 0.00228 0 -7.000 -0.7143 -7.000 -0.0001 0 NA
265.00 0.05660 265.1 0.00321 0 -7.000 -0.7143 -7.000 -0.0001 0 NA
270.00 0.05556 270.1 0.00438 0 -7.000 -0.7143 -7.000 -0.0001 0 NA
275.00 0.05455 275.1 0.00579 0 -7.000 -0.7143 -6.999 -0.0001 0 NA
280.00 0.05357 280.1 0.00750 0 -7.000 -0.7143 -7.000 -0.0001 0 NA
285.00 0.05263 285.1 0.00944 0 -7.000 -0.7143 -7.000 -0.0001 0 NA
290.00 0.05172 290.1 0.01162 0 -7.000 -0.7143 -7.000 -0.0001 0 NA
295.00 0.05085 295.1 0.01408 0 -7.000 -0.7143 -7.000 -0.0002 0 NA
300.00 0.05000 300.1 0.01687 0 -7.000 -0.7143 -7.000 -0.0001 0 NA
305.00 0.04918 305.1 0.01980 0 -7.000 -0.7143 -7.000 -0.0001 0 NA
310.00 0.04839 310.1 0.02294 0 -7.000 -0.7143 -7.000 -0.0002 0 NA
315.00 0.04762 315.1 0.02626 0 -7.000 -0.7143 -7.000 -0.0001 0 NA
320.00 0.04688 320.1 0.02971 0 -7.000 -0.7143 -7.000 -0.0001 0 NA
325.00 0.04615 325.1 0.03339 0 -7.000 -0.7143 -7.000 -0.0002 0 NA
330.00 0.04545 330.1 0.03717 0 -7.000 -0.7143 -7.000 -0.0001 0 NA
335.00 0.04478 335.1 0.04131 0 -7.000 -0.7143 -7.000 -0.0002 0 NA
340.00 0.04412 334.6 0.04002 1 -7.000 -0.7143 -7.000 -0.0001 0 NA
0.00 0.10000 0.1 0.00000 0 -7.500 -0.6667 -7.499 -0.0002 0 NA
5.00 0.10000 5.1 0.00000 0 -7.500 -0.6667 -7.499 -0.0002 0 NA
10.00 0.10000 10.1 0.00000 0 -7.500 -0.6667 -7.499 -0.0001 0 NA
15.00 0.10000 15.1 0.00000 0 -7.500 -0.6667 -7.499 -0.0001 0 NA
20.00 0.10000 20.1 0.00000 0 -7.500 -0.6667 -7.499 -0.0001 0 NA
25.00 0.10000 25.1 0.00000 0 -7.500 -0.6667 -7.499 -0.0002 0 NA
30.00 0.10000 30.1 0.00000 0 -7.500 -0.6667 -7.499 -0.0001 0 NA
35.00 0.10000 35.1 0.00000 0 -7.500 -0.6667 -7.499 -0.0002 0 NA
40.00 0.10000 40.0 0.00000 0 -7.500 -0.6667 -7.499 -0.0001 0 NA
45.00 0.10000 45.0 0.00000 0 -7.500 -0.6667 -7.499 -0.0001 0 NA
50.00 0.10000 50.0 0.00000 0 -7.500 -0.6667 -7.499 -0.0002 0 NA
55.00 0.10000 55.0 0.00000 0 -7.500 -0.6667 -7.499 -0.0001 0 NA
60.00 0.10000 60.0 0.00000 0 -7.500 -0.6667 -7.499 -0.0001 0 NA
65.00 0.10000 65.0 0.00000 0 -7.500 -0.6667 -7.499 -0.0001 0 NA
70.00 0.10000 70.1 0.00000 0 -7.500 -0.6667 -7.499 -0.0001 0 NA
75.00 0.10000 75.1 0.00000 0 -7.500 -0.6667 -7.499 -0.0002 0 NA
80.00 0.10000 80.1 0.00000 0 -7.500 -0.6667 -7.499 -0.0001 0 NA
85.00 0.10000 85.1 0.00000 0 -7.500 -0.6667 -7.499 -0.0001 0 NA
90.00 0.10000 90.1 0.00000 0 -7.500 -0.6667 -7.499 -0.0002 0 NA
95.00 0.10000 95.1 0.00000 0 -7.500 -0.6667 -7.499 -0.0001 0 NA
100.00 0.10000 100.1 0.00000 0 -7.500 -0.6667 -7.499 -0.0001 0 NA
105.00 0.10000 105.1 0.00000 0 -7.500 -0.6667 -7.499 -0.0001 0 NA
110.00 0.10000 110.1 0.00000 0 -7.500 -0.6667 -7.499 -0.0001 0 NA
115.00 0.10000 115.1 0.00000 0 -7.500 -0.6667 -7.499 -0.0001 0 NA
120.00 0.10000 120.1 0.00000 0 -7.500 -0.6667 -7.499 -0.0001 0 NA
125.00 0.10000 125.1 0.00000 0 -7.500 -0.6667 -7.499 -0.0002 0 NA
130.00 0.10000 130.1 0.00000 0 -7.500 -0.6667 -7.499 -0.0001 0 NA
135.00 0.10000 135.1 0.00000 0 -7.500 -0.6667 -7.499 -0.0001 0 NA
140.00 0.10000 140.1 0.00000 0 -7.500 -0.6667 -7.499 -0.0002 0 NA
145.00 0.10000 145.1 0.00000 0 -7.500 -0.6667 -7.499 -0.0001 0 NA
150.00 0.10000 150.1 0.00000 0 -7.500 -0.6667 -7.499 -0.0001 0 NA
155.00 0.09677 155.1 0.00000 0 -7.500 -0.6667 -7.499 -0.0001 0 NA
160.00 0.09375 160.1 0.00000 0 -7.500 -0.6667 -7.499 -0.0001 0 NA
165.00 0.09091 165.1 0.00000 0 -7.500 -0.6667 -7.499 -0.0001 0 NA
170.00 0.08824 170.1 0.00000 0 -7.500 -0.6667 -7.499 -0.0001 0 NA
175.00 0.08571 175.1 0.00000 0 -7.500 -0.6667 -7.499 -0.0001 0 NA
180.00 0.08333 180.1 0.00000 0 -7.500 -0.6667 -7.499 -0.0001 0 NA
185.00 0.08108 185.1 0.00000 0 -7.500 -0.6667 -7.499 -0.0001 0 NA
190.00 0.07895 190.1 0.00000 0 -7.500 -0.6667 -7.499 -0.0001 0 NA
195.00 0.07692 195.1 0.00000 0 -7.500 -0.6667 -7.499 -0.0001 0 NA
200.00 0.07500 200.1 0.00000 0 -7.500 -0.6667 -7.500 -0.0002 0 NA
205.00 0.07317 205.1 0.00000 0 -7.500 -0.6667 -7.499 -0.0001 0 NA
210.00 0.07143 210.1 0.00000 0 -7.500 -0.6667 -7.499 -0.0002 0 NA
215.00 0.06977 215.1 0.00000 0 -7.500 -0.6667 -7.499 -0.0001 0 NA
220.00 0.06818 220.1 0.00000 0 -7.500 -0.6667 -7.499 -0.0002 0 NA
225.00 0.06667 225.1 0.00000 0 -7.500 -0.6667 -7.499 -0.0001 0 NA
230.00 0.06522 230.1 0.00006 0 -7.500 -0.6667 -7.499 -0.0001 0 NA
235.00 0.06383 235.1 0.00007 0 -7.500 -0.6667 -7.499 -0.0001 0 NA
240.00 0.06250 240.1 0.00010 0 -7.500 -0.6667 -7.499 -0.0001 0 NA
245.00 0.06122 245.1 0.00015 0 -7.500 -0.6667 -7.499 -0.0001 0 NA
250.00 0.06000 250.1 0.00025 0 -7.500 -0.6667 -7.499 -0.0001 0 NA
255.00 0.05882 255.1 0.00040 0 -7.500 -0.6667 -7.499 -0.0001 0 NA
260.00 0.05769 260.1 0.00063 0 -7.500 -0.6667 -7.499 -0.0001 0 NA
265.00 0.05660 265.1 0.00097 0 -7.500 -0.6667 -7.499 -0.0001 0 NA
270.00 0.05556 270.1 0.00145 0 -7.500 -0.6667 -7.499 -0.0001 0 NA
275.00 0.05455 275.1 0.00211 0 -7.500 -0.6667 -7.499 -0.0002 0 NA
280.00 0.05357 280.1 0.00297 0 -7.500 -0.6667 -7.499 -0.0001 0 NA
285.00 0.05263 285.1 0.00404 0 -7.500 -0.6667 -7.499 -0.0001 0 NA
290.00 0.05172 290.1 0.00534 0 -7.500 -0.6667 -7.499 -0.0002 0 NA
295.00 0.05085 295.1 0.00692 0 -7.500 -0.6667 -7.499 -0.0001 0 NA
300.00 0.05000 300.1 0.00873 0 -7.500 -0.6667 -7.499 -0.0001 0 NA
305.00 0.04918 305.1 0.01079 0 -7.500 -0.6667 -7.500 -0.0002 0 NA
310.00 0.04839 310.1 0.01316 0 -7.500 -0.6667 -7.499 -0.0001 0 NA
315.00 0.04762 315.1 0.01571 0 -7.500 -0.6667 -7.499 -0.0001 0 NA
320.00 0.04688 320.1 0.01848 0 -7.500 -0.6667 -7.499 -0.0001 0 NA
325.00 0.04615 325.1 0.02145 0 -7.500 -0.6667 -7.499 -0.0002 0 NA
330.00 0.04545 330.1 0.02471 0 -7.500 -0.6667 -7.499 -0.0001 0 NA
335.00 0.04478 335.1 0.02803 0 -7.500 -0.6667 -7.499 -0.0002 0 NA
340.00 0.04412 340.1 0.03151 0 -7.500 -0.6667 -7.499 -0.0002 0 NA
345.00 0.04348 345.1 0.03530 0 -7.500 -0.6667 -7.499 -0.0001 0 NA
350.00 0.04286 350.1 0.03902 0 -7.500 -0.6667 -7.499 -0.0002 0 NA
355.00 0.04225 352.4 0.04002 1 -7.500 -0.6667 -7.499 -0.0001 0 NA
0.00 0.10000 0.1 0.00000 0 -8.000 -0.6250 -7.999 -0.0001 0 NA
5.00 0.10000 5.1 0.00000 0 -8.000 -0.6250 -7.999 -0.0001 0 NA
10.00 0.10000 10.1 0.00000 0 -8.000 -0.6250 -7.999 -0.0001 0 NA
15.00 0.10000 15.1 0.00000 0 -8.000 -0.6250 -7.999 -0.0002 0 NA
20.00 0.10000 20.1 0.00000 0 -8.000 -0.6250 -7.999 -0.0001 0 NA
25.00 0.10000 25.1 0.00000 0 -8.000 -0.6250 -7.999 -0.0001 0 NA
30.00 0.10000 30.1 0.00000 0 -8.000 -0.6250 -7.999 -0.0001 0 NA
35.00 0.10000 35.1 0.00000 0 -8.000 -0.6250 -7.999 -0.0002 0 NA
40.00 0.10000 40.0 0.00000 0 -8.000 -0.6250 -7.999 -0.0001 0 NA
45.00 0.10000 45.0 0.00000 0 -8.000 -0.6250 -7.999 -0.0002 0 NA
50.00 0.10000 50.0 0.00000 0 -8.000 -0.6250 -7.999 -0.0001 0 NA
55.00 0.10000 55.0 0.00000 0 -8.000 -0.6250 -7.999 -0.0001 0 NA
60.00 0.10000 60.0 0.00000 0 -8.000 -0.6250 -7.999 -0.0001 0 NA
65.00 0.10000 65.0 0.00000 0 -8.000 -0.6250 -7.999 -0.0002 0 NA
70.00 0.10000 70.1 0.00000 0 -8.000 -0.6250 -7.999 -0.0001 0 NA
75.00 0.10000 75.1 0.00000 0 -8.000 -0.6250 -7.999 -0.0001 0 NA
80.00 0.10000 80.1 0.00000 0 -8.000 -0.6250 -7.999 -0.0001 0 NA
85.00 0.10000 85.1 0.00000 0 -8.000 -0.6250 -7.999 -0.0002 0 NA
90.00 0.10000 90.1 0.00000 0 -8.000 -0.6250 -7.999 -0.0001 0 NA
95.00 0.10000 95.1 0.00000 0 -8.000 -0.6250 -7.999 -0.0001 0 NA
100.00 0.10000 100.1 0.00000 0 -8.000 -0.6250 -7.999 -0.0001 0 NA
105.00 0.10000 105.1 0.00000 0 -8.000 -0.6250 -7.999 -0.0001 0 NA
110.00 0.10000 110.1 0.00000 0 -8.000 -0.6250 -7.999 -0.0001 0 NA
115.00 0.10000 115.1 0.00000 0 -8.000 -0.6250 -7.999 -0.0001 0 NA
120.00 0.10000 120.1 0.00000 0 -8.000 -0.6250 -7.999 -0.0001 0 NA
125.00 0.10000 125.1 0.00000 0 -8.000 -0.6250 -7.999 -0.0001 0 NA
130.00 0.10000 130.1 0.00000 0 -8.000 -0.6250 -7.999 -0.0002 0 NA
135.00 0.10000 135.1 0.00000 0 -8.000 -0.6250 -7.999 -0.0001 0 NA
140.00 0.10000 140.1 0.00000 0 -8.000 -0.6250 -7.999 -0.0001 0 NA
145.00 0.10000 145.1 0.00000 0 -8.000 -0.6250 -7.999 -0.0001 0 NA
150.00 0.10000 150.1 0.00000 0 -8.000 -0.6250 -7.999 -0.0001 0 NA
155.00 0.09677 155.1 0.00000 0 -8.000 -0.6250 -7.999 -0.0001 0 NA
160.00 0.09375 160.1 0.00000 0 -8.000 -0.6250 -7.999 -0.0001 0 NA
165.00 0.09091 165.1 0.00000 0 -8.000 -0.6250 -7.999 -0.0001 0 NA
170.00 0.08824 170.1 0.00000 0 -8.000 -0.6250 -7.999 -0.0001 0 NA
175.00 0.08571 175.1 0.00000 0 -8.000 -0.6250 -7.999 -0.0001 0 NA
180.00 0.08333 180.1 0.00000 0 -8.000 -0.6250 -7.999 -0.0002 0 NA
185.00 0.08108 185.1 0.00000 0 -8.000 -0.6250 -7.999 -0.0002 0 NA
190.00 0.07895 190.1 0.00000 0 -8.000 -0.6250 -7.999 -0.0002 0 NA
195.00 0.07692 195.1 0.00000 0 -8.000 -0.6250 -7.999 -0.0001 0 NA
200.00 0.07500 200.1 0.00000 0 -8.000 -0.6250 -7.999 -0.0001 0 NA
205.00 0.07317 205.1 0.00000 0 -8.000 -0.6250 -7.999 -0.0001 0 NA
210.00 0.07143 210.1 0.00000 0 -8.000 -0.6250 -7.999 -0.0001 0 NA
215.00 0.06977 215.1 0.00000 0 -8.000 -0.6250 -7.999 -0.0001 0 NA
220.00 0.06818 220.1 0.00000 0 -8.000 -0.6250 -7.999 -0.0002 0 NA
225.00 0.06667 225.1 0.00000 0 -8.000 -0.6250 -7.999 -0.0001 0 NA
230.00 0.06522 230.1 0.00000 0 -8.000 -0.6250 -7.999 -0.0001 0 NA
235.00 0.06383 235.1 0.00000 0 -8.000 -0.6250 -7.999 -0.0001 0 NA
240.00 0.06250 240.1 0.00005 0 -8.000 -0.6250 -7.999 -0.0001 0 NA
245.00 0.06122 245.1 0.00006 0 -8.000 -0.6250 -7.999 -0.0001 0 NA
250.00 0.06000 250.1 0.00007 0 -8.000 -0.6250 -7.999 -0.0002 0 NA
255.00 0.05882 255.1 0.00010 0 -8.000 -0.6250 -7.999 -0.0001 0 NA
260.00 0.05769 260.1 0.00015 0 -8.000 -0.6250 -7.999 -0.0001 0 NA
265.00 0.05660 265.1 0.00024 0 -8.000 -0.6250 -7.999 -0.0001 0 NA
270.00 0.05556 270.1 0.00037 0 -8.000 -0.6250 -7.999 -0.0001 0 NA
275.00 0.05455 275.1 0.00059 0 -8.000 -0.6250 -7.999 -0.0001 0 NA
280.00 0.05357 280.1 0.00091 0 -8.000 -0.6250 -7.999 -0.0001 0 NA
285.00 0.05263 285.1 0.00134 0 -8.000 -0.6250 -7.999 -0.0001 0 NA
290.00 0.05172 290.1 0.00195 0 -8.000 -0.6250 -7.999 -0.0001 0 NA
295.00 0.05085 295.1 0.00273 0 -8.000 -0.6250 -7.999 -0.0001 0 NA
300.00 0.05000 300.1 0.00372 0 -8.000 -0.6250 -7.999 -0.0002 0 NA
305.00 0.04918 305.1 0.00493 0 -8.000 -0.6250 -7.999 -0.0001 0 NA
310.00 0.04839 310.1 0.00640 0 -8.000 -0.6250 -7.999 -0.0002 0 NA
315.00 0.04762 315.1 0.00809 0 -8.000 -0.6250 -7.999 -0.0001 0 NA
320.00 0.04688 320.1 0.00998 0 -8.000 -0.6250 -7.999 -0.0001 0 NA
325.00 0.04615 325.1 0.01220 0 -8.000 -0.6250 -7.999 -0.0001 0 NA
330.00 0.04545 330.1 0.01459 0 -8.000 -0.6250 -7.999 -0.0002 0 NA
335.00 0.04478 335.1 0.01721 0 -8.000 -0.6250 -7.999 -0.0001 0 NA
340.00 0.04412 340.1 0.02001 0 -8.000 -0.6250 -7.999 -0.0001 0 NA
345.00 0.04348 345.1 0.02311 0 -8.000 -0.6250 -7.999 -0.0001 0 NA
350.00 0.04286 350.1 0.02626 0 -8.000 -0.6250 -7.999 -0.0001 0 NA
355.00 0.04225 355.1 0.02954 0 -8.000 -0.6250 -7.999 -0.0001 0 NA
360.00 0.04167 360.1 0.03297 0 -8.000 -0.6250 -7.999 -0.0001 0 NA
365.00 0.04110 365.1 0.03670 0 -8.000 -0.6250 -7.999 -0.0001 0 NA
370.00 0.04054 370.1 0.04036 0 -8.000 -0.6250 -7.999 -0.0001 0 NA
375.00 0.04000 370.7 0.04002 1 -8.000 -0.6250 -7.999 -0.0001 0 NA
