% * Sample: 6E5P_20
% * Date / time: 2024-02-04 21:12:50.485950
% * R2CONTROL =  NOT SPECIFIED
% Column 1:  PSU1 nominal voltage setting (V)
% Column 2:  PSU1 nominal current setting (A)
% Column 3:  PSU1 voltage measurement (V)
% Column 4:  PSU1 current measurement (I)
% Column 5:  PSU1 limiter flag
% Column 6:  PSU2 nominal voltage setting (V)
% Column 7:  PSU2 nominal current setting (A)
% Column 8:  PSU2 voltage measurement (V)
% Column 9:  PSU2 current measurement (I)
% Column 10: PSU2 limiter flag
% Column 11: Heaterblock temperature (°C)
% * OPERATING POINT AT END OF PREHEAT / IDLE: U1 = 200.1 V  I1 = 0.03001 A  U2 = -3.809 V  I2 = -0.0002 A  T = NA °C
0.00 0.10000 0.2 0.00000 0 -0.000 -1.0000 -0.000 -0.0001 0 NA
5.00 0.10000 5.1 0.00000 0 -0.000 -1.0000 -0.000 -0.0001 0 NA
10.00 0.10000 10.1 0.00006 0 -0.000 -1.0000 -0.000 -0.0001 0 NA
15.00 0.10000 15.1 0.00013 0 -0.000 -1.0000 -0.000 -0.0001 0 NA
20.00 0.10000 20.1 0.00030 0 -0.000 -1.0000 -0.000 -0.0001 0 NA
25.00 0.10000 25.1 0.00072 0 -0.000 -1.0000 -0.000 -0.0001 0 NA
30.00 0.10000 30.1 0.00152 0 -0.000 -1.0000 -0.000 -0.0001 0 NA
35.00 0.10000 35.1 0.00289 0 -0.000 -1.0000 -0.000 -0.0001 0 NA
40.00 0.10000 40.1 0.00493 0 -0.000 -1.0000 -0.000 -0.0001 0 NA
45.00 0.10000 45.0 0.00765 0 -0.000 -1.0000 -0.000 -0.0001 0 NA
50.00 0.10000 50.1 0.01105 0 -0.000 -1.0000 -0.000 -0.0001 0 NA
55.00 0.10000 55.0 0.01495 0 -0.000 -1.0000 -0.000 -0.0001 0 NA
60.00 0.10000 60.0 0.01916 0 -0.000 -1.0000 -0.000 -0.0001 0 NA
65.00 0.10000 65.0 0.02357 0 -0.000 -1.0000 -0.000 -0.0001 0 NA
70.00 0.10000 70.1 0.02819 0 -0.000 -1.0000 -0.000 -0.0001 0 NA
75.00 0.10000 75.1 0.03299 0 -0.000 -1.0000 -0.000 -0.0001 0 NA
80.00 0.10000 80.1 0.03792 0 -0.000 -1.0000 -0.000 -0.0001 0 NA
85.00 0.10000 85.1 0.04300 0 -0.000 -1.0000 -0.000 -0.0001 0 NA
90.00 0.10000 90.1 0.04823 0 -0.000 -1.0000 -0.000 -0.0001 0 NA
95.00 0.10000 95.1 0.05353 0 -0.000 -1.0000 -0.000 -0.0001 0 NA
100.00 0.10000 100.1 0.05894 0 -0.000 -1.0000 -0.000 -0.0001 0 NA
105.00 0.10000 105.1 0.06430 0 -0.000 -1.0000 -0.000 -0.0001 0 NA
110.00 0.10000 110.1 0.06998 0 -0.000 -1.0000 -0.000 -0.0001 0 NA
115.00 0.10000 115.1 0.07566 0 -0.000 -1.0000 -0.000 -0.0001 0 NA
120.00 0.10000 120.1 0.08142 0 -0.000 -1.0000 -0.000 -0.0001 0 NA
125.00 0.10000 125.1 0.08724 0 -0.000 -1.0000 -0.000 -0.0001 0 NA
130.00 0.10000 130.1 0.09322 0 -0.000 -1.0000 -0.000 -0.0001 0 NA
135.00 0.10000 135.1 0.09917 0 -0.000 -1.0000 -0.000 -0.0001 0 NA
140.00 0.10000 136.1 0.10005 1 -0.000 -1.0000 -0.000 -0.0001 0 NA
0.00 0.10000 0.1 0.00000 0 -0.500 -1.0000 -0.499 -0.0001 0 NA
5.00 0.10000 5.1 0.00000 0 -0.500 -1.0000 -0.499 -0.0002 0 NA
10.00 0.10000 10.1 0.00000 0 -0.500 -1.0000 -0.499 -0.0002 0 NA
15.00 0.10000 15.1 0.00000 0 -0.500 -1.0000 -0.500 -0.0001 0 NA
20.00 0.10000 20.1 0.00005 0 -0.500 -1.0000 -0.499 -0.0002 0 NA
25.00 0.10000 25.1 0.00007 0 -0.500 -1.0000 -0.499 -0.0001 0 NA
30.00 0.10000 30.1 0.00016 0 -0.500 -1.0000 -0.499 -0.0001 0 NA
35.00 0.10000 35.1 0.00039 0 -0.500 -1.0000 -0.499 -0.0001 0 NA
40.00 0.10000 40.1 0.00085 0 -0.500 -1.0000 -0.499 -0.0001 0 NA
45.00 0.10000 45.0 0.00170 0 -0.500 -1.0000 -0.499 -0.0001 0 NA
50.00 0.10000 50.1 0.00305 0 -0.500 -1.0000 -0.499 -0.0001 0 NA
55.00 0.10000 55.0 0.00493 0 -0.500 -1.0000 -0.499 -0.0001 0 NA
60.00 0.10000 60.0 0.00738 0 -0.500 -1.0000 -0.499 -0.0001 0 NA
65.00 0.10000 65.0 0.01046 0 -0.500 -1.0000 -0.499 -0.0002 0 NA
70.00 0.10000 70.1 0.01410 0 -0.500 -1.0000 -0.500 -0.0001 0 NA
75.00 0.10000 75.1 0.01814 0 -0.500 -1.0000 -0.499 -0.0002 0 NA
80.00 0.10000 80.1 0.02244 0 -0.500 -1.0000 -0.499 -0.0002 0 NA
85.00 0.10000 85.1 0.02695 0 -0.500 -1.0000 -0.499 -0.0002 0 NA
90.00 0.10000 90.1 0.03162 0 -0.500 -1.0000 -0.499 -0.0001 0 NA
95.00 0.10000 95.1 0.03646 0 -0.500 -1.0000 -0.499 -0.0002 0 NA
100.00 0.10000 100.1 0.04142 0 -0.500 -1.0000 -0.499 -0.0001 0 NA
105.00 0.10000 105.1 0.04639 0 -0.500 -1.0000 -0.499 -0.0001 0 NA
110.00 0.10000 110.1 0.05166 0 -0.500 -1.0000 -0.499 -0.0002 0 NA
115.00 0.10000 115.1 0.05695 0 -0.500 -1.0000 -0.499 -0.0002 0 NA
120.00 0.10000 120.1 0.06236 0 -0.500 -1.0000 -0.499 -0.0001 0 NA
125.00 0.10000 125.1 0.06784 0 -0.500 -1.0000 -0.499 -0.0001 0 NA
130.00 0.10000 130.1 0.07348 0 -0.500 -1.0000 -0.499 -0.0001 0 NA
135.00 0.10000 135.1 0.07913 0 -0.500 -1.0000 -0.499 -0.0001 0 NA
140.00 0.10000 140.1 0.08483 0 -0.500 -1.0000 -0.499 -0.0001 0 NA
145.00 0.10000 145.1 0.09071 0 -0.500 -1.0000 -0.499 -0.0002 0 NA
150.00 0.10000 150.1 0.09656 0 -0.500 -1.0000 -0.499 -0.0001 0 NA
155.00 0.09677 154.0 0.10097 1 -0.500 -1.0000 -0.499 -0.0002 0 NA
0.00 0.10000 0.1 0.00000 0 -1.000 -1.0000 -0.999 -0.0001 0 NA
5.00 0.10000 5.1 0.00000 0 -1.000 -1.0000 -1.000 -0.0002 0 NA
10.00 0.10000 10.1 0.00000 0 -1.000 -1.0000 -0.999 -0.0002 0 NA
15.00 0.10000 15.1 0.00000 0 -1.000 -1.0000 -0.999 -0.0002 0 NA
20.00 0.10000 20.1 0.00000 0 -1.000 -1.0000 -0.999 -0.0002 0 NA
25.00 0.10000 25.1 0.00000 0 -1.000 -1.0000 -0.999 -0.0002 0 NA
30.00 0.10000 30.1 0.00000 0 -1.000 -1.0000 -0.999 -0.0001 0 NA
35.00 0.10000 35.1 0.00005 0 -1.000 -1.0000 -1.000 -0.0002 0 NA
40.00 0.10000 40.1 0.00009 0 -1.000 -1.0000 -1.000 -0.0002 0 NA
45.00 0.10000 45.0 0.00018 0 -1.000 -1.0000 -0.999 -0.0001 0 NA
50.00 0.10000 50.1 0.00040 0 -1.000 -1.0000 -1.000 -0.0001 0 NA
55.00 0.10000 55.0 0.00084 0 -1.000 -1.0000 -1.000 -0.0001 0 NA
60.00 0.10000 60.0 0.00160 0 -1.000 -1.0000 -1.000 -0.0001 0 NA
65.00 0.10000 65.0 0.00278 0 -1.000 -1.0000 -1.000 -0.0001 0 NA
70.00 0.10000 70.1 0.00447 0 -1.000 -1.0000 -1.000 -0.0002 0 NA
75.00 0.10000 75.1 0.00667 0 -1.000 -1.0000 -0.999 -0.0001 0 NA
80.00 0.10000 80.1 0.00943 0 -1.000 -1.0000 -0.999 -0.0001 0 NA
85.00 0.10000 85.1 0.01276 0 -1.000 -1.0000 -0.999 -0.0001 0 NA
90.00 0.10000 90.1 0.01656 0 -1.000 -1.0000 -1.000 -0.0001 0 NA
95.00 0.10000 95.1 0.02068 0 -1.000 -1.0000 -0.999 -0.0002 0 NA
100.00 0.10000 100.1 0.02505 0 -1.000 -1.0000 -0.999 -0.0002 0 NA
105.00 0.10000 105.1 0.02965 0 -1.000 -1.0000 -1.000 -0.0001 0 NA
110.00 0.10000 110.1 0.03438 0 -1.000 -1.0000 -1.000 -0.0001 0 NA
115.00 0.10000 115.1 0.03924 0 -1.000 -1.0000 -0.999 -0.0002 0 NA
120.00 0.10000 120.1 0.04422 0 -1.000 -1.0000 -0.999 -0.0002 0 NA
125.00 0.10000 125.1 0.04936 0 -1.000 -1.0000 -0.999 -0.0002 0 NA
130.00 0.10000 130.1 0.05456 0 -1.000 -1.0000 -0.999 -0.0001 0 NA
135.00 0.10000 135.1 0.05985 0 -1.000 -1.0000 -0.999 -0.0001 0 NA
140.00 0.10000 140.1 0.06531 0 -1.000 -1.0000 -1.000 -0.0001 0 NA
145.00 0.10000 145.1 0.07076 0 -1.000 -1.0000 -0.999 -0.0001 0 NA
150.00 0.10000 150.1 0.07632 0 -1.000 -1.0000 -1.000 -0.0002 0 NA
155.00 0.09677 155.1 0.08195 0 -1.000 -1.0000 -1.000 -0.0001 0 NA
160.00 0.09375 160.1 0.08776 0 -1.000 -1.0000 -0.999 -0.0001 0 NA
165.00 0.09091 165.1 0.09353 1 -1.000 -1.0000 -0.999 -0.0001 0 NA
0.00 0.10000 0.2 0.00000 0 -1.500 -1.0000 -1.499 -0.0002 0 NA
5.00 0.10000 5.1 0.00000 0 -1.500 -1.0000 -1.499 -0.0001 0 NA
10.00 0.10000 10.1 0.00000 0 -1.500 -1.0000 -1.499 -0.0001 0 NA
15.00 0.10000 15.1 0.00000 0 -1.500 -1.0000 -1.499 -0.0002 0 NA
20.00 0.10000 20.1 0.00000 0 -1.500 -1.0000 -1.499 -0.0002 0 NA
25.00 0.10000 25.1 0.00000 0 -1.500 -1.0000 -1.499 -0.0002 0 NA
30.00 0.10000 30.1 0.00000 0 -1.500 -1.0000 -1.499 -0.0002 0 NA
35.00 0.10000 35.1 0.00000 0 -1.500 -1.0000 -1.499 -0.0001 0 NA
40.00 0.10000 40.1 0.00000 0 -1.500 -1.0000 -1.499 -0.0001 0 NA
45.00 0.10000 45.0 0.00000 0 -1.500 -1.0000 -1.499 -0.0001 0 NA
50.00 0.10000 50.1 0.00006 0 -1.500 -1.0000 -1.499 -0.0001 0 NA
55.00 0.10000 55.0 0.00010 0 -1.500 -1.0000 -1.500 -0.0002 0 NA
60.00 0.10000 60.0 0.00019 0 -1.500 -1.0000 -1.499 -0.0001 0 NA
65.00 0.10000 65.0 0.00039 0 -1.500 -1.0000 -1.499 -0.0002 0 NA
70.00 0.10000 70.1 0.00079 0 -1.500 -1.0000 -1.499 -0.0002 0 NA
75.00 0.10000 75.1 0.00147 0 -1.500 -1.0000 -1.499 -0.0001 0 NA
80.00 0.10000 80.1 0.00253 0 -1.500 -1.0000 -1.499 -0.0001 0 NA
85.00 0.10000 85.1 0.00403 0 -1.500 -1.0000 -1.499 -0.0001 0 NA
90.00 0.10000 90.1 0.00601 0 -1.500 -1.0000 -1.499 -0.0001 0 NA
95.00 0.10000 95.1 0.00847 0 -1.500 -1.0000 -1.499 -0.0001 0 NA
100.00 0.10000 100.1 0.01146 0 -1.500 -1.0000 -1.499 -0.0002 0 NA
105.00 0.10000 105.1 0.01495 0 -1.500 -1.0000 -1.499 -0.0001 0 NA
110.00 0.10000 110.1 0.01888 0 -1.500 -1.0000 -1.499 -0.0002 0 NA
115.00 0.10000 115.1 0.02306 0 -1.500 -1.0000 -1.499 -0.0002 0 NA
120.00 0.10000 120.1 0.02748 0 -1.500 -1.0000 -1.499 -0.0002 0 NA
125.00 0.10000 125.1 0.03211 0 -1.500 -1.0000 -1.499 -0.0001 0 NA
130.00 0.10000 130.1 0.03684 0 -1.500 -1.0000 -1.499 -0.0001 0 NA
135.00 0.10000 135.1 0.04171 0 -1.500 -1.0000 -1.499 -0.0002 0 NA
140.00 0.10000 140.1 0.04668 0 -1.500 -1.0000 -1.499 -0.0001 0 NA
145.00 0.10000 145.1 0.05181 0 -1.500 -1.0000 -1.499 -0.0002 0 NA
150.00 0.10000 150.1 0.05699 0 -1.500 -1.0000 -1.499 -0.0002 0 NA
155.00 0.09677 155.1 0.06226 0 -1.500 -1.0000 -1.500 -0.0002 0 NA
160.00 0.09375 160.1 0.06771 0 -1.500 -1.0000 -1.499 -0.0002 0 NA
165.00 0.09091 165.1 0.07313 0 -1.500 -1.0000 -1.499 -0.0002 0 NA
170.00 0.08824 170.1 0.07865 0 -1.500 -1.0000 -1.499 -0.0001 0 NA
175.00 0.08571 171.6 0.08004 1 -1.500 -1.0000 -1.499 -0.0002 0 NA
0.00 0.10000 0.1 0.00000 0 -2.000 -1.0000 -1.999 -0.0001 0 NA
5.00 0.10000 5.1 0.00000 0 -2.000 -1.0000 -1.999 -0.0001 0 NA
10.00 0.10000 10.1 0.00000 0 -2.000 -1.0000 -2.000 -0.0002 0 NA
15.00 0.10000 15.1 0.00000 0 -2.000 -1.0000 -1.999 -0.0002 0 NA
20.00 0.10000 20.1 0.00000 0 -2.000 -1.0000 -1.999 -0.0001 0 NA
25.00 0.10000 25.1 0.00000 0 -2.000 -1.0000 -1.999 -0.0002 0 NA
30.00 0.10000 30.1 0.00000 0 -2.000 -1.0000 -1.999 -0.0002 0 NA
35.00 0.10000 35.1 0.00000 0 -2.000 -1.0000 -1.999 -0.0001 0 NA
40.00 0.10000 40.1 0.00000 0 -2.000 -1.0000 -1.999 -0.0001 0 NA
45.00 0.10000 45.0 0.00000 0 -2.000 -1.0000 -1.999 -0.0002 0 NA
50.00 0.10000 50.1 0.00000 0 -2.000 -1.0000 -1.999 -0.0002 0 NA
55.00 0.10000 55.0 0.00000 0 -2.000 -1.0000 -1.999 -0.0001 0 NA
60.00 0.10000 60.0 0.00000 0 -2.000 -1.0000 -1.999 -0.0001 0 NA
65.00 0.10000 65.0 0.00006 0 -2.000 -1.0000 -1.999 -0.0002 0 NA
70.00 0.10000 70.1 0.00010 0 -2.000 -1.0000 -1.999 -0.0002 0 NA
75.00 0.10000 75.1 0.00019 0 -2.000 -1.0000 -1.999 -0.0002 0 NA
80.00 0.10000 80.1 0.00037 0 -2.000 -1.0000 -1.999 -0.0002 0 NA
85.00 0.10000 85.1 0.00073 0 -2.000 -1.0000 -1.999 -0.0002 0 NA
90.00 0.10000 90.1 0.00134 0 -2.000 -1.0000 -1.999 -0.0002 0 NA
95.00 0.10000 95.1 0.00227 0 -2.000 -1.0000 -1.999 -0.0002 0 NA
100.00 0.10000 100.1 0.00359 0 -2.000 -1.0000 -1.999 -0.0001 0 NA
105.00 0.10000 105.1 0.00535 0 -2.000 -1.0000 -1.999 -0.0001 0 NA
110.00 0.10000 110.1 0.00757 0 -2.000 -1.0000 -1.999 -0.0001 0 NA
115.00 0.10000 115.1 0.01027 0 -2.000 -1.0000 -1.999 -0.0001 0 NA
120.00 0.10000 120.1 0.01347 0 -2.000 -1.0000 -2.000 -0.0001 0 NA
125.00 0.10000 125.1 0.01708 0 -2.000 -1.0000 -1.999 -0.0002 0 NA
130.00 0.10000 130.1 0.02104 0 -2.000 -1.0000 -2.000 -0.0001 0 NA
135.00 0.10000 135.1 0.02533 0 -2.000 -1.0000 -1.999 -0.0002 0 NA
140.00 0.10000 140.1 0.02977 0 -2.000 -1.0000 -1.999 -0.0002 0 NA
145.00 0.10000 145.1 0.03435 0 -2.000 -1.0000 -1.999 -0.0001 0 NA
150.00 0.10000 150.1 0.03909 0 -2.000 -1.0000 -1.999 -0.0002 0 NA
155.00 0.09677 155.1 0.04400 0 -2.000 -1.0000 -1.999 -0.0001 0 NA
160.00 0.09375 160.1 0.04897 0 -2.000 -1.0000 -2.000 -0.0001 0 NA
165.00 0.09091 165.1 0.05401 0 -2.000 -1.0000 -2.000 -0.0002 0 NA
170.00 0.08824 170.1 0.05925 0 -2.000 -1.0000 -1.999 -0.0001 0 NA
175.00 0.08571 175.1 0.06449 0 -2.000 -1.0000 -1.999 -0.0002 0 NA
180.00 0.08333 180.1 0.07009 0 -2.000 -1.0000 -1.999 -0.0002 0 NA
185.00 0.08108 185.1 0.07622 0 -2.000 -1.0000 -2.000 -0.0001 0 NA
190.00 0.07895 190.1 0.08200 1 -2.000 -1.0000 -1.999 -0.0001 0 NA
0.00 0.10000 0.1 0.00000 0 -2.500 -1.0000 -2.499 -0.0002 0 NA
5.00 0.10000 5.1 0.00000 0 -2.500 -1.0000 -2.499 -0.0002 0 NA
10.00 0.10000 10.1 0.00000 0 -2.500 -1.0000 -2.499 -0.0002 0 NA
15.00 0.10000 15.1 0.00000 0 -2.500 -1.0000 -2.499 -0.0002 0 NA
20.00 0.10000 20.1 0.00000 0 -2.500 -1.0000 -2.499 -0.0001 0 NA
25.00 0.10000 25.1 0.00000 0 -2.500 -1.0000 -2.499 -0.0001 0 NA
30.00 0.10000 30.1 0.00000 0 -2.500 -1.0000 -2.499 -0.0002 0 NA
35.00 0.10000 35.1 0.00000 0 -2.500 -1.0000 -2.499 -0.0002 0 NA
40.00 0.10000 40.1 0.00000 0 -2.500 -1.0000 -2.499 -0.0002 0 NA
45.00 0.10000 45.0 0.00000 0 -2.500 -1.0000 -2.499 -0.0001 0 NA
50.00 0.10000 50.1 0.00000 0 -2.500 -1.0000 -2.499 -0.0002 0 NA
55.00 0.10000 55.0 0.00000 0 -2.500 -1.0000 -2.499 -0.0001 0 NA
60.00 0.10000 60.0 0.00000 0 -2.500 -1.0000 -2.499 -0.0001 0 NA
65.00 0.10000 65.0 0.00000 0 -2.500 -1.0000 -2.499 -0.0002 0 NA
70.00 0.10000 70.1 0.00000 0 -2.500 -1.0000 -2.499 -0.0002 0 NA
75.00 0.10000 75.1 0.00000 0 -2.500 -1.0000 -2.499 -0.0001 0 NA
80.00 0.10000 80.1 0.00007 0 -2.500 -1.0000 -2.499 -0.0002 0 NA
85.00 0.10000 85.1 0.00010 0 -2.500 -1.0000 -2.499 -0.0002 0 NA
90.00 0.10000 90.1 0.00019 0 -2.500 -1.0000 -2.499 -0.0002 0 NA
95.00 0.10000 95.1 0.00035 0 -2.500 -1.0000 -2.499 -0.0001 0 NA
100.00 0.10000 100.1 0.00067 0 -2.500 -1.0000 -2.499 -0.0002 0 NA
105.00 0.10000 105.1 0.00121 0 -2.500 -1.0000 -2.499 -0.0002 0 NA
110.00 0.10000 110.1 0.00205 0 -2.500 -1.0000 -2.499 -0.0002 0 NA
115.00 0.10000 115.1 0.00323 0 -2.500 -1.0000 -2.499 -0.0001 0 NA
120.00 0.10000 120.1 0.00482 0 -2.500 -1.0000 -2.499 -0.0002 0 NA
125.00 0.10000 125.1 0.00683 0 -2.500 -1.0000 -2.499 -0.0001 0 NA
130.00 0.10000 130.1 0.00929 0 -2.500 -1.0000 -2.499 -0.0001 0 NA
135.00 0.10000 135.1 0.01220 0 -2.500 -1.0000 -2.499 -0.0001 0 NA
140.00 0.10000 140.1 0.01558 0 -2.500 -1.0000 -2.499 -0.0002 0 NA
145.00 0.10000 145.1 0.01930 0 -2.500 -1.0000 -2.499 -0.0001 0 NA
150.00 0.10000 150.1 0.02335 0 -2.500 -1.0000 -2.499 -0.0001 0 NA
155.00 0.09677 155.1 0.02768 0 -2.500 -1.0000 -2.499 -0.0002 0 NA
160.00 0.09375 160.1 0.03215 0 -2.500 -1.0000 -2.499 -0.0001 0 NA
165.00 0.09091 165.1 0.03674 0 -2.500 -1.0000 -2.499 -0.0002 0 NA
170.00 0.08824 170.1 0.04166 0 -2.500 -1.0000 -2.499 -0.0002 0 NA
175.00 0.08571 175.1 0.04662 0 -2.500 -1.0000 -2.499 -0.0001 0 NA
180.00 0.08333 180.1 0.05178 0 -2.500 -1.0000 -2.499 -0.0001 0 NA
185.00 0.08108 185.1 0.05710 0 -2.500 -1.0000 -2.499 -0.0002 0 NA
190.00 0.07895 190.1 0.06243 0 -2.500 -1.0000 -2.499 -0.0002 0 NA
195.00 0.07692 195.1 0.06774 0 -2.500 -1.0000 -2.499 -0.0001 0 NA
200.00 0.07500 200.1 0.07332 0 -2.500 -1.0000 -2.499 -0.0002 0 NA
205.00 0.07317 205.1 0.07890 1 -2.500 -1.0000 -2.499 -0.0001 0 NA
0.00 0.10000 0.1 0.00000 0 -3.000 -1.0000 -3.000 -0.0001 0 NA
5.00 0.10000 5.1 0.00000 0 -3.000 -1.0000 -3.000 -0.0001 0 NA
10.00 0.10000 10.1 0.00000 0 -3.000 -1.0000 -3.000 -0.0002 0 NA
15.00 0.10000 15.1 0.00000 0 -3.000 -1.0000 -3.000 -0.0001 0 NA
20.00 0.10000 20.1 0.00000 0 -3.000 -1.0000 -3.000 -0.0001 0 NA
25.00 0.10000 25.1 0.00000 0 -3.000 -1.0000 -3.000 -0.0001 0 NA
30.00 0.10000 30.1 0.00000 0 -3.000 -1.0000 -3.000 -0.0001 0 NA
35.00 0.10000 35.1 0.00000 0 -3.000 -1.0000 -3.000 -0.0001 0 NA
40.00 0.10000 40.1 0.00000 0 -3.000 -1.0000 -3.000 -0.0001 0 NA
45.00 0.10000 45.0 0.00000 0 -3.000 -1.0000 -3.000 -0.0002 0 NA
50.00 0.10000 50.1 0.00000 0 -3.000 -1.0000 -3.000 -0.0002 0 NA
55.00 0.10000 55.0 0.00000 0 -3.000 -1.0000 -3.000 -0.0001 0 NA
60.00 0.10000 60.0 0.00000 0 -3.000 -1.0000 -3.000 -0.0001 0 NA
65.00 0.10000 65.0 0.00000 0 -3.000 -1.0000 -3.000 -0.0001 0 NA
70.00 0.10000 70.1 0.00000 0 -3.000 -1.0000 -3.000 -0.0002 0 NA
75.00 0.10000 75.1 0.00000 0 -3.000 -1.0000 -3.000 -0.0002 0 NA
80.00 0.10000 80.1 0.00000 0 -3.000 -1.0000 -3.000 -0.0002 0 NA
85.00 0.10000 85.1 0.00000 0 -3.000 -1.0000 -3.000 -0.0002 0 NA
90.00 0.10000 90.1 0.00005 0 -3.000 -1.0000 -3.000 -0.0002 0 NA
95.00 0.10000 95.1 0.00007 0 -3.000 -1.0000 -3.000 -0.0001 0 NA
100.00 0.10000 100.1 0.00010 0 -3.000 -1.0000 -3.000 -0.0001 0 NA
105.00 0.10000 105.1 0.00018 0 -3.000 -1.0000 -3.000 -0.0002 0 NA
110.00 0.10000 110.1 0.00034 0 -3.000 -1.0000 -3.000 -0.0002 0 NA
115.00 0.10000 115.1 0.00063 0 -3.000 -1.0000 -3.000 -0.0001 0 NA
120.00 0.10000 120.1 0.00111 0 -3.000 -1.0000 -3.000 -0.0002 0 NA
125.00 0.10000 125.1 0.00185 0 -3.000 -1.0000 -3.000 -0.0001 0 NA
130.00 0.10000 130.1 0.00293 0 -3.000 -1.0000 -3.000 -0.0001 0 NA
135.00 0.10000 135.1 0.00437 0 -3.000 -1.0000 -3.000 -0.0001 0 NA
140.00 0.10000 140.1 0.00621 0 -3.000 -1.0000 -3.000 -0.0002 0 NA
145.00 0.10000 145.1 0.00846 0 -3.000 -1.0000 -3.000 -0.0001 0 NA
150.00 0.10000 150.1 0.01122 0 -3.000 -1.0000 -3.000 -0.0001 0 NA
155.00 0.09677 155.1 0.01438 0 -3.000 -1.0000 -3.000 -0.0001 0 NA
160.00 0.09375 160.1 0.01791 0 -3.000 -1.0000 -3.000 -0.0001 0 NA
165.00 0.09091 165.1 0.02176 0 -3.000 -1.0000 -3.000 -0.0002 0 NA
170.00 0.08824 170.1 0.02596 0 -3.000 -1.0000 -3.000 -0.0001 0 NA
175.00 0.08571 175.1 0.03041 0 -3.000 -1.0000 -3.000 -0.0002 0 NA
180.00 0.08333 180.1 0.03499 0 -3.000 -1.0000 -3.000 -0.0002 0 NA
185.00 0.08108 185.1 0.03964 0 -3.000 -1.0000 -3.000 -0.0001 0 NA
190.00 0.07895 190.1 0.04452 0 -3.000 -1.0000 -3.000 -0.0001 0 NA
195.00 0.07692 195.1 0.04938 0 -3.000 -1.0000 -3.000 -0.0002 0 NA
200.00 0.07500 200.1 0.05458 0 -3.000 -1.0000 -3.000 -0.0002 0 NA
205.00 0.07317 205.1 0.05985 0 -3.000 -1.0000 -3.000 -0.0001 0 NA
210.00 0.07143 210.1 0.06497 0 -3.000 -1.0000 -3.000 -0.0002 0 NA
215.00 0.06977 205.7 0.06003 1 -3.000 -1.0000 -3.000 -0.0001 0 NA
0.00 0.10000 0.1 0.00000 0 -3.500 -1.0000 -3.500 -0.0001 0 NA
5.00 0.10000 5.1 0.00000 0 -3.500 -1.0000 -3.500 -0.0001 0 NA
10.00 0.10000 10.1 0.00000 0 -3.500 -1.0000 -3.500 -0.0002 0 NA
15.00 0.10000 15.1 0.00000 0 -3.500 -1.0000 -3.500 -0.0001 0 NA
20.00 0.10000 20.1 0.00000 0 -3.500 -1.0000 -3.500 -0.0001 0 NA
25.00 0.10000 25.1 0.00000 0 -3.500 -1.0000 -3.500 -0.0002 0 NA
30.00 0.10000 30.1 0.00000 0 -3.500 -1.0000 -3.500 -0.0002 0 NA
35.00 0.10000 35.1 0.00000 0 -3.500 -1.0000 -3.500 -0.0001 0 NA
40.00 0.10000 40.1 0.00000 0 -3.500 -1.0000 -3.500 -0.0001 0 NA
45.00 0.10000 45.0 0.00000 0 -3.500 -1.0000 -3.500 -0.0001 0 NA
50.00 0.10000 50.1 0.00000 0 -3.500 -1.0000 -3.500 -0.0001 0 NA
55.00 0.10000 55.0 0.00000 0 -3.500 -1.0000 -3.500 -0.0002 0 NA
60.00 0.10000 60.0 0.00000 0 -3.500 -1.0000 -3.500 -0.0001 0 NA
65.00 0.10000 65.0 0.00000 0 -3.500 -1.0000 -3.500 -0.0001 0 NA
70.00 0.10000 70.1 0.00000 0 -3.500 -1.0000 -3.500 -0.0001 0 NA
75.00 0.10000 75.1 0.00000 0 -3.500 -1.0000 -3.500 -0.0001 0 NA
80.00 0.10000 80.1 0.00000 0 -3.500 -1.0000 -3.500 -0.0001 0 NA
85.00 0.10000 85.1 0.00000 0 -3.500 -1.0000 -3.500 -0.0002 0 NA
90.00 0.10000 90.1 0.00000 0 -3.500 -1.0000 -3.500 -0.0001 0 NA
95.00 0.10000 95.1 0.00000 0 -3.500 -1.0000 -3.500 -0.0001 0 NA
100.00 0.10000 100.1 0.00000 0 -3.500 -1.0000 -3.500 -0.0001 0 NA
105.00 0.10000 105.1 0.00005 0 -3.500 -1.0000 -3.500 -0.0001 0 NA
110.00 0.10000 110.1 0.00007 0 -3.500 -1.0000 -3.500 -0.0002 0 NA
115.00 0.10000 115.1 0.00010 0 -3.500 -1.0000 -3.500 -0.0002 0 NA
120.00 0.10000 120.1 0.00017 0 -3.500 -1.0000 -3.500 -0.0001 0 NA
125.00 0.10000 125.1 0.00032 0 -3.500 -1.0000 -3.500 -0.0002 0 NA
130.00 0.10000 130.1 0.00057 0 -3.500 -1.0000 -3.500 -0.0001 0 NA
135.00 0.10000 135.1 0.00101 0 -3.500 -1.0000 -3.500 -0.0002 0 NA
140.00 0.10000 140.1 0.00169 0 -3.500 -1.0000 -3.500 -0.0001 0 NA
145.00 0.10000 145.1 0.00266 0 -3.500 -1.0000 -3.500 -0.0001 0 NA
150.00 0.10000 150.1 0.00397 0 -3.500 -1.0000 -3.500 -0.0002 0 NA
155.00 0.09677 155.1 0.00567 0 -3.500 -1.0000 -3.500 -0.0001 0 NA
160.00 0.09375 160.1 0.00777 0 -3.500 -1.0000 -3.500 -0.0002 0 NA
165.00 0.09091 165.1 0.01032 0 -3.500 -1.0000 -3.500 -0.0002 0 NA
170.00 0.08824 170.1 0.01327 0 -3.500 -1.0000 -3.500 -0.0001 0 NA
175.00 0.08571 175.1 0.01661 0 -3.500 -1.0000 -3.500 -0.0001 0 NA
180.00 0.08333 180.1 0.02028 0 -3.500 -1.0000 -3.500 -0.0001 0 NA
185.00 0.08108 185.1 0.02421 0 -3.500 -1.0000 -3.500 -0.0002 0 NA
190.00 0.07895 190.1 0.02858 0 -3.500 -1.0000 -3.500 -0.0002 0 NA
195.00 0.07692 195.1 0.03302 0 -3.500 -1.0000 -3.500 -0.0001 0 NA
200.00 0.07500 200.1 0.03755 0 -3.500 -1.0000 -3.500 -0.0002 0 NA
205.00 0.07317 205.1 0.04200 0 -3.500 -1.0000 -3.500 -0.0001 0 NA
210.00 0.07143 210.1 0.04693 0 -3.500 -1.0000 -3.500 -0.0002 0 NA
215.00 0.06977 215.1 0.05179 0 -3.500 -1.0000 -3.500 -0.0001 0 NA
220.00 0.06818 220.1 0.05686 0 -3.500 -1.0000 -3.500 -0.0001 0 NA
225.00 0.06667 225.1 0.06188 0 -3.500 -1.0000 -3.500 -0.0002 0 NA
230.00 0.06522 223.6 0.06002 1 -3.500 -1.0000 -3.500 -0.0001 0 NA
0.00 0.10000 0.1 0.00000 0 -4.000 -1.0000 -4.000 -0.0001 0 NA
5.00 0.10000 5.1 0.00000 0 -4.000 -1.0000 -4.000 -0.0001 0 NA
10.00 0.10000 10.1 0.00000 0 -4.000 -1.0000 -4.000 -0.0002 0 NA
15.00 0.10000 15.1 0.00000 0 -4.000 -1.0000 -4.000 -0.0002 0 NA
20.00 0.10000 20.1 0.00000 0 -4.000 -1.0000 -4.000 -0.0001 0 NA
25.00 0.10000 25.1 0.00000 0 -4.000 -1.0000 -4.000 -0.0001 0 NA
30.00 0.10000 30.1 0.00000 0 -4.000 -1.0000 -4.000 -0.0001 0 NA
35.00 0.10000 35.1 0.00000 0 -4.000 -1.0000 -4.001 -0.0002 0 NA
40.00 0.10000 40.1 0.00000 0 -4.000 -1.0000 -4.000 -0.0001 0 NA
45.00 0.10000 45.0 0.00000 0 -4.000 -1.0000 -4.000 -0.0002 0 NA
50.00 0.10000 50.1 0.00000 0 -4.000 -1.0000 -4.000 -0.0002 0 NA
55.00 0.10000 55.0 0.00000 0 -4.000 -1.0000 -4.000 -0.0002 0 NA
60.00 0.10000 60.0 0.00000 0 -4.000 -1.0000 -4.000 -0.0002 0 NA
65.00 0.10000 65.0 0.00000 0 -4.000 -1.0000 -4.000 -0.0002 0 NA
70.00 0.10000 70.1 0.00000 0 -4.000 -1.0000 -4.000 -0.0002 0 NA
75.00 0.10000 75.1 0.00000 0 -4.000 -1.0000 -4.000 -0.0001 0 NA
80.00 0.10000 80.1 0.00000 0 -4.000 -1.0000 -4.000 -0.0001 0 NA
85.00 0.10000 85.1 0.00000 0 -4.000 -1.0000 -4.000 -0.0001 0 NA
90.00 0.10000 90.1 0.00000 0 -4.000 -1.0000 -4.000 -0.0001 0 NA
95.00 0.10000 95.1 0.00000 0 -4.000 -1.0000 -4.000 -0.0001 0 NA
100.00 0.10000 100.1 0.00000 0 -4.000 -1.0000 -4.000 -0.0002 0 NA
105.00 0.10000 105.1 0.00000 0 -4.000 -1.0000 -4.000 -0.0001 0 NA
110.00 0.10000 110.1 0.00000 0 -4.000 -1.0000 -4.000 -0.0001 0 NA
115.00 0.10000 115.1 0.00000 0 -4.000 -1.0000 -4.000 -0.0002 0 NA
120.00 0.10000 120.1 0.00005 0 -4.000 -1.0000 -4.000 -0.0001 0 NA
125.00 0.10000 125.1 0.00007 0 -4.000 -1.0000 -4.000 -0.0001 0 NA
130.00 0.10000 130.1 0.00010 0 -4.000 -1.0000 -4.000 -0.0001 0 NA
135.00 0.10000 135.1 0.00018 0 -4.000 -1.0000 -4.000 -0.0001 0 NA
140.00 0.10000 140.1 0.00031 0 -4.000 -1.0000 -4.000 -0.0001 0 NA
145.00 0.10000 145.1 0.00056 0 -4.000 -1.0000 -4.000 -0.0001 0 NA
150.00 0.10000 150.1 0.00097 0 -4.000 -1.0000 -4.000 -0.0001 0 NA
155.00 0.09677 155.1 0.00159 0 -4.000 -1.0000 -4.000 -0.0002 0 NA
160.00 0.09375 160.1 0.00250 0 -4.000 -1.0000 -4.000 -0.0001 0 NA
165.00 0.09091 165.1 0.00373 0 -4.000 -1.0000 -4.000 -0.0001 0 NA
170.00 0.08824 170.1 0.00531 0 -4.000 -1.0000 -4.000 -0.0001 0 NA
175.00 0.08571 175.1 0.00727 0 -4.000 -1.0000 -4.000 -0.0001 0 NA
180.00 0.08333 180.1 0.00962 0 -4.000 -1.0000 -4.000 -0.0001 0 NA
185.00 0.08108 185.1 0.01235 0 -4.000 -1.0000 -4.000 -0.0001 0 NA
190.00 0.07895 190.1 0.01550 0 -4.000 -1.0000 -4.000 -0.0002 0 NA
195.00 0.07692 195.1 0.01890 0 -4.000 -1.0000 -4.000 -0.0001 0 NA
200.00 0.07500 200.1 0.02268 0 -4.000 -1.0000 -4.000 -0.0001 0 NA
205.00 0.07317 205.1 0.02654 0 -4.000 -1.0000 -4.000 -0.0002 0 NA
210.00 0.07143 210.1 0.03087 0 -4.000 -1.0000 -4.000 -0.0001 0 NA
215.00 0.06977 215.1 0.03527 0 -4.000 -1.0000 -4.000 -0.0002 0 NA
220.00 0.06818 220.1 0.03989 0 -4.000 -1.0000 -4.000 -0.0002 0 NA
225.00 0.06667 225.1 0.04453 0 -4.000 -1.0000 -4.000 -0.0002 0 NA
230.00 0.06522 230.1 0.04926 0 -4.000 -1.0000 -4.000 -0.0001 0 NA
235.00 0.06383 235.1 0.05422 0 -4.000 -1.0000 -4.000 -0.0001 0 NA
240.00 0.06250 240.1 0.05912 0 -4.000 -1.0000 -4.001 -0.0001 0 NA
245.00 0.06122 241.4 0.06003 1 -4.000 -1.0000 -4.000 -0.0002 0 NA
0.00 0.10000 0.1 0.00000 0 -4.500 -1.0000 -4.499 -0.0002 0 NA
5.00 0.10000 5.1 0.00000 0 -4.500 -1.0000 -4.500 -0.0001 0 NA
10.00 0.10000 10.1 0.00000 0 -4.500 -1.0000 -4.500 -0.0001 0 NA
15.00 0.10000 15.1 0.00000 0 -4.500 -1.0000 -4.499 -0.0001 0 NA
20.00 0.10000 20.1 0.00000 0 -4.500 -1.0000 -4.500 -0.0001 0 NA
25.00 0.10000 25.1 0.00000 0 -4.500 -1.0000 -4.500 -0.0001 0 NA
30.00 0.10000 30.1 0.00000 0 -4.500 -1.0000 -4.499 -0.0001 0 NA
35.00 0.10000 35.1 0.00000 0 -4.500 -1.0000 -4.499 -0.0001 0 NA
40.00 0.10000 40.1 0.00000 0 -4.500 -1.0000 -4.499 -0.0001 0 NA
45.00 0.10000 45.0 0.00000 0 -4.500 -1.0000 -4.500 -0.0001 0 NA
50.00 0.10000 50.1 0.00000 0 -4.500 -1.0000 -4.500 -0.0001 0 NA
55.00 0.10000 55.0 0.00000 0 -4.500 -1.0000 -4.500 -0.0002 0 NA
60.00 0.10000 60.0 0.00000 0 -4.500 -1.0000 -4.500 -0.0002 0 NA
65.00 0.10000 65.0 0.00000 0 -4.500 -1.0000 -4.499 -0.0002 0 NA
70.00 0.10000 70.1 0.00000 0 -4.500 -1.0000 -4.500 -0.0001 0 NA
75.00 0.10000 75.1 0.00000 0 -4.500 -1.0000 -4.500 -0.0001 0 NA
80.00 0.10000 80.1 0.00000 0 -4.500 -1.0000 -4.499 -0.0001 0 NA
85.00 0.10000 85.1 0.00000 0 -4.500 -1.0000 -4.499 -0.0001 0 NA
90.00 0.10000 90.1 0.00000 0 -4.500 -1.0000 -4.500 -0.0001 0 NA
95.00 0.10000 95.1 0.00000 0 -4.500 -1.0000 -4.500 -0.0001 0 NA
100.00 0.10000 100.1 0.00000 0 -4.500 -1.0000 -4.500 -0.0001 0 NA
105.00 0.10000 105.1 0.00000 0 -4.500 -1.0000 -4.499 -0.0001 0 NA
110.00 0.10000 110.1 0.00000 0 -4.500 -1.0000 -4.500 -0.0001 0 NA
115.00 0.10000 115.1 0.00000 0 -4.500 -1.0000 -4.500 -0.0001 0 NA
120.00 0.10000 120.1 0.00000 0 -4.500 -1.0000 -4.499 -0.0001 0 NA
125.00 0.10000 125.1 0.00000 0 -4.500 -1.0000 -4.500 -0.0001 0 NA
130.00 0.10000 130.1 0.00000 0 -4.500 -1.0000 -4.500 -0.0002 0 NA
135.00 0.10000 135.1 0.00005 0 -4.500 -1.0000 -4.500 -0.0001 0 NA
140.00 0.10000 140.1 0.00007 0 -4.500 -1.0000 -4.500 -0.0002 0 NA
145.00 0.10000 145.1 0.00010 0 -4.500 -1.0000 -4.500 -0.0001 0 NA
150.00 0.10000 150.1 0.00017 0 -4.500 -1.0000 -4.500 -0.0001 0 NA
155.00 0.09677 155.1 0.00030 0 -4.500 -1.0000 -4.499 -0.0002 0 NA
160.00 0.09375 160.1 0.00053 0 -4.500 -1.0000 -4.500 -0.0001 0 NA
165.00 0.09091 165.1 0.00091 0 -4.500 -1.0000 -4.500 -0.0002 0 NA
170.00 0.08824 170.1 0.00148 0 -4.500 -1.0000 -4.500 -0.0002 0 NA
175.00 0.08571 175.1 0.00231 0 -4.500 -1.0000 -4.500 -0.0001 0 NA
180.00 0.08333 180.1 0.00344 0 -4.500 -1.0000 -4.499 -0.0001 0 NA
185.00 0.08108 185.1 0.00490 0 -4.500 -1.0000 -4.499 -0.0001 0 NA
190.00 0.07895 190.1 0.00673 0 -4.500 -1.0000 -4.500 -0.0001 0 NA
195.00 0.07692 195.1 0.00891 0 -4.500 -1.0000 -4.500 -0.0002 0 NA
200.00 0.07500 200.1 0.01146 0 -4.500 -1.0000 -4.499 -0.0001 0 NA
205.00 0.07317 205.0 0.01440 0 -4.500 -1.0000 -4.500 -0.0001 0 NA
210.00 0.07143 210.1 0.01769 0 -4.500 -1.0000 -4.500 -0.0001 0 NA
215.00 0.06977 215.1 0.02126 0 -4.500 -1.0000 -4.500 -0.0002 0 NA
220.00 0.06818 220.1 0.02508 0 -4.500 -1.0000 -4.499 -0.0002 0 NA
225.00 0.06667 225.1 0.02922 0 -4.500 -1.0000 -4.499 -0.0002 0 NA
230.00 0.06522 230.1 0.03344 0 -4.500 -1.0000 -4.500 -0.0001 0 NA
235.00 0.06383 235.1 0.03782 0 -4.500 -1.0000 -4.499 -0.0001 0 NA
240.00 0.06250 240.1 0.04230 0 -4.500 -1.0000 -4.499 -0.0001 0 NA
245.00 0.06122 245.1 0.04701 0 -4.500 -1.0000 -4.499 -0.0002 0 NA
250.00 0.06000 250.1 0.05170 0 -4.500 -1.0000 -4.500 -0.0001 0 NA
255.00 0.05882 255.1 0.05643 0 -4.500 -1.0000 -4.499 -0.0001 0 NA
260.00 0.05769 260.1 0.06145 1 -4.500 -1.0000 -4.500 -0.0001 0 NA
0.00 0.10000 0.2 0.00000 0 -5.000 -1.0000 -4.999 -0.0001 0 NA
5.00 0.10000 5.1 0.00000 0 -5.000 -1.0000 -4.999 -0.0002 0 NA
10.00 0.10000 10.1 0.00000 0 -5.000 -1.0000 -5.000 -0.0001 0 NA
15.00 0.10000 15.1 0.00000 0 -5.000 -1.0000 -5.000 -0.0002 0 NA
20.00 0.10000 20.1 0.00000 0 -5.000 -1.0000 -5.000 -0.0001 0 NA
25.00 0.10000 25.1 0.00000 0 -5.000 -1.0000 -5.000 -0.0002 0 NA
30.00 0.10000 30.1 0.00000 0 -5.000 -1.0000 -5.000 -0.0001 0 NA
35.00 0.10000 35.1 0.00000 0 -5.000 -1.0000 -5.000 -0.0001 0 NA
40.00 0.10000 40.1 0.00000 0 -5.000 -1.0000 -4.999 -0.0001 0 NA
45.00 0.10000 45.0 0.00000 0 -5.000 -1.0000 -4.999 -0.0001 0 NA
50.00 0.10000 50.1 0.00000 0 -5.000 -1.0000 -4.999 -0.0002 0 NA
55.00 0.10000 55.0 0.00000 0 -5.000 -1.0000 -4.999 -0.0001 0 NA
60.00 0.10000 60.0 0.00000 0 -5.000 -1.0000 -5.000 -0.0002 0 NA
65.00 0.10000 65.0 0.00000 0 -5.000 -1.0000 -5.000 -0.0001 0 NA
70.00 0.10000 70.1 0.00000 0 -5.000 -1.0000 -5.000 -0.0002 0 NA
75.00 0.10000 75.1 0.00000 0 -5.000 -1.0000 -4.999 -0.0001 0 NA
80.00 0.10000 80.1 0.00000 0 -5.000 -1.0000 -4.999 -0.0002 0 NA
85.00 0.10000 85.1 0.00000 0 -5.000 -1.0000 -4.999 -0.0002 0 NA
90.00 0.10000 90.1 0.00000 0 -5.000 -1.0000 -5.000 -0.0002 0 NA
95.00 0.10000 95.1 0.00000 0 -5.000 -1.0000 -5.000 -0.0002 0 NA
100.00 0.10000 100.1 0.00000 0 -5.000 -1.0000 -5.000 -0.0001 0 NA
105.00 0.10000 105.1 0.00000 0 -5.000 -1.0000 -4.999 -0.0001 0 NA
110.00 0.10000 110.1 0.00000 0 -5.000 -1.0000 -4.999 -0.0001 0 NA
115.00 0.10000 115.1 0.00000 0 -5.000 -1.0000 -4.999 -0.0001 0 NA
120.00 0.10000 120.1 0.00000 0 -5.000 -1.0000 -5.000 -0.0001 0 NA
125.00 0.10000 125.1 0.00000 0 -5.000 -1.0000 -5.000 -0.0002 0 NA
130.00 0.10000 130.1 0.00000 0 -5.000 -1.0000 -5.000 -0.0002 0 NA
135.00 0.10000 135.1 0.00000 0 -5.000 -1.0000 -4.999 -0.0001 0 NA
140.00 0.10000 140.1 0.00000 0 -5.000 -1.0000 -5.000 -0.0001 0 NA
145.00 0.10000 145.1 0.00000 0 -5.000 -1.0000 -5.000 -0.0001 0 NA
150.00 0.10000 150.1 0.00005 0 -5.000 -1.0000 -5.000 -0.0001 0 NA
155.00 0.09677 155.1 0.00007 0 -5.000 -1.0000 -4.999 -0.0002 0 NA
160.00 0.09375 160.1 0.00010 0 -5.000 -1.0000 -5.000 -0.0001 0 NA
165.00 0.09091 165.1 0.00017 0 -5.000 -1.0000 -4.999 -0.0002 0 NA
170.00 0.08824 170.1 0.00028 0 -5.000 -1.0000 -4.999 -0.0001 0 NA
175.00 0.08571 175.1 0.00049 0 -5.000 -1.0000 -5.000 -0.0001 0 NA
180.00 0.08333 180.1 0.00085 0 -5.000 -1.0000 -5.000 -0.0001 0 NA
185.00 0.08108 185.1 0.00137 0 -5.000 -1.0000 -5.000 -0.0002 0 NA
190.00 0.07895 190.1 0.00214 0 -5.000 -1.0000 -5.000 -0.0002 0 NA
195.00 0.07692 195.1 0.00318 0 -5.000 -1.0000 -5.000 -0.0001 0 NA
200.00 0.07500 200.1 0.00453 0 -5.000 -1.0000 -5.000 -0.0001 0 NA
205.00 0.07317 205.1 0.00622 0 -5.000 -1.0000 -4.999 -0.0002 0 NA
210.00 0.07143 210.1 0.00825 0 -5.000 -1.0000 -5.000 -0.0001 0 NA
215.00 0.06977 215.1 0.01063 0 -5.000 -1.0000 -5.000 -0.0002 0 NA
220.00 0.06818 220.1 0.01336 0 -5.000 -1.0000 -5.000 -0.0002 0 NA
225.00 0.06667 225.1 0.01648 0 -5.000 -1.0000 -5.000 -0.0001 0 NA
230.00 0.06522 230.1 0.01986 0 -5.000 -1.0000 -4.999 -0.0001 0 NA
235.00 0.06383 235.1 0.02350 0 -5.000 -1.0000 -5.000 -0.0002 0 NA
240.00 0.06250 240.1 0.02746 0 -5.000 -1.0000 -4.999 -0.0001 0 NA
245.00 0.06122 245.1 0.03151 0 -5.000 -1.0000 -5.000 -0.0002 0 NA
250.00 0.06000 250.1 0.03573 0 -5.000 -1.0000 -5.000 -0.0001 0 NA
255.00 0.05882 255.1 0.04006 0 -5.000 -1.0000 -4.999 -0.0001 0 NA
260.00 0.05769 260.1 0.04465 0 -5.000 -1.0000 -4.999 -0.0002 0 NA
265.00 0.05660 265.1 0.04917 0 -5.000 -1.0000 -4.999 -0.0002 0 NA
270.00 0.05556 270.1 0.05380 0 -5.000 -1.0000 -5.000 -0.0001 0 NA
275.00 0.05455 275.1 0.05864 1 -5.000 -1.0000 -4.999 -0.0001 0 NA
0.00 0.10000 0.2 0.00000 0 -5.500 -0.9091 -5.500 -0.0001 0 NA
5.00 0.10000 5.1 0.00000 0 -5.500 -0.9091 -5.500 -0.0001 0 NA
10.00 0.10000 10.1 0.00000 0 -5.500 -0.9091 -5.500 -0.0001 0 NA
15.00 0.10000 15.1 0.00000 0 -5.500 -0.9091 -5.500 -0.0002 0 NA
20.00 0.10000 20.1 0.00000 0 -5.500 -0.9091 -5.500 -0.0001 0 NA
25.00 0.10000 25.1 0.00000 0 -5.500 -0.9091 -5.500 -0.0002 0 NA
30.00 0.10000 30.1 0.00000 0 -5.500 -0.9091 -5.500 -0.0002 0 NA
35.00 0.10000 35.1 0.00000 0 -5.500 -0.9091 -5.500 -0.0001 0 NA
40.00 0.10000 40.1 0.00000 0 -5.500 -0.9091 -5.500 -0.0001 0 NA
45.00 0.10000 45.0 0.00000 0 -5.500 -0.9091 -5.500 -0.0002 0 NA
50.00 0.10000 50.1 0.00000 0 -5.500 -0.9091 -5.500 -0.0001 0 NA
55.00 0.10000 55.0 0.00000 0 -5.500 -0.9091 -5.500 -0.0002 0 NA
60.00 0.10000 60.0 0.00000 0 -5.500 -0.9091 -5.500 -0.0001 0 NA
65.00 0.10000 65.0 0.00000 0 -5.500 -0.9091 -5.500 -0.0001 0 NA
70.00 0.10000 70.1 0.00000 0 -5.500 -0.9091 -5.500 -0.0001 0 NA
75.00 0.10000 75.1 0.00000 0 -5.500 -0.9091 -5.500 -0.0001 0 NA
80.00 0.10000 80.1 0.00000 0 -5.500 -0.9091 -5.500 -0.0001 0 NA
85.00 0.10000 85.1 0.00000 0 -5.500 -0.9091 -5.500 -0.0001 0 NA
90.00 0.10000 90.1 0.00000 0 -5.500 -0.9091 -5.500 -0.0001 0 NA
95.00 0.10000 95.1 0.00000 0 -5.500 -0.9091 -5.500 -0.0001 0 NA
100.00 0.10000 100.1 0.00000 0 -5.500 -0.9091 -5.500 -0.0002 0 NA
105.00 0.10000 105.1 0.00000 0 -5.500 -0.9091 -5.500 -0.0001 0 NA
110.00 0.10000 110.1 0.00000 0 -5.500 -0.9091 -5.500 -0.0001 0 NA
115.00 0.10000 115.1 0.00000 0 -5.500 -0.9091 -5.500 -0.0001 0 NA
120.00 0.10000 120.1 0.00000 0 -5.500 -0.9091 -5.500 -0.0002 0 NA
125.00 0.10000 125.1 0.00000 0 -5.500 -0.9091 -5.500 -0.0001 0 NA
130.00 0.10000 130.1 0.00000 0 -5.500 -0.9091 -5.500 -0.0001 0 NA
135.00 0.10000 135.1 0.00000 0 -5.500 -0.9091 -5.500 -0.0002 0 NA
140.00 0.10000 140.1 0.00000 0 -5.500 -0.9091 -5.500 -0.0001 0 NA
145.00 0.10000 145.1 0.00000 0 -5.500 -0.9091 -5.500 -0.0002 0 NA
150.00 0.10000 150.1 0.00000 0 -5.500 -0.9091 -5.500 -0.0001 0 NA
155.00 0.09677 155.1 0.00000 0 -5.500 -0.9091 -5.500 -0.0002 0 NA
160.00 0.09375 160.1 0.00000 0 -5.500 -0.9091 -5.500 -0.0002 0 NA
165.00 0.09091 165.1 0.00005 0 -5.500 -0.9091 -5.500 -0.0001 0 NA
170.00 0.08824 170.1 0.00007 0 -5.500 -0.9091 -5.500 -0.0001 0 NA
175.00 0.08571 175.1 0.00010 0 -5.500 -0.9091 -5.500 -0.0001 0 NA
180.00 0.08333 180.1 0.00016 0 -5.500 -0.9091 -5.500 -0.0001 0 NA
185.00 0.08108 185.1 0.00028 0 -5.500 -0.9091 -5.500 -0.0001 0 NA
190.00 0.07895 190.1 0.00047 0 -5.500 -0.9091 -5.500 -0.0001 0 NA
195.00 0.07692 195.1 0.00078 0 -5.500 -0.9091 -5.500 -0.0001 0 NA
200.00 0.07500 200.1 0.00127 0 -5.500 -0.9091 -5.500 -0.0002 0 NA
205.00 0.07317 205.1 0.00198 0 -5.500 -0.9091 -5.500 -0.0001 0 NA
210.00 0.07143 210.1 0.00294 0 -5.500 -0.9091 -5.500 -0.0001 0 NA
215.00 0.06977 215.1 0.00418 0 -5.500 -0.9091 -5.500 -0.0002 0 NA
220.00 0.06818 220.1 0.00575 0 -5.500 -0.9091 -5.500 -0.0001 0 NA
225.00 0.06667 225.1 0.00766 0 -5.500 -0.9091 -5.500 -0.0002 0 NA
230.00 0.06522 230.1 0.00988 0 -5.500 -0.9091 -5.500 -0.0001 0 NA
235.00 0.06383 235.1 0.01244 0 -5.500 -0.9091 -5.500 -0.0002 0 NA
240.00 0.06250 240.1 0.01538 0 -5.500 -0.9091 -5.500 -0.0001 0 NA
245.00 0.06122 245.1 0.01857 0 -5.500 -0.9091 -5.500 -0.0001 0 NA
250.00 0.06000 250.1 0.02203 0 -5.500 -0.9091 -5.500 -0.0002 0 NA
255.00 0.05882 255.1 0.02580 0 -5.500 -0.9091 -5.500 -0.0001 0 NA
260.00 0.05769 260.1 0.02970 0 -5.500 -0.9091 -5.500 -0.0001 0 NA
265.00 0.05660 265.1 0.03373 0 -5.500 -0.9091 -5.500 -0.0001 0 NA
270.00 0.05556 270.1 0.03792 0 -5.500 -0.9091 -5.500 -0.0002 0 NA
275.00 0.05455 275.1 0.04235 0 -5.500 -0.9091 -5.500 -0.0001 0 NA
280.00 0.05357 280.1 0.04677 0 -5.500 -0.9091 -5.500 -0.0001 0 NA
285.00 0.05263 285.1 0.05123 0 -5.500 -0.9091 -5.500 -0.0002 0 NA
290.00 0.05172 290.1 0.05597 1 -5.500 -0.9091 -5.500 -0.0001 0 NA
0.00 0.10000 0.1 0.00000 0 -6.000 -0.8333 -6.000 -0.0001 0 NA
5.00 0.10000 5.1 0.00000 0 -6.000 -0.8333 -6.000 -0.0001 0 NA
10.00 0.10000 10.1 0.00000 0 -6.000 -0.8333 -6.000 -0.0001 0 NA
15.00 0.10000 15.1 0.00000 0 -6.000 -0.8333 -6.000 -0.0001 0 NA
20.00 0.10000 20.1 0.00000 0 -6.000 -0.8333 -6.000 -0.0001 0 NA
25.00 0.10000 25.1 0.00000 0 -6.000 -0.8333 -6.000 -0.0001 0 NA
30.00 0.10000 30.1 0.00000 0 -6.000 -0.8333 -6.000 -0.0001 0 NA
35.00 0.10000 35.1 0.00000 0 -6.000 -0.8333 -6.000 -0.0001 0 NA
40.00 0.10000 40.1 0.00000 0 -6.000 -0.8333 -6.000 -0.0001 0 NA
45.00 0.10000 45.0 0.00000 0 -6.000 -0.8333 -6.000 -0.0002 0 NA
50.00 0.10000 50.1 0.00000 0 -6.000 -0.8333 -6.000 -0.0001 0 NA
55.00 0.10000 55.0 0.00000 0 -6.000 -0.8333 -6.000 -0.0001 0 NA
60.00 0.10000 60.0 0.00000 0 -6.000 -0.8333 -6.000 -0.0001 0 NA
65.00 0.10000 65.0 0.00000 0 -6.000 -0.8333 -6.000 -0.0001 0 NA
70.00 0.10000 70.1 0.00000 0 -6.000 -0.8333 -6.000 -0.0002 0 NA
75.00 0.10000 75.1 0.00000 0 -6.000 -0.8333 -6.000 -0.0001 0 NA
80.00 0.10000 80.1 0.00000 0 -6.000 -0.8333 -6.000 -0.0001 0 NA
85.00 0.10000 85.1 0.00000 0 -6.000 -0.8333 -6.000 -0.0001 0 NA
90.00 0.10000 90.1 0.00000 0 -6.000 -0.8333 -6.000 -0.0002 0 NA
95.00 0.10000 95.1 0.00000 0 -6.000 -0.8333 -6.000 -0.0001 0 NA
100.00 0.10000 100.1 0.00000 0 -6.000 -0.8333 -6.000 -0.0001 0 NA
105.00 0.10000 105.1 0.00000 0 -6.000 -0.8333 -6.000 -0.0001 0 NA
110.00 0.10000 110.1 0.00000 0 -6.000 -0.8333 -6.000 -0.0001 0 NA
115.00 0.10000 115.1 0.00000 0 -6.000 -0.8333 -6.000 -0.0001 0 NA
120.00 0.10000 120.1 0.00000 0 -6.000 -0.8333 -6.000 -0.0001 0 NA
125.00 0.10000 125.1 0.00000 0 -6.000 -0.8333 -6.000 -0.0002 0 NA
130.00 0.10000 130.1 0.00000 0 -6.000 -0.8333 -6.000 -0.0002 0 NA
135.00 0.10000 135.1 0.00000 0 -6.000 -0.8333 -6.000 -0.0001 0 NA
140.00 0.10000 140.1 0.00000 0 -6.000 -0.8333 -6.000 -0.0002 0 NA
145.00 0.10000 145.1 0.00000 0 -6.000 -0.8333 -6.000 -0.0002 0 NA
150.00 0.10000 150.1 0.00000 0 -6.000 -0.8333 -6.000 -0.0001 0 NA
155.00 0.09677 155.1 0.00000 0 -6.000 -0.8333 -6.000 -0.0002 0 NA
160.00 0.09375 160.1 0.00000 0 -6.000 -0.8333 -6.000 -0.0001 0 NA
165.00 0.09091 165.1 0.00000 0 -6.000 -0.8333 -6.000 -0.0001 0 NA
170.00 0.08824 170.1 0.00000 0 -6.000 -0.8333 -6.000 -0.0001 0 NA
175.00 0.08571 175.1 0.00000 0 -6.000 -0.8333 -6.000 -0.0001 0 NA
180.00 0.08333 180.1 0.00005 0 -6.000 -0.8333 -6.000 -0.0001 0 NA
185.00 0.08108 185.1 0.00007 0 -6.000 -0.8333 -6.000 -0.0001 0 NA
190.00 0.07895 190.1 0.00010 0 -6.000 -0.8333 -6.000 -0.0002 0 NA
195.00 0.07692 195.1 0.00016 0 -6.000 -0.8333 -6.000 -0.0001 0 NA
200.00 0.07500 200.1 0.00027 0 -6.000 -0.8333 -6.000 -0.0001 0 NA
205.00 0.07317 205.1 0.00045 0 -6.000 -0.8333 -6.000 -0.0001 0 NA
210.00 0.07143 210.1 0.00074 0 -6.000 -0.8333 -6.000 -0.0001 0 NA
215.00 0.06977 215.1 0.00119 0 -6.000 -0.8333 -6.000 -0.0002 0 NA
220.00 0.06818 220.1 0.00184 0 -6.000 -0.8333 -6.000 -0.0001 0 NA
225.00 0.06667 225.1 0.00272 0 -6.000 -0.8333 -6.000 -0.0001 0 NA
230.00 0.06522 230.1 0.00388 0 -6.000 -0.8333 -6.000 -0.0002 0 NA
235.00 0.06383 235.1 0.00535 0 -6.000 -0.8333 -6.000 -0.0001 0 NA
240.00 0.06250 240.1 0.00711 0 -6.000 -0.8333 -6.000 -0.0001 0 NA
245.00 0.06122 245.1 0.00920 0 -6.000 -0.8333 -6.000 -0.0001 0 NA
250.00 0.06000 250.1 0.01161 0 -6.000 -0.8333 -6.000 -0.0002 0 NA
255.00 0.05882 255.1 0.01432 0 -6.000 -0.8333 -6.000 -0.0002 0 NA
260.00 0.05769 260.1 0.01738 0 -6.000 -0.8333 -6.000 -0.0002 0 NA
265.00 0.05660 265.1 0.02065 0 -6.000 -0.8333 -6.000 -0.0001 0 NA
270.00 0.05556 270.1 0.02427 0 -6.000 -0.8333 -6.000 -0.0002 0 NA
275.00 0.05455 275.1 0.02798 0 -6.000 -0.8333 -6.000 -0.0001 0 NA
280.00 0.05357 280.1 0.03188 0 -6.000 -0.8333 -6.000 -0.0001 0 NA
285.00 0.05263 285.1 0.03596 0 -6.000 -0.8333 -6.000 -0.0001 0 NA
290.00 0.05172 290.1 0.04032 0 -6.000 -0.8333 -6.000 -0.0001 0 NA
295.00 0.05085 295.1 0.04457 0 -6.000 -0.8333 -6.000 -0.0002 0 NA
300.00 0.05000 290.7 0.04002 1 -6.000 -0.8333 -6.000 -0.0001 0 NA
0.00 0.10000 0.1 0.00000 0 -6.500 -0.7692 -6.500 -0.0001 0 NA
5.00 0.10000 5.1 0.00000 0 -6.500 -0.7692 -6.500 -0.0001 0 NA
10.00 0.10000 10.1 0.00000 0 -6.500 -0.7692 -6.500 -0.0001 0 NA
15.00 0.10000 15.1 0.00000 0 -6.500 -0.7692 -6.500 -0.0001 0 NA
20.00 0.10000 20.1 0.00000 0 -6.500 -0.7692 -6.500 -0.0002 0 NA
25.00 0.10000 25.1 0.00000 0 -6.500 -0.7692 -6.500 -0.0002 0 NA
30.00 0.10000 30.1 0.00000 0 -6.500 -0.7692 -6.500 -0.0001 0 NA
35.00 0.10000 35.1 0.00000 0 -6.500 -0.7692 -6.500 -0.0001 0 NA
40.00 0.10000 40.1 0.00000 0 -6.500 -0.7692 -6.500 -0.0001 0 NA
45.00 0.10000 45.0 0.00000 0 -6.500 -0.7692 -6.500 -0.0001 0 NA
50.00 0.10000 50.1 0.00000 0 -6.500 -0.7692 -6.500 -0.0001 0 NA
55.00 0.10000 55.0 0.00000 0 -6.500 -0.7692 -6.500 -0.0001 0 NA
60.00 0.10000 60.0 0.00000 0 -6.500 -0.7692 -6.500 -0.0001 0 NA
65.00 0.10000 65.0 0.00000 0 -6.500 -0.7692 -6.500 -0.0001 0 NA
70.00 0.10000 70.1 0.00000 0 -6.500 -0.7692 -6.500 -0.0002 0 NA
75.00 0.10000 75.1 0.00000 0 -6.500 -0.7692 -6.500 -0.0001 0 NA
80.00 0.10000 80.1 0.00000 0 -6.500 -0.7692 -6.500 -0.0001 0 NA
85.00 0.10000 85.1 0.00000 0 -6.500 -0.7692 -6.500 -0.0001 0 NA
90.00 0.10000 90.1 0.00000 0 -6.500 -0.7692 -6.500 -0.0001 0 NA
95.00 0.10000 95.1 0.00000 0 -6.500 -0.7692 -6.500 -0.0002 0 NA
100.00 0.10000 100.1 0.00000 0 -6.500 -0.7692 -6.500 -0.0002 0 NA
105.00 0.10000 105.1 0.00000 0 -6.500 -0.7692 -6.500 -0.0002 0 NA
110.00 0.10000 110.1 0.00000 0 -6.500 -0.7692 -6.500 -0.0001 0 NA
115.00 0.10000 115.1 0.00000 0 -6.500 -0.7692 -6.500 -0.0002 0 NA
120.00 0.10000 120.1 0.00000 0 -6.500 -0.7692 -6.500 -0.0001 0 NA
125.00 0.10000 125.1 0.00000 0 -6.500 -0.7692 -6.500 -0.0001 0 NA
130.00 0.10000 130.1 0.00000 0 -6.500 -0.7692 -6.500 -0.0002 0 NA
135.00 0.10000 135.1 0.00000 0 -6.500 -0.7692 -6.500 -0.0001 0 NA
140.00 0.10000 140.1 0.00000 0 -6.500 -0.7692 -6.500 -0.0001 0 NA
145.00 0.10000 145.1 0.00000 0 -6.500 -0.7692 -6.500 -0.0002 0 NA
150.00 0.10000 150.1 0.00000 0 -6.500 -0.7692 -6.500 -0.0001 0 NA
155.00 0.09677 155.1 0.00000 0 -6.500 -0.7692 -6.500 -0.0001 0 NA
160.00 0.09375 160.1 0.00000 0 -6.500 -0.7692 -6.500 -0.0002 0 NA
165.00 0.09091 165.1 0.00000 0 -6.500 -0.7692 -6.500 -0.0001 0 NA
170.00 0.08824 170.1 0.00000 0 -6.500 -0.7692 -6.500 -0.0001 0 NA
175.00 0.08571 175.1 0.00000 0 -6.500 -0.7692 -6.500 -0.0001 0 NA
180.00 0.08333 180.1 0.00000 0 -6.500 -0.7692 -6.500 -0.0001 0 NA
185.00 0.08108 185.1 0.00000 0 -6.500 -0.7692 -6.500 -0.0002 0 NA
190.00 0.07895 190.1 0.00000 0 -6.500 -0.7692 -6.500 -0.0001 0 NA
195.00 0.07692 195.1 0.00005 0 -6.500 -0.7692 -6.500 -0.0001 0 NA
200.00 0.07500 200.1 0.00007 0 -6.500 -0.7692 -6.500 -0.0001 0 NA
205.00 0.07317 205.1 0.00010 0 -6.500 -0.7692 -6.500 -0.0001 0 NA
210.00 0.07143 210.1 0.00016 0 -6.500 -0.7692 -6.500 -0.0002 0 NA
215.00 0.06977 215.1 0.00026 0 -6.500 -0.7692 -6.500 -0.0001 0 NA
220.00 0.06818 220.1 0.00042 0 -6.500 -0.7692 -6.500 -0.0001 0 NA
225.00 0.06667 225.1 0.00071 0 -6.500 -0.7692 -6.500 -0.0001 0 NA
230.00 0.06522 230.1 0.00112 0 -6.500 -0.7692 -6.500 -0.0002 0 NA
235.00 0.06383 235.1 0.00172 0 -6.500 -0.7692 -6.500 -0.0001 0 NA
240.00 0.06250 240.1 0.00255 0 -6.500 -0.7692 -6.500 -0.0001 0 NA
245.00 0.06122 245.1 0.00362 0 -6.500 -0.7692 -6.500 -0.0001 0 NA
250.00 0.06000 250.1 0.00499 0 -6.500 -0.7692 -6.500 -0.0001 0 NA
255.00 0.05882 255.1 0.00664 0 -6.500 -0.7692 -6.500 -0.0001 0 NA
260.00 0.05769 260.1 0.00859 0 -6.500 -0.7692 -6.500 -0.0001 0 NA
265.00 0.05660 265.1 0.01089 0 -6.500 -0.7692 -6.500 -0.0001 0 NA
270.00 0.05556 270.1 0.01346 0 -6.500 -0.7692 -6.500 -0.0002 0 NA
275.00 0.05455 275.1 0.01630 0 -6.500 -0.7692 -6.500 -0.0002 0 NA
280.00 0.05357 280.1 0.01950 0 -6.500 -0.7692 -6.500 -0.0001 0 NA
285.00 0.05263 285.1 0.02284 0 -6.500 -0.7692 -6.500 -0.0001 0 NA
290.00 0.05172 290.1 0.02640 0 -6.500 -0.7692 -6.500 -0.0001 0 NA
295.00 0.05085 295.1 0.03012 0 -6.500 -0.7692 -6.500 -0.0001 0 NA
300.00 0.05000 300.1 0.03414 0 -6.500 -0.7692 -6.500 -0.0001 0 NA
305.00 0.04918 305.1 0.03814 0 -6.500 -0.7692 -6.500 -0.0001 0 NA
310.00 0.04839 308.7 0.04079 1 -6.500 -0.7692 -6.500 -0.0002 0 NA
0.00 0.10000 0.1 0.00000 0 -7.000 -0.7143 -7.000 -0.0002 0 NA
5.00 0.10000 5.1 0.00000 0 -7.000 -0.7143 -7.000 -0.0002 0 NA
10.00 0.10000 10.1 0.00000 0 -7.000 -0.7143 -7.000 -0.0001 0 NA
15.00 0.10000 15.1 0.00000 0 -7.000 -0.7143 -7.000 -0.0001 0 NA
20.00 0.10000 20.1 0.00000 0 -7.000 -0.7143 -7.000 -0.0001 0 NA
25.00 0.10000 25.1 0.00000 0 -7.000 -0.7143 -7.000 -0.0001 0 NA
30.00 0.10000 30.1 0.00000 0 -7.000 -0.7143 -7.000 -0.0001 0 NA
35.00 0.10000 35.1 0.00000 0 -7.000 -0.7143 -7.000 -0.0002 0 NA
40.00 0.10000 40.1 0.00000 0 -7.000 -0.7143 -7.000 -0.0001 0 NA
45.00 0.10000 45.0 0.00000 0 -7.000 -0.7143 -7.000 -0.0001 0 NA
50.00 0.10000 50.1 0.00000 0 -7.000 -0.7143 -7.000 -0.0002 0 NA
55.00 0.10000 55.0 0.00000 0 -7.000 -0.7143 -7.000 -0.0001 0 NA
60.00 0.10000 60.0 0.00000 0 -7.000 -0.7143 -7.000 -0.0001 0 NA
65.00 0.10000 65.0 0.00000 0 -7.000 -0.7143 -7.000 -0.0001 0 NA
70.00 0.10000 70.1 0.00000 0 -7.000 -0.7143 -7.000 -0.0001 0 NA
75.00 0.10000 75.1 0.00000 0 -7.000 -0.7143 -7.000 -0.0001 0 NA
80.00 0.10000 80.1 0.00000 0 -7.000 -0.7143 -7.000 -0.0001 0 NA
85.00 0.10000 85.1 0.00000 0 -7.000 -0.7143 -7.000 -0.0001 0 NA
90.00 0.10000 90.1 0.00000 0 -7.000 -0.7143 -7.000 -0.0001 0 NA
95.00 0.10000 95.1 0.00000 0 -7.000 -0.7143 -7.000 -0.0001 0 NA
100.00 0.10000 100.1 0.00000 0 -7.000 -0.7143 -7.000 -0.0001 0 NA
105.00 0.10000 105.1 0.00000 0 -7.000 -0.7143 -7.000 -0.0001 0 NA
110.00 0.10000 110.1 0.00000 0 -7.000 -0.7143 -7.000 -0.0002 0 NA
115.00 0.10000 115.1 0.00000 0 -7.000 -0.7143 -7.000 -0.0002 0 NA
120.00 0.10000 120.1 0.00000 0 -7.000 -0.7143 -7.000 -0.0001 0 NA
125.00 0.10000 125.1 0.00000 0 -7.000 -0.7143 -7.000 -0.0001 0 NA
130.00 0.10000 130.1 0.00000 0 -7.000 -0.7143 -7.000 -0.0001 0 NA
135.00 0.10000 135.1 0.00000 0 -7.000 -0.7143 -7.000 -0.0001 0 NA
140.00 0.10000 140.1 0.00000 0 -7.000 -0.7143 -7.000 -0.0001 0 NA
145.00 0.10000 145.1 0.00000 0 -7.000 -0.7143 -7.000 -0.0002 0 NA
150.00 0.10000 150.1 0.00000 0 -7.000 -0.7143 -7.000 -0.0001 0 NA
155.00 0.09677 155.1 0.00000 0 -7.000 -0.7143 -7.000 -0.0001 0 NA
160.00 0.09375 160.1 0.00000 0 -7.000 -0.7143 -7.000 -0.0001 0 NA
165.00 0.09091 165.1 0.00000 0 -7.000 -0.7143 -7.000 -0.0002 0 NA
170.00 0.08824 170.1 0.00000 0 -7.000 -0.7143 -7.000 -0.0001 0 NA
175.00 0.08571 175.1 0.00000 0 -7.000 -0.7143 -6.999 -0.0001 0 NA
180.00 0.08333 180.1 0.00000 0 -7.000 -0.7143 -7.000 -0.0001 0 NA
185.00 0.08108 185.1 0.00000 0 -7.000 -0.7143 -7.000 -0.0001 0 NA
190.00 0.07895 190.1 0.00000 0 -7.000 -0.7143 -7.000 -0.0001 0 NA
195.00 0.07692 195.1 0.00000 0 -7.000 -0.7143 -7.000 -0.0001 0 NA
200.00 0.07500 200.1 0.00000 0 -7.000 -0.7143 -7.000 -0.0002 0 NA
205.00 0.07317 205.1 0.00005 0 -7.000 -0.7143 -6.999 -0.0001 0 NA
210.00 0.07143 210.1 0.00006 0 -7.000 -0.7143 -7.000 -0.0001 0 NA
215.00 0.06977 215.1 0.00007 0 -7.000 -0.7143 -7.000 -0.0001 0 NA
220.00 0.06818 220.1 0.00010 0 -7.000 -0.7143 -7.000 -0.0001 0 NA
225.00 0.06667 225.1 0.00015 0 -7.000 -0.7143 -7.000 -0.0001 0 NA
230.00 0.06522 230.1 0.00025 0 -7.000 -0.7143 -7.000 -0.0001 0 NA
235.00 0.06383 235.1 0.00041 0 -7.000 -0.7143 -7.000 -0.0001 0 NA
240.00 0.06250 240.1 0.00066 0 -7.000 -0.7143 -7.000 -0.0001 0 NA
245.00 0.06122 245.1 0.00105 0 -7.000 -0.7143 -7.000 -0.0001 0 NA
250.00 0.06000 250.1 0.00161 0 -7.000 -0.7143 -7.000 -0.0001 0 NA
255.00 0.05882 255.1 0.00237 0 -7.000 -0.7143 -7.000 -0.0001 0 NA
260.00 0.05769 260.1 0.00338 0 -7.000 -0.7143 -7.000 -0.0001 0 NA
265.00 0.05660 265.1 0.00464 0 -7.000 -0.7143 -7.000 -0.0001 0 NA
270.00 0.05556 270.1 0.00620 0 -7.000 -0.7143 -7.000 -0.0001 0 NA
275.00 0.05455 275.1 0.00804 0 -7.000 -0.7143 -7.000 -0.0001 0 NA
280.00 0.05357 280.1 0.01017 0 -7.000 -0.7143 -7.000 -0.0001 0 NA
285.00 0.05263 285.1 0.01263 0 -7.000 -0.7143 -7.000 -0.0001 0 NA
290.00 0.05172 290.1 0.01533 0 -7.000 -0.7143 -7.000 -0.0001 0 NA
295.00 0.05085 295.1 0.01828 0 -7.000 -0.7143 -7.000 -0.0001 0 NA
300.00 0.05000 300.1 0.02146 0 -7.000 -0.7143 -7.000 -0.0001 0 NA
305.00 0.04918 305.1 0.02497 0 -7.000 -0.7143 -7.000 -0.0001 0 NA
310.00 0.04839 310.1 0.02854 0 -7.000 -0.7143 -7.000 -0.0001 0 NA
315.00 0.04762 315.1 0.03225 0 -7.000 -0.7143 -7.000 -0.0002 0 NA
320.00 0.04688 320.1 0.03610 0 -7.000 -0.7143 -7.000 -0.0001 0 NA
325.00 0.04615 325.1 0.04021 0 -7.000 -0.7143 -7.000 -0.0001 0 NA
330.00 0.04545 325.7 0.04002 1 -7.000 -0.7143 -7.000 -0.0002 0 NA
0.00 0.10000 0.1 0.00000 0 -7.500 -0.6667 -7.499 -0.0002 0 NA
5.00 0.10000 5.1 0.00000 0 -7.500 -0.6667 -7.499 -0.0001 0 NA
10.00 0.10000 10.1 0.00000 0 -7.500 -0.6667 -7.499 -0.0001 0 NA
15.00 0.10000 15.1 0.00000 0 -7.500 -0.6667 -7.499 -0.0001 0 NA
20.00 0.10000 20.1 0.00000 0 -7.500 -0.6667 -7.499 -0.0001 0 NA
25.00 0.10000 25.1 0.00000 0 -7.500 -0.6667 -7.499 -0.0001 0 NA
30.00 0.10000 30.1 0.00000 0 -7.500 -0.6667 -7.499 -0.0001 0 NA
35.00 0.10000 35.1 0.00000 0 -7.500 -0.6667 -7.499 -0.0001 0 NA
40.00 0.10000 40.1 0.00000 0 -7.500 -0.6667 -7.499 -0.0001 0 NA
45.00 0.10000 45.0 0.00000 0 -7.500 -0.6667 -7.499 -0.0001 0 NA
50.00 0.10000 50.1 0.00000 0 -7.500 -0.6667 -7.499 -0.0002 0 NA
55.00 0.10000 55.0 0.00000 0 -7.500 -0.6667 -7.499 -0.0002 0 NA
60.00 0.10000 60.0 0.00000 0 -7.500 -0.6667 -7.499 -0.0001 0 NA
65.00 0.10000 65.0 0.00000 0 -7.500 -0.6667 -7.499 -0.0001 0 NA
70.00 0.10000 70.1 0.00000 0 -7.500 -0.6667 -7.499 -0.0001 0 NA
75.00 0.10000 75.1 0.00000 0 -7.500 -0.6667 -7.499 -0.0001 0 NA
80.00 0.10000 80.1 0.00000 0 -7.500 -0.6667 -7.499 -0.0001 0 NA
85.00 0.10000 85.1 0.00000 0 -7.500 -0.6667 -7.499 -0.0001 0 NA
90.00 0.10000 90.1 0.00000 0 -7.500 -0.6667 -7.499 -0.0002 0 NA
95.00 0.10000 95.1 0.00000 0 -7.500 -0.6667 -7.499 -0.0001 0 NA
100.00 0.10000 100.1 0.00000 0 -7.500 -0.6667 -7.499 -0.0002 0 NA
105.00 0.10000 105.1 0.00000 0 -7.500 -0.6667 -7.499 -0.0001 0 NA
110.00 0.10000 110.1 0.00000 0 -7.500 -0.6667 -7.499 -0.0001 0 NA
115.00 0.10000 115.1 0.00000 0 -7.500 -0.6667 -7.499 -0.0001 0 NA
120.00 0.10000 120.1 0.00000 0 -7.500 -0.6667 -7.499 -0.0002 0 NA
125.00 0.10000 125.1 0.00000 0 -7.500 -0.6667 -7.499 -0.0001 0 NA
130.00 0.10000 130.1 0.00000 0 -7.500 -0.6667 -7.499 -0.0001 0 NA
135.00 0.10000 135.1 0.00000 0 -7.500 -0.6667 -7.499 -0.0002 0 NA
140.00 0.10000 140.1 0.00000 0 -7.500 -0.6667 -7.499 -0.0002 0 NA
145.00 0.10000 145.1 0.00000 0 -7.500 -0.6667 -7.499 -0.0001 0 NA
150.00 0.10000 150.1 0.00000 0 -7.500 -0.6667 -7.499 -0.0002 0 NA
155.00 0.09677 155.1 0.00000 0 -7.500 -0.6667 -7.499 -0.0001 0 NA
160.00 0.09375 160.1 0.00000 0 -7.500 -0.6667 -7.499 -0.0001 0 NA
165.00 0.09091 165.1 0.00000 0 -7.500 -0.6667 -7.499 -0.0001 0 NA
170.00 0.08824 170.1 0.00000 0 -7.500 -0.6667 -7.499 -0.0001 0 NA
175.00 0.08571 175.1 0.00000 0 -7.500 -0.6667 -7.499 -0.0001 0 NA
180.00 0.08333 180.1 0.00000 0 -7.500 -0.6667 -7.499 -0.0001 0 NA
185.00 0.08108 185.1 0.00000 0 -7.500 -0.6667 -7.499 -0.0001 0 NA
190.00 0.07895 190.1 0.00000 0 -7.500 -0.6667 -7.500 -0.0001 0 NA
195.00 0.07692 195.1 0.00000 0 -7.500 -0.6667 -7.499 -0.0002 0 NA
200.00 0.07500 200.1 0.00000 0 -7.500 -0.6667 -7.499 -0.0002 0 NA
205.00 0.07317 205.1 0.00000 0 -7.500 -0.6667 -7.499 -0.0001 0 NA
210.00 0.07143 210.1 0.00000 0 -7.500 -0.6667 -7.499 -0.0001 0 NA
215.00 0.06977 215.1 0.00000 0 -7.500 -0.6667 -7.500 -0.0002 0 NA
220.00 0.06818 220.1 0.00005 0 -7.500 -0.6667 -7.499 -0.0001 0 NA
225.00 0.06667 225.1 0.00006 0 -7.500 -0.6667 -7.499 -0.0001 0 NA
230.00 0.06522 230.1 0.00007 0 -7.500 -0.6667 -7.499 -0.0001 0 NA
235.00 0.06383 235.1 0.00010 0 -7.500 -0.6667 -7.499 -0.0001 0 NA
240.00 0.06250 240.1 0.00015 0 -7.500 -0.6667 -7.499 -0.0001 0 NA
245.00 0.06122 245.1 0.00024 0 -7.500 -0.6667 -7.499 -0.0001 0 NA
250.00 0.06000 250.1 0.00039 0 -7.500 -0.6667 -7.499 -0.0001 0 NA
255.00 0.05882 255.1 0.00063 0 -7.500 -0.6667 -7.499 -0.0001 0 NA
260.00 0.05769 260.1 0.00099 0 -7.500 -0.6667 -7.499 -0.0002 0 NA
265.00 0.05660 265.1 0.00151 0 -7.500 -0.6667 -7.500 -0.0001 0 NA
270.00 0.05556 270.1 0.00221 0 -7.500 -0.6667 -7.499 -0.0002 0 NA
275.00 0.05455 275.1 0.00316 0 -7.500 -0.6667 -7.499 -0.0001 0 NA
280.00 0.05357 280.1 0.00434 0 -7.500 -0.6667 -7.499 -0.0002 0 NA
285.00 0.05263 285.1 0.00579 0 -7.500 -0.6667 -7.499 -0.0001 0 NA
290.00 0.05172 290.1 0.00752 0 -7.500 -0.6667 -7.499 -0.0001 0 NA
295.00 0.05085 295.1 0.00954 0 -7.500 -0.6667 -7.499 -0.0002 0 NA
300.00 0.05000 300.1 0.01182 0 -7.500 -0.6667 -7.499 -0.0001 0 NA
305.00 0.04918 305.1 0.01438 0 -7.500 -0.6667 -7.499 -0.0001 0 NA
310.00 0.04839 310.1 0.01725 0 -7.500 -0.6667 -7.499 -0.0002 0 NA
315.00 0.04762 315.1 0.02029 0 -7.500 -0.6667 -7.499 -0.0001 0 NA
320.00 0.04688 320.1 0.02352 0 -7.500 -0.6667 -7.499 -0.0001 0 NA
325.00 0.04615 325.1 0.02694 0 -7.500 -0.6667 -7.499 -0.0001 0 NA
330.00 0.04545 330.1 0.03044 0 -7.500 -0.6667 -7.499 -0.0002 0 NA
335.00 0.04478 335.1 0.03417 0 -7.500 -0.6667 -7.499 -0.0001 0 NA
340.00 0.04412 340.1 0.03797 0 -7.500 -0.6667 -7.499 -0.0001 0 NA
345.00 0.04348 345.1 0.04209 0 -7.500 -0.6667 -7.499 -0.0001 0 NA
350.00 0.04286 343.5 0.04002 1 -7.500 -0.6667 -7.499 -0.0002 0 NA
0.00 0.10000 0.1 0.00000 0 -8.000 -0.6250 -8.000 -0.0002 0 NA
5.00 0.10000 5.1 0.00000 0 -8.000 -0.6250 -7.999 -0.0001 0 NA
10.00 0.10000 10.1 0.00000 0 -8.000 -0.6250 -7.999 -0.0001 0 NA
15.00 0.10000 15.1 0.00000 0 -8.000 -0.6250 -7.999 -0.0001 0 NA
20.00 0.10000 20.1 0.00000 0 -8.000 -0.6250 -7.999 -0.0002 0 NA
25.00 0.10000 25.1 0.00000 0 -8.000 -0.6250 -7.999 -0.0001 0 NA
30.00 0.10000 30.1 0.00000 0 -8.000 -0.6250 -7.999 -0.0001 0 NA
35.00 0.10000 35.1 0.00000 0 -8.000 -0.6250 -7.999 -0.0001 0 NA
40.00 0.10000 40.1 0.00000 0 -8.000 -0.6250 -7.999 -0.0002 0 NA
45.00 0.10000 45.0 0.00000 0 -8.000 -0.6250 -7.999 -0.0002 0 NA
50.00 0.10000 50.1 0.00000 0 -8.000 -0.6250 -7.999 -0.0001 0 NA
55.00 0.10000 55.0 0.00000 0 -8.000 -0.6250 -7.999 -0.0002 0 NA
60.00 0.10000 60.0 0.00000 0 -8.000 -0.6250 -7.999 -0.0001 0 NA
65.00 0.10000 65.0 0.00000 0 -8.000 -0.6250 -7.999 -0.0001 0 NA
70.00 0.10000 70.1 0.00000 0 -8.000 -0.6250 -7.999 -0.0002 0 NA
75.00 0.10000 75.1 0.00000 0 -8.000 -0.6250 -7.999 -0.0001 0 NA
80.00 0.10000 80.1 0.00000 0 -8.000 -0.6250 -7.999 -0.0001 0 NA
85.00 0.10000 85.1 0.00000 0 -8.000 -0.6250 -7.999 -0.0002 0 NA
90.00 0.10000 90.1 0.00000 0 -8.000 -0.6250 -7.999 -0.0001 0 NA
95.00 0.10000 95.1 0.00000 0 -8.000 -0.6250 -7.999 -0.0001 0 NA
100.00 0.10000 100.1 0.00000 0 -8.000 -0.6250 -7.999 -0.0001 0 NA
105.00 0.10000 105.1 0.00000 0 -8.000 -0.6250 -7.999 -0.0001 0 NA
110.00 0.10000 110.1 0.00000 0 -8.000 -0.6250 -7.999 -0.0002 0 NA
115.00 0.10000 115.1 0.00000 0 -8.000 -0.6250 -7.999 -0.0002 0 NA
120.00 0.10000 120.1 0.00000 0 -8.000 -0.6250 -7.999 -0.0002 0 NA
125.00 0.10000 125.1 0.00000 0 -8.000 -0.6250 -7.999 -0.0001 0 NA
130.00 0.10000 130.1 0.00000 0 -8.000 -0.6250 -8.000 -0.0002 0 NA
135.00 0.10000 135.1 0.00000 0 -8.000 -0.6250 -7.999 -0.0001 0 NA
140.00 0.10000 140.1 0.00000 0 -8.000 -0.6250 -7.999 -0.0001 0 NA
145.00 0.10000 145.1 0.00000 0 -8.000 -0.6250 -7.999 -0.0001 0 NA
150.00 0.10000 150.1 0.00000 0 -8.000 -0.6250 -7.999 -0.0002 0 NA
155.00 0.09677 155.1 0.00000 0 -8.000 -0.6250 -7.999 -0.0001 0 NA
160.00 0.09375 160.1 0.00000 0 -8.000 -0.6250 -7.999 -0.0001 0 NA
165.00 0.09091 165.1 0.00000 0 -8.000 -0.6250 -7.999 -0.0001 0 NA
170.00 0.08824 170.1 0.00000 0 -8.000 -0.6250 -7.999 -0.0002 0 NA
175.00 0.08571 175.1 0.00000 0 -8.000 -0.6250 -7.999 -0.0001 0 NA
180.00 0.08333 180.1 0.00000 0 -8.000 -0.6250 -7.999 -0.0001 0 NA
185.00 0.08108 185.1 0.00000 0 -8.000 -0.6250 -7.999 -0.0001 0 NA
190.00 0.07895 190.1 0.00000 0 -8.000 -0.6250 -7.999 -0.0001 0 NA
195.00 0.07692 195.1 0.00000 0 -8.000 -0.6250 -7.999 -0.0001 0 NA
200.00 0.07500 200.1 0.00000 0 -8.000 -0.6250 -7.999 -0.0002 0 NA
205.00 0.07317 205.1 0.00000 0 -8.000 -0.6250 -7.999 -0.0001 0 NA
210.00 0.07143 210.1 0.00000 0 -8.000 -0.6250 -7.999 -0.0001 0 NA
215.00 0.06977 215.1 0.00000 0 -8.000 -0.6250 -7.999 -0.0001 0 NA
220.00 0.06818 220.1 0.00000 0 -8.000 -0.6250 -7.999 -0.0001 0 NA
225.00 0.06667 225.1 0.00000 0 -8.000 -0.6250 -7.999 -0.0001 0 NA
230.00 0.06522 230.1 0.00000 0 -8.000 -0.6250 -7.999 -0.0002 0 NA
235.00 0.06383 235.1 0.00005 0 -8.000 -0.6250 -7.999 -0.0001 0 NA
240.00 0.06250 240.1 0.00006 0 -8.000 -0.6250 -7.999 -0.0002 0 NA
245.00 0.06122 245.1 0.00007 0 -8.000 -0.6250 -7.999 -0.0001 0 NA
250.00 0.06000 250.1 0.00010 0 -8.000 -0.6250 -8.000 -0.0001 0 NA
255.00 0.05882 255.1 0.00015 0 -8.000 -0.6250 -7.999 -0.0001 0 NA
260.00 0.05769 260.1 0.00024 0 -8.000 -0.6250 -7.999 -0.0002 0 NA
265.00 0.05660 265.1 0.00038 0 -8.000 -0.6250 -7.999 -0.0001 0 NA
270.00 0.05556 270.1 0.00061 0 -8.000 -0.6250 -7.999 -0.0001 0 NA
275.00 0.05455 275.1 0.00094 0 -8.000 -0.6250 -7.999 -0.0001 0 NA
280.00 0.05357 280.1 0.00142 0 -8.000 -0.6250 -7.999 -0.0001 0 NA
285.00 0.05263 285.1 0.00208 0 -8.000 -0.6250 -7.999 -0.0001 0 NA
290.00 0.05172 290.1 0.00296 0 -8.000 -0.6250 -7.999 -0.0001 0 NA
295.00 0.05085 295.1 0.00406 0 -8.000 -0.6250 -7.999 -0.0001 0 NA
300.00 0.05000 300.1 0.00541 0 -8.000 -0.6250 -7.999 -0.0001 0 NA
305.00 0.04918 305.1 0.00705 0 -8.000 -0.6250 -7.999 -0.0001 0 NA
310.00 0.04839 310.1 0.00894 0 -8.000 -0.6250 -7.999 -0.0002 0 NA
315.00 0.04762 315.1 0.01109 0 -8.000 -0.6250 -7.999 -0.0002 0 NA
320.00 0.04688 320.1 0.01355 0 -8.000 -0.6250 -7.999 -0.0001 0 NA
325.00 0.04615 325.1 0.01622 0 -8.000 -0.6250 -7.999 -0.0001 0 NA
330.00 0.04545 330.1 0.01909 0 -8.000 -0.6250 -7.999 -0.0002 0 NA
335.00 0.04478 335.1 0.02218 0 -8.000 -0.6250 -7.999 -0.0002 0 NA
340.00 0.04412 340.1 0.02556 0 -8.000 -0.6250 -7.999 -0.0002 0 NA
345.00 0.04348 345.1 0.02897 0 -8.000 -0.6250 -7.999 -0.0002 0 NA
350.00 0.04286 350.1 0.03252 0 -8.000 -0.6250 -7.999 -0.0002 0 NA
355.00 0.04225 355.1 0.03637 0 -8.000 -0.6250 -7.999 -0.0001 0 NA
360.00 0.04167 360.1 0.04013 0 -8.000 -0.6250 -7.999 -0.0002 0 NA
365.00 0.04110 360.9 0.04002 1 -8.000 -0.6250 -7.999 -0.0002 0 NA
