% * Sample: 6E5P_28
% * Date / time: 2024-02-05 18:17:36.816744
% * R2CONTROL =  NOT SPECIFIED
% Column 1:  PSU1 nominal voltage setting (V)
% Column 2:  PSU1 nominal current setting (A)
% Column 3:  PSU1 voltage measurement (V)
% Column 4:  PSU1 current measurement (I)
% Column 5:  PSU1 limiter flag
% Column 6:  PSU2 nominal voltage setting (V)
% Column 7:  PSU2 nominal current setting (A)
% Column 8:  PSU2 voltage measurement (V)
% Column 9:  PSU2 current measurement (I)
% Column 10: PSU2 limiter flag
% Column 11: Heaterblock temperature (°C)
% * OPERATING POINT AT END OF PREHEAT / IDLE: U1 = 200.1 V  I1 = 0.03000 A  U2 = -3.779 V  I2 = -0.0002 A  T = NA °C
0.00 0.10000 0.2 0.00000 0 -0.000 -1.0000 -0.000 -0.0001 0 NA
5.00 0.10000 5.1 0.00005 0 -0.000 -1.0000 -0.000 -0.0001 0 NA
10.00 0.10000 10.1 0.00007 0 -0.000 -1.0000 -0.000 -0.0001 0 NA
15.00 0.10000 15.1 0.00018 0 -0.000 -1.0000 -0.000 -0.0001 0 NA
20.00 0.10000 20.1 0.00044 0 -0.000 -1.0000 -0.000 -0.0001 0 NA
25.00 0.10000 25.1 0.00098 0 -0.000 -1.0000 -0.000 -0.0001 0 NA
30.00 0.10000 30.1 0.00194 0 -0.000 -1.0000 -0.000 -0.0001 0 NA
35.00 0.10000 35.1 0.00354 0 -0.000 -1.0000 -0.000 -0.0001 0 NA
40.00 0.10000 40.1 0.00589 0 -0.000 -1.0000 -0.000 -0.0001 0 NA
45.00 0.10000 45.0 0.00890 0 -0.000 -1.0000 -0.000 -0.0001 0 NA
50.00 0.10000 50.1 0.01257 0 -0.000 -1.0000 -0.000 -0.0001 0 NA
55.00 0.10000 55.1 0.01680 0 -0.000 -1.0000 -0.000 -0.0001 0 NA
60.00 0.10000 60.1 0.02141 0 -0.000 -1.0000 -0.000 -0.0001 0 NA
65.00 0.10000 65.1 0.02627 0 -0.000 -1.0000 -0.000 -0.0001 0 NA
70.00 0.10000 70.1 0.03138 0 -0.000 -1.0000 -0.000 -0.0001 0 NA
75.00 0.10000 75.1 0.03657 0 -0.000 -1.0000 -0.000 -0.0001 0 NA
80.00 0.10000 80.1 0.04201 0 -0.000 -1.0000 -0.000 -0.0001 0 NA
85.00 0.10000 85.1 0.04759 0 -0.000 -1.0000 -0.000 -0.0001 0 NA
90.00 0.10000 90.1 0.05334 0 -0.000 -1.0000 -0.000 -0.0001 0 NA
95.00 0.10000 95.1 0.05915 0 -0.000 -1.0000 -0.000 -0.0001 0 NA
100.00 0.10000 100.1 0.06508 0 -0.000 -1.0000 -0.000 -0.0001 0 NA
105.00 0.10000 105.1 0.07118 0 -0.000 -1.0000 -0.000 -0.0001 0 NA
110.00 0.10000 110.1 0.07730 0 -0.000 -1.0000 -0.000 -0.0001 0 NA
115.00 0.10000 115.1 0.08350 0 -0.000 -1.0000 -0.000 -0.0001 0 NA
120.00 0.10000 120.1 0.08978 0 -0.000 -1.0000 -0.000 -0.0001 0 NA
125.00 0.10000 125.1 0.09623 0 -0.000 -1.0000 -0.000 -0.0001 0 NA
130.00 0.10000 128.4 0.10005 1 -0.000 -1.0000 -0.000 -0.0001 0 NA
0.00 0.10000 0.1 0.00000 0 -0.500 -1.0000 -0.500 -0.0002 0 NA
5.00 0.10000 5.1 0.00000 0 -0.500 -1.0000 -0.499 -0.0001 0 NA
10.00 0.10000 10.1 0.00000 0 -0.500 -1.0000 -0.499 -0.0001 0 NA
15.00 0.10000 15.1 0.00000 0 -0.500 -1.0000 -0.499 -0.0002 0 NA
20.00 0.10000 20.1 0.00006 0 -0.500 -1.0000 -0.499 -0.0002 0 NA
25.00 0.10000 25.1 0.00011 0 -0.500 -1.0000 -0.499 -0.0001 0 NA
30.00 0.10000 30.1 0.00025 0 -0.500 -1.0000 -0.499 -0.0002 0 NA
35.00 0.10000 35.1 0.00058 0 -0.500 -1.0000 -0.499 -0.0002 0 NA
40.00 0.10000 40.1 0.00121 0 -0.500 -1.0000 -0.499 -0.0002 0 NA
45.00 0.10000 45.0 0.00228 0 -0.500 -1.0000 -0.499 -0.0002 0 NA
50.00 0.10000 50.1 0.00387 0 -0.500 -1.0000 -0.499 -0.0002 0 NA
55.00 0.10000 55.1 0.00602 0 -0.500 -1.0000 -0.499 -0.0001 0 NA
60.00 0.10000 60.1 0.00876 0 -0.500 -1.0000 -0.499 -0.0001 0 NA
65.00 0.10000 65.1 0.01210 0 -0.500 -1.0000 -0.499 -0.0002 0 NA
70.00 0.10000 70.1 0.01602 0 -0.500 -1.0000 -0.499 -0.0001 0 NA
75.00 0.10000 75.1 0.02039 0 -0.500 -1.0000 -0.499 -0.0002 0 NA
80.00 0.10000 80.1 0.02511 0 -0.500 -1.0000 -0.499 -0.0001 0 NA
85.00 0.10000 85.1 0.03008 0 -0.500 -1.0000 -0.499 -0.0002 0 NA
90.00 0.10000 90.1 0.03520 0 -0.500 -1.0000 -0.499 -0.0001 0 NA
95.00 0.10000 95.1 0.04049 0 -0.500 -1.0000 -0.499 -0.0002 0 NA
100.00 0.10000 100.1 0.04596 0 -0.500 -1.0000 -0.499 -0.0002 0 NA
105.00 0.10000 105.1 0.05153 0 -0.500 -1.0000 -0.499 -0.0001 0 NA
110.00 0.10000 110.1 0.05721 0 -0.500 -1.0000 -0.499 -0.0001 0 NA
115.00 0.10000 115.1 0.06299 0 -0.500 -1.0000 -0.499 -0.0001 0 NA
120.00 0.10000 120.1 0.06895 0 -0.500 -1.0000 -0.499 -0.0001 0 NA
125.00 0.10000 125.1 0.07489 0 -0.500 -1.0000 -0.499 -0.0002 0 NA
130.00 0.10000 130.1 0.08093 0 -0.500 -1.0000 -0.499 -0.0001 0 NA
135.00 0.10000 135.1 0.08695 0 -0.500 -1.0000 -0.499 -0.0001 0 NA
140.00 0.10000 140.1 0.09316 0 -0.500 -1.0000 -0.499 -0.0001 0 NA
145.00 0.10000 145.1 0.09943 0 -0.500 -1.0000 -0.499 -0.0002 0 NA
150.00 0.10000 145.9 0.10005 1 -0.500 -1.0000 -0.499 -0.0001 0 NA
0.00 0.10000 0.2 0.00000 0 -1.000 -1.0000 -1.000 -0.0001 0 NA
5.00 0.10000 5.1 0.00000 0 -1.000 -1.0000 -0.999 -0.0002 0 NA
10.00 0.10000 10.1 0.00000 0 -1.000 -1.0000 -1.000 -0.0001 0 NA
15.00 0.10000 15.1 0.00000 0 -1.000 -1.0000 -1.000 -0.0002 0 NA
20.00 0.10000 20.1 0.00000 0 -1.000 -1.0000 -0.999 -0.0002 0 NA
25.00 0.10000 25.1 0.00000 0 -1.000 -1.0000 -1.000 -0.0001 0 NA
30.00 0.10000 30.1 0.00005 0 -1.000 -1.0000 -0.999 -0.0002 0 NA
35.00 0.10000 35.1 0.00007 0 -1.000 -1.0000 -1.000 -0.0002 0 NA
40.00 0.10000 40.1 0.00014 0 -1.000 -1.0000 -0.999 -0.0002 0 NA
45.00 0.10000 45.0 0.00028 0 -1.000 -1.0000 -0.999 -0.0002 0 NA
50.00 0.10000 50.1 0.00061 0 -1.000 -1.0000 -0.999 -0.0002 0 NA
55.00 0.10000 55.1 0.00119 0 -1.000 -1.0000 -1.000 -0.0002 0 NA
60.00 0.10000 60.1 0.00213 0 -1.000 -1.0000 -0.999 -0.0001 0 NA
65.00 0.10000 65.1 0.00354 0 -1.000 -1.0000 -1.000 -0.0001 0 NA
70.00 0.10000 70.1 0.00545 0 -1.000 -1.0000 -1.000 -0.0002 0 NA
75.00 0.10000 75.1 0.00788 0 -1.000 -1.0000 -0.999 -0.0001 0 NA
80.00 0.10000 80.1 0.01086 0 -1.000 -1.0000 -0.999 -0.0001 0 NA
85.00 0.10000 85.1 0.01438 0 -1.000 -1.0000 -1.000 -0.0002 0 NA
90.00 0.10000 90.1 0.01841 0 -1.000 -1.0000 -1.000 -0.0002 0 NA
95.00 0.10000 95.1 0.02287 0 -1.000 -1.0000 -0.999 -0.0001 0 NA
100.00 0.10000 100.1 0.02762 0 -1.000 -1.0000 -1.000 -0.0002 0 NA
105.00 0.10000 105.1 0.03259 0 -1.000 -1.0000 -1.000 -0.0002 0 NA
110.00 0.10000 110.1 0.03779 0 -1.000 -1.0000 -0.999 -0.0001 0 NA
115.00 0.10000 115.1 0.04308 0 -1.000 -1.0000 -1.000 -0.0002 0 NA
120.00 0.10000 120.1 0.04851 0 -1.000 -1.0000 -1.000 -0.0001 0 NA
125.00 0.10000 125.1 0.05403 0 -1.000 -1.0000 -1.000 -0.0002 0 NA
130.00 0.10000 130.1 0.05976 0 -1.000 -1.0000 -0.999 -0.0001 0 NA
135.00 0.10000 135.1 0.06549 0 -1.000 -1.0000 -0.999 -0.0001 0 NA
140.00 0.10000 140.1 0.07130 0 -1.000 -1.0000 -1.000 -0.0001 0 NA
145.00 0.10000 145.1 0.07729 0 -1.000 -1.0000 -0.999 -0.0002 0 NA
150.00 0.10000 150.1 0.08325 0 -1.000 -1.0000 -1.000 -0.0001 0 NA
155.00 0.09677 155.1 0.08929 0 -1.000 -1.0000 -1.000 -0.0001 0 NA
160.00 0.09375 160.1 0.09539 1 -1.000 -1.0000 -0.999 -0.0001 0 NA
0.00 0.10000 0.1 0.00000 0 -1.500 -1.0000 -1.499 -0.0002 0 NA
5.00 0.10000 5.1 0.00000 0 -1.500 -1.0000 -1.499 -0.0001 0 NA
10.00 0.10000 10.1 0.00000 0 -1.500 -1.0000 -1.499 -0.0001 0 NA
15.00 0.10000 15.1 0.00000 0 -1.500 -1.0000 -1.499 -0.0002 0 NA
20.00 0.10000 20.1 0.00000 0 -1.500 -1.0000 -1.499 -0.0002 0 NA
25.00 0.10000 25.1 0.00000 0 -1.500 -1.0000 -1.499 -0.0001 0 NA
30.00 0.10000 30.1 0.00000 0 -1.500 -1.0000 -1.499 -0.0002 0 NA
35.00 0.10000 35.1 0.00000 0 -1.500 -1.0000 -1.499 -0.0002 0 NA
40.00 0.10000 40.1 0.00000 0 -1.500 -1.0000 -1.499 -0.0001 0 NA
45.00 0.10000 45.0 0.00005 0 -1.500 -1.0000 -1.499 -0.0002 0 NA
50.00 0.10000 50.1 0.00007 0 -1.500 -1.0000 -1.499 -0.0002 0 NA
55.00 0.10000 55.1 0.00014 0 -1.500 -1.0000 -1.500 -0.0001 0 NA
60.00 0.10000 60.1 0.00029 0 -1.500 -1.0000 -1.500 -0.0001 0 NA
65.00 0.10000 65.1 0.00058 0 -1.500 -1.0000 -1.499 -0.0002 0 NA
70.00 0.10000 70.1 0.00111 0 -1.500 -1.0000 -1.499 -0.0002 0 NA
75.00 0.10000 75.1 0.00194 0 -1.500 -1.0000 -1.500 -0.0002 0 NA
80.00 0.10000 80.1 0.00317 0 -1.500 -1.0000 -1.499 -0.0001 0 NA
85.00 0.10000 85.1 0.00484 0 -1.500 -1.0000 -1.499 -0.0002 0 NA
90.00 0.10000 90.1 0.00700 0 -1.500 -1.0000 -1.499 -0.0002 0 NA
95.00 0.10000 95.1 0.00965 0 -1.500 -1.0000 -1.499 -0.0001 0 NA
100.00 0.10000 100.1 0.01280 0 -1.500 -1.0000 -1.500 -0.0001 0 NA
105.00 0.10000 105.1 0.01644 0 -1.500 -1.0000 -1.499 -0.0001 0 NA
110.00 0.10000 110.1 0.02056 0 -1.500 -1.0000 -1.499 -0.0001 0 NA
115.00 0.10000 115.1 0.02504 0 -1.500 -1.0000 -1.499 -0.0002 0 NA
120.00 0.10000 120.1 0.02985 0 -1.500 -1.0000 -1.500 -0.0001 0 NA
125.00 0.10000 125.1 0.03482 0 -1.500 -1.0000 -1.500 -0.0001 0 NA
130.00 0.10000 130.1 0.03996 0 -1.500 -1.0000 -1.500 -0.0002 0 NA
135.00 0.10000 135.1 0.04531 0 -1.500 -1.0000 -1.500 -0.0001 0 NA
140.00 0.10000 140.1 0.05070 0 -1.500 -1.0000 -1.499 -0.0001 0 NA
145.00 0.10000 145.1 0.05618 0 -1.500 -1.0000 -1.499 -0.0002 0 NA
150.00 0.10000 150.1 0.06176 0 -1.500 -1.0000 -1.500 -0.0001 0 NA
155.00 0.09677 155.1 0.06754 0 -1.500 -1.0000 -1.499 -0.0001 0 NA
160.00 0.09375 160.1 0.07329 0 -1.500 -1.0000 -1.499 -0.0001 0 NA
165.00 0.09091 165.1 0.07908 0 -1.500 -1.0000 -1.500 -0.0002 0 NA
170.00 0.08824 166.3 0.08004 1 -1.500 -1.0000 -1.499 -0.0002 0 NA
0.00 0.10000 0.2 0.00000 0 -2.000 -1.0000 -1.999 -0.0002 0 NA
5.00 0.10000 5.1 0.00000 0 -2.000 -1.0000 -1.999 -0.0001 0 NA
10.00 0.10000 10.1 0.00000 0 -2.000 -1.0000 -1.999 -0.0002 0 NA
15.00 0.10000 15.1 0.00000 0 -2.000 -1.0000 -1.999 -0.0002 0 NA
20.00 0.10000 20.1 0.00000 0 -2.000 -1.0000 -1.999 -0.0002 0 NA
25.00 0.10000 25.1 0.00000 0 -2.000 -1.0000 -2.000 -0.0001 0 NA
30.00 0.10000 30.1 0.00000 0 -2.000 -1.0000 -1.999 -0.0002 0 NA
35.00 0.10000 35.1 0.00000 0 -2.000 -1.0000 -1.999 -0.0001 0 NA
40.00 0.10000 40.1 0.00000 0 -2.000 -1.0000 -2.000 -0.0002 0 NA
45.00 0.10000 45.0 0.00000 0 -2.000 -1.0000 -2.000 -0.0002 0 NA
50.00 0.10000 50.1 0.00000 0 -2.000 -1.0000 -2.000 -0.0001 0 NA
55.00 0.10000 55.1 0.00000 0 -2.000 -1.0000 -1.999 -0.0002 0 NA
60.00 0.10000 60.1 0.00005 0 -2.000 -1.0000 -1.999 -0.0002 0 NA
65.00 0.10000 65.1 0.00008 0 -2.000 -1.0000 -1.999 -0.0002 0 NA
70.00 0.10000 70.1 0.00015 0 -2.000 -1.0000 -1.999 -0.0001 0 NA
75.00 0.10000 75.1 0.00029 0 -2.000 -1.0000 -2.000 -0.0002 0 NA
80.00 0.10000 80.1 0.00056 0 -2.000 -1.0000 -2.000 -0.0002 0 NA
85.00 0.10000 85.1 0.00102 0 -2.000 -1.0000 -1.999 -0.0001 0 NA
90.00 0.10000 90.1 0.00176 0 -2.000 -1.0000 -1.999 -0.0002 0 NA
95.00 0.10000 95.1 0.00283 0 -2.000 -1.0000 -1.999 -0.0002 0 NA
100.00 0.10000 100.1 0.00431 0 -2.000 -1.0000 -1.999 -0.0001 0 NA
105.00 0.10000 105.1 0.00623 0 -2.000 -1.0000 -1.999 -0.0001 0 NA
110.00 0.10000 110.1 0.00860 0 -2.000 -1.0000 -1.999 -0.0001 0 NA
115.00 0.10000 115.1 0.01142 0 -2.000 -1.0000 -1.999 -0.0001 0 NA
120.00 0.10000 120.1 0.01471 0 -2.000 -1.0000 -2.000 -0.0002 0 NA
125.00 0.10000 125.1 0.01847 0 -2.000 -1.0000 -1.999 -0.0001 0 NA
130.00 0.10000 130.1 0.02264 0 -2.000 -1.0000 -1.999 -0.0002 0 NA
135.00 0.10000 135.1 0.02713 0 -2.000 -1.0000 -1.999 -0.0002 0 NA
140.00 0.10000 140.1 0.03190 0 -2.000 -1.0000 -1.999 -0.0002 0 NA
145.00 0.10000 145.1 0.03691 0 -2.000 -1.0000 -1.999 -0.0001 0 NA
150.00 0.10000 150.1 0.04202 0 -2.000 -1.0000 -1.999 -0.0001 0 NA
155.00 0.09677 155.1 0.04725 0 -2.000 -1.0000 -1.999 -0.0001 0 NA
160.00 0.09375 160.1 0.05270 0 -2.000 -1.0000 -1.999 -0.0002 0 NA
165.00 0.09091 165.1 0.05813 0 -2.000 -1.0000 -1.999 -0.0002 0 NA
170.00 0.08824 170.1 0.06365 0 -2.000 -1.0000 -1.999 -0.0001 0 NA
175.00 0.08571 175.1 0.06934 0 -2.000 -1.0000 -2.000 -0.0001 0 NA
180.00 0.08333 180.1 0.07500 0 -2.000 -1.0000 -1.999 -0.0001 0 NA
185.00 0.08108 185.1 0.08068 0 -2.000 -1.0000 -1.999 -0.0001 0 NA
190.00 0.07895 185.0 0.08004 1 -2.000 -1.0000 -1.999 -0.0001 0 NA
0.00 0.10000 0.1 0.00000 0 -2.500 -1.0000 -2.499 -0.0002 0 NA
5.00 0.10000 5.1 0.00000 0 -2.500 -1.0000 -2.499 -0.0001 0 NA
10.00 0.10000 10.1 0.00000 0 -2.500 -1.0000 -2.499 -0.0002 0 NA
15.00 0.10000 15.1 0.00000 0 -2.500 -1.0000 -2.499 -0.0002 0 NA
20.00 0.10000 20.1 0.00000 0 -2.500 -1.0000 -2.499 -0.0002 0 NA
25.00 0.10000 25.1 0.00000 0 -2.500 -1.0000 -2.499 -0.0001 0 NA
30.00 0.10000 30.1 0.00000 0 -2.500 -1.0000 -2.499 -0.0001 0 NA
35.00 0.10000 35.1 0.00000 0 -2.500 -1.0000 -2.499 -0.0001 0 NA
40.00 0.10000 40.1 0.00000 0 -2.500 -1.0000 -2.499 -0.0002 0 NA
45.00 0.10000 45.0 0.00000 0 -2.500 -1.0000 -2.499 -0.0002 0 NA
50.00 0.10000 50.1 0.00000 0 -2.500 -1.0000 -2.499 -0.0001 0 NA
55.00 0.10000 55.1 0.00000 0 -2.500 -1.0000 -2.499 -0.0002 0 NA
60.00 0.10000 60.1 0.00000 0 -2.500 -1.0000 -2.499 -0.0002 0 NA
65.00 0.10000 65.1 0.00000 0 -2.500 -1.0000 -2.499 -0.0001 0 NA
70.00 0.10000 70.1 0.00000 0 -2.500 -1.0000 -2.499 -0.0001 0 NA
75.00 0.10000 75.1 0.00006 0 -2.500 -1.0000 -2.499 -0.0001 0 NA
80.00 0.10000 80.1 0.00008 0 -2.500 -1.0000 -2.499 -0.0002 0 NA
85.00 0.10000 85.1 0.00015 0 -2.500 -1.0000 -2.499 -0.0002 0 NA
90.00 0.10000 90.1 0.00028 0 -2.500 -1.0000 -2.499 -0.0001 0 NA
95.00 0.10000 95.1 0.00053 0 -2.500 -1.0000 -2.499 -0.0002 0 NA
100.00 0.10000 100.1 0.00095 0 -2.500 -1.0000 -2.499 -0.0002 0 NA
105.00 0.10000 105.1 0.00161 0 -2.500 -1.0000 -2.499 -0.0002 0 NA
110.00 0.10000 110.1 0.00256 0 -2.500 -1.0000 -2.499 -0.0001 0 NA
115.00 0.10000 115.1 0.00388 0 -2.500 -1.0000 -2.499 -0.0001 0 NA
120.00 0.10000 120.1 0.00560 0 -2.500 -1.0000 -2.499 -0.0002 0 NA
125.00 0.10000 125.1 0.00773 0 -2.500 -1.0000 -2.499 -0.0001 0 NA
130.00 0.10000 130.1 0.01029 0 -2.500 -1.0000 -2.499 -0.0001 0 NA
135.00 0.10000 135.1 0.01330 0 -2.500 -1.0000 -2.499 -0.0002 0 NA
140.00 0.10000 140.1 0.01673 0 -2.500 -1.0000 -2.499 -0.0002 0 NA
145.00 0.10000 145.1 0.02056 0 -2.500 -1.0000 -2.499 -0.0001 0 NA
150.00 0.10000 150.1 0.02477 0 -2.500 -1.0000 -2.499 -0.0001 0 NA
155.00 0.09677 155.1 0.02936 0 -2.500 -1.0000 -2.499 -0.0002 0 NA
160.00 0.09375 160.1 0.03412 0 -2.500 -1.0000 -2.499 -0.0001 0 NA
165.00 0.09091 165.1 0.03904 0 -2.500 -1.0000 -2.499 -0.0002 0 NA
170.00 0.08824 170.1 0.04423 0 -2.500 -1.0000 -2.499 -0.0002 0 NA
175.00 0.08571 175.1 0.04941 0 -2.500 -1.0000 -2.499 -0.0001 0 NA
180.00 0.08333 180.1 0.05470 0 -2.500 -1.0000 -2.499 -0.0001 0 NA
185.00 0.08108 185.1 0.06004 0 -2.500 -1.0000 -2.499 -0.0002 0 NA
190.00 0.07895 190.1 0.06564 0 -2.500 -1.0000 -2.499 -0.0001 0 NA
195.00 0.07692 195.1 0.07112 0 -2.500 -1.0000 -2.499 -0.0002 0 NA
200.00 0.07500 200.1 0.07665 1 -2.500 -1.0000 -2.499 -0.0001 0 NA
0.00 0.10000 0.1 0.00000 0 -3.000 -1.0000 -3.000 -0.0001 0 NA
5.00 0.10000 5.1 0.00000 0 -3.000 -1.0000 -3.000 -0.0001 0 NA
10.00 0.10000 10.1 0.00000 0 -3.000 -1.0000 -3.000 -0.0001 0 NA
15.00 0.10000 15.1 0.00000 0 -3.000 -1.0000 -3.000 -0.0001 0 NA
20.00 0.10000 20.1 0.00000 0 -3.000 -1.0000 -3.000 -0.0001 0 NA
25.00 0.10000 25.1 0.00000 0 -3.000 -1.0000 -3.000 -0.0002 0 NA
30.00 0.10000 30.1 0.00000 0 -3.000 -1.0000 -3.000 -0.0001 0 NA
35.00 0.10000 35.1 0.00000 0 -3.000 -1.0000 -3.000 -0.0001 0 NA
40.00 0.10000 40.1 0.00000 0 -3.000 -1.0000 -3.000 -0.0001 0 NA
45.00 0.10000 45.0 0.00000 0 -3.000 -1.0000 -3.000 -0.0002 0 NA
50.00 0.10000 50.1 0.00000 0 -3.000 -1.0000 -3.000 -0.0001 0 NA
55.00 0.10000 55.1 0.00000 0 -3.000 -1.0000 -3.000 -0.0001 0 NA
60.00 0.10000 60.1 0.00000 0 -3.000 -1.0000 -3.000 -0.0001 0 NA
65.00 0.10000 65.1 0.00000 0 -3.000 -1.0000 -3.000 -0.0001 0 NA
70.00 0.10000 70.1 0.00000 0 -3.000 -1.0000 -3.000 -0.0001 0 NA
75.00 0.10000 75.1 0.00000 0 -3.000 -1.0000 -3.000 -0.0001 0 NA
80.00 0.10000 80.1 0.00000 0 -3.000 -1.0000 -3.000 -0.0001 0 NA
85.00 0.10000 85.1 0.00005 0 -3.000 -1.0000 -3.000 -0.0001 0 NA
90.00 0.10000 90.1 0.00006 0 -3.000 -1.0000 -3.000 -0.0001 0 NA
95.00 0.10000 95.1 0.00009 0 -3.000 -1.0000 -3.000 -0.0002 0 NA
100.00 0.10000 100.1 0.00015 0 -3.000 -1.0000 -3.000 -0.0001 0 NA
105.00 0.10000 105.1 0.00028 0 -3.000 -1.0000 -3.000 -0.0002 0 NA
110.00 0.10000 110.1 0.00049 0 -3.000 -1.0000 -3.000 -0.0001 0 NA
115.00 0.10000 115.1 0.00087 0 -3.000 -1.0000 -3.000 -0.0001 0 NA
120.00 0.10000 120.1 0.00145 0 -3.000 -1.0000 -3.000 -0.0002 0 NA
125.00 0.10000 125.1 0.00229 0 -3.000 -1.0000 -3.000 -0.0001 0 NA
130.00 0.10000 130.1 0.00346 0 -3.000 -1.0000 -3.000 -0.0001 0 NA
135.00 0.10000 135.1 0.00498 0 -3.000 -1.0000 -3.000 -0.0002 0 NA
140.00 0.10000 140.1 0.00689 0 -3.000 -1.0000 -3.000 -0.0001 0 NA
145.00 0.10000 145.1 0.00920 0 -3.000 -1.0000 -3.000 -0.0001 0 NA
150.00 0.10000 150.1 0.01192 0 -3.000 -1.0000 -3.000 -0.0002 0 NA
155.00 0.09677 155.1 0.01506 0 -3.000 -1.0000 -3.000 -0.0001 0 NA
160.00 0.09375 160.1 0.01859 0 -3.000 -1.0000 -3.000 -0.0001 0 NA
165.00 0.09091 165.1 0.02247 0 -3.000 -1.0000 -3.000 -0.0002 0 NA
170.00 0.08824 170.1 0.02677 0 -3.000 -1.0000 -3.000 -0.0001 0 NA
175.00 0.08571 175.1 0.03127 0 -3.000 -1.0000 -3.000 -0.0002 0 NA
180.00 0.08333 180.1 0.03599 0 -3.000 -1.0000 -3.000 -0.0002 0 NA
185.00 0.08108 185.1 0.04087 0 -3.000 -1.0000 -3.000 -0.0001 0 NA
190.00 0.07895 190.1 0.04601 0 -3.000 -1.0000 -3.000 -0.0002 0 NA
195.00 0.07692 195.1 0.05110 0 -3.000 -1.0000 -3.000 -0.0002 0 NA
200.00 0.07500 200.1 0.05629 0 -3.000 -1.0000 -3.000 -0.0001 0 NA
205.00 0.07317 205.0 0.06160 0 -3.000 -1.0000 -3.000 -0.0002 0 NA
210.00 0.07143 210.1 0.06704 0 -3.000 -1.0000 -3.000 -0.0002 0 NA
215.00 0.06977 204.4 0.06003 1 -3.000 -1.0000 -3.000 -0.0002 0 NA
0.00 0.10000 0.2 0.00000 0 -3.500 -1.0000 -3.500 -0.0002 0 NA
5.00 0.10000 5.1 0.00000 0 -3.500 -1.0000 -3.500 -0.0001 0 NA
10.00 0.10000 10.1 0.00000 0 -3.500 -1.0000 -3.500 -0.0002 0 NA
15.00 0.10000 15.1 0.00000 0 -3.500 -1.0000 -3.500 -0.0002 0 NA
20.00 0.10000 20.1 0.00000 0 -3.500 -1.0000 -3.500 -0.0002 0 NA
25.00 0.10000 25.1 0.00000 0 -3.500 -1.0000 -3.500 -0.0002 0 NA
30.00 0.10000 30.1 0.00000 0 -3.500 -1.0000 -3.500 -0.0002 0 NA
35.00 0.10000 35.1 0.00000 0 -3.500 -1.0000 -3.500 -0.0001 0 NA
40.00 0.10000 40.1 0.00000 0 -3.500 -1.0000 -3.500 -0.0001 0 NA
45.00 0.10000 45.0 0.00000 0 -3.500 -1.0000 -3.500 -0.0001 0 NA
50.00 0.10000 50.1 0.00000 0 -3.500 -1.0000 -3.500 -0.0002 0 NA
55.00 0.10000 55.1 0.00000 0 -3.500 -1.0000 -3.500 -0.0002 0 NA
60.00 0.10000 60.1 0.00000 0 -3.500 -1.0000 -3.500 -0.0001 0 NA
65.00 0.10000 65.1 0.00000 0 -3.500 -1.0000 -3.500 -0.0001 0 NA
70.00 0.10000 70.1 0.00000 0 -3.500 -1.0000 -3.500 -0.0001 0 NA
75.00 0.10000 75.1 0.00000 0 -3.500 -1.0000 -3.500 -0.0001 0 NA
80.00 0.10000 80.1 0.00000 0 -3.500 -1.0000 -3.500 -0.0001 0 NA
85.00 0.10000 85.1 0.00000 0 -3.500 -1.0000 -3.500 -0.0001 0 NA
90.00 0.10000 90.1 0.00000 0 -3.500 -1.0000 -3.500 -0.0001 0 NA
95.00 0.10000 95.1 0.00000 0 -3.500 -1.0000 -3.500 -0.0002 0 NA
100.00 0.10000 100.1 0.00005 0 -3.500 -1.0000 -3.500 -0.0001 0 NA
105.00 0.10000 105.1 0.00006 0 -3.500 -1.0000 -3.500 -0.0002 0 NA
110.00 0.10000 110.1 0.00009 0 -3.500 -1.0000 -3.500 -0.0002 0 NA
115.00 0.10000 115.1 0.00015 0 -3.500 -1.0000 -3.500 -0.0001 0 NA
120.00 0.10000 120.1 0.00026 0 -3.500 -1.0000 -3.500 -0.0002 0 NA
125.00 0.10000 125.1 0.00046 0 -3.500 -1.0000 -3.500 -0.0001 0 NA
130.00 0.10000 130.1 0.00079 0 -3.500 -1.0000 -3.500 -0.0001 0 NA
135.00 0.10000 135.1 0.00131 0 -3.500 -1.0000 -3.500 -0.0001 0 NA
140.00 0.10000 140.1 0.00206 0 -3.500 -1.0000 -3.500 -0.0001 0 NA
145.00 0.10000 145.1 0.00310 0 -3.500 -1.0000 -3.500 -0.0002 0 NA
150.00 0.10000 150.1 0.00447 0 -3.500 -1.0000 -3.500 -0.0002 0 NA
155.00 0.09677 155.1 0.00618 0 -3.500 -1.0000 -3.500 -0.0001 0 NA
160.00 0.09375 160.1 0.00828 0 -3.500 -1.0000 -3.500 -0.0002 0 NA
165.00 0.09091 165.1 0.01075 0 -3.500 -1.0000 -3.500 -0.0001 0 NA
170.00 0.08824 170.1 0.01364 0 -3.500 -1.0000 -3.500 -0.0002 0 NA
175.00 0.08571 175.1 0.01686 0 -3.500 -1.0000 -3.500 -0.0002 0 NA
180.00 0.08333 180.1 0.02045 0 -3.500 -1.0000 -3.500 -0.0002 0 NA
185.00 0.08108 185.1 0.02438 0 -3.500 -1.0000 -3.500 -0.0001 0 NA
190.00 0.07895 190.1 0.02869 0 -3.500 -1.0000 -3.500 -0.0002 0 NA
195.00 0.07692 195.1 0.03315 0 -3.500 -1.0000 -3.500 -0.0002 0 NA
200.00 0.07500 200.1 0.03783 0 -3.500 -1.0000 -3.500 -0.0001 0 NA
205.00 0.07317 205.1 0.04280 0 -3.500 -1.0000 -3.500 -0.0001 0 NA
210.00 0.07143 210.1 0.04769 0 -3.500 -1.0000 -3.500 -0.0001 0 NA
215.00 0.06977 215.1 0.05269 0 -3.500 -1.0000 -3.500 -0.0001 0 NA
220.00 0.06818 220.1 0.05778 0 -3.500 -1.0000 -3.500 -0.0001 0 NA
225.00 0.06667 222.5 0.06003 1 -3.500 -1.0000 -3.500 -0.0002 0 NA
0.00 0.10000 0.2 0.00000 0 -4.000 -1.0000 -4.000 -0.0002 0 NA
5.00 0.10000 5.1 0.00000 0 -4.000 -1.0000 -4.000 -0.0002 0 NA
10.00 0.10000 10.1 0.00000 0 -4.000 -1.0000 -4.000 -0.0001 0 NA
15.00 0.10000 15.1 0.00000 0 -4.000 -1.0000 -4.000 -0.0001 0 NA
20.00 0.10000 20.1 0.00000 0 -4.000 -1.0000 -4.000 -0.0002 0 NA
25.00 0.10000 25.1 0.00000 0 -4.000 -1.0000 -4.000 -0.0002 0 NA
30.00 0.10000 30.1 0.00000 0 -4.000 -1.0000 -4.000 -0.0001 0 NA
35.00 0.10000 35.1 0.00000 0 -4.000 -1.0000 -4.000 -0.0002 0 NA
40.00 0.10000 40.1 0.00000 0 -4.000 -1.0000 -4.000 -0.0002 0 NA
45.00 0.10000 45.0 0.00000 0 -4.000 -1.0000 -4.000 -0.0001 0 NA
50.00 0.10000 50.1 0.00000 0 -4.000 -1.0000 -4.000 -0.0001 0 NA
55.00 0.10000 55.1 0.00000 0 -4.000 -1.0000 -4.000 -0.0001 0 NA
60.00 0.10000 60.1 0.00000 0 -4.000 -1.0000 -4.000 -0.0002 0 NA
65.00 0.10000 65.1 0.00000 0 -4.000 -1.0000 -4.000 -0.0002 0 NA
70.00 0.10000 70.1 0.00000 0 -4.000 -1.0000 -4.000 -0.0001 0 NA
75.00 0.10000 75.1 0.00000 0 -4.000 -1.0000 -4.000 -0.0001 0 NA
80.00 0.10000 80.1 0.00000 0 -4.000 -1.0000 -4.000 -0.0002 0 NA
85.00 0.10000 85.1 0.00000 0 -4.000 -1.0000 -4.000 -0.0001 0 NA
90.00 0.10000 90.1 0.00000 0 -4.000 -1.0000 -4.000 -0.0002 0 NA
95.00 0.10000 95.1 0.00000 0 -4.000 -1.0000 -4.000 -0.0001 0 NA
100.00 0.10000 100.1 0.00000 0 -4.000 -1.0000 -4.000 -0.0002 0 NA
105.00 0.10000 105.1 0.00000 0 -4.000 -1.0000 -4.001 -0.0001 0 NA
110.00 0.10000 110.1 0.00000 0 -4.000 -1.0000 -4.000 -0.0001 0 NA
115.00 0.10000 115.1 0.00005 0 -4.000 -1.0000 -4.000 -0.0001 0 NA
120.00 0.10000 120.1 0.00006 0 -4.000 -1.0000 -4.000 -0.0001 0 NA
125.00 0.10000 125.1 0.00009 0 -4.000 -1.0000 -4.000 -0.0001 0 NA
130.00 0.10000 130.1 0.00014 0 -4.000 -1.0000 -4.000 -0.0002 0 NA
135.00 0.10000 135.1 0.00025 0 -4.000 -1.0000 -4.000 -0.0002 0 NA
140.00 0.10000 140.1 0.00043 0 -4.000 -1.0000 -4.000 -0.0001 0 NA
145.00 0.10000 145.1 0.00073 0 -4.000 -1.0000 -4.000 -0.0002 0 NA
150.00 0.10000 150.1 0.00120 0 -4.000 -1.0000 -4.000 -0.0001 0 NA
155.00 0.09677 155.1 0.00187 0 -4.000 -1.0000 -4.000 -0.0001 0 NA
160.00 0.09375 160.1 0.00280 0 -4.000 -1.0000 -4.000 -0.0002 0 NA
165.00 0.09091 165.1 0.00403 0 -4.000 -1.0000 -4.000 -0.0001 0 NA
170.00 0.08824 170.1 0.00558 0 -4.000 -1.0000 -4.000 -0.0002 0 NA
175.00 0.08571 175.1 0.00749 0 -4.000 -1.0000 -4.000 -0.0001 0 NA
180.00 0.08333 180.1 0.00975 0 -4.000 -1.0000 -4.000 -0.0001 0 NA
185.00 0.08108 185.1 0.01237 0 -4.000 -1.0000 -4.000 -0.0001 0 NA
190.00 0.07895 190.1 0.01539 0 -4.000 -1.0000 -4.000 -0.0001 0 NA
195.00 0.07692 195.1 0.01863 0 -4.000 -1.0000 -4.000 -0.0001 0 NA
200.00 0.07500 200.1 0.02229 0 -4.000 -1.0000 -4.000 -0.0001 0 NA
205.00 0.07317 205.1 0.02628 0 -4.000 -1.0000 -4.000 -0.0002 0 NA
210.00 0.07143 210.1 0.03056 0 -4.000 -1.0000 -4.000 -0.0001 0 NA
215.00 0.06977 215.1 0.03499 0 -4.000 -1.0000 -4.000 -0.0002 0 NA
220.00 0.06818 220.1 0.03960 0 -4.000 -1.0000 -4.000 -0.0001 0 NA
225.00 0.06667 225.1 0.04449 0 -4.000 -1.0000 -4.000 -0.0001 0 NA
230.00 0.06522 230.1 0.04933 0 -4.000 -1.0000 -4.000 -0.0002 0 NA
235.00 0.06383 235.1 0.05423 0 -4.000 -1.0000 -4.000 -0.0002 0 NA
240.00 0.06250 240.1 0.05921 0 -4.000 -1.0000 -4.000 -0.0002 0 NA
245.00 0.06122 241.5 0.06003 1 -4.000 -1.0000 -4.000 -0.0001 0 NA
0.00 0.10000 0.1 0.00000 0 -4.500 -1.0000 -4.500 -0.0002 0 NA
5.00 0.10000 5.1 0.00000 0 -4.500 -1.0000 -4.499 -0.0002 0 NA
10.00 0.10000 10.1 0.00000 0 -4.500 -1.0000 -4.499 -0.0001 0 NA
15.00 0.10000 15.1 0.00000 0 -4.500 -1.0000 -4.500 -0.0002 0 NA
20.00 0.10000 20.1 0.00000 0 -4.500 -1.0000 -4.500 -0.0001 0 NA
25.00 0.10000 25.1 0.00000 0 -4.500 -1.0000 -4.500 -0.0001 0 NA
30.00 0.10000 30.1 0.00000 0 -4.500 -1.0000 -4.499 -0.0002 0 NA
35.00 0.10000 35.1 0.00000 0 -4.500 -1.0000 -4.500 -0.0001 0 NA
40.00 0.10000 40.1 0.00000 0 -4.500 -1.0000 -4.500 -0.0001 0 NA
45.00 0.10000 45.0 0.00000 0 -4.500 -1.0000 -4.499 -0.0002 0 NA
50.00 0.10000 50.1 0.00000 0 -4.500 -1.0000 -4.499 -0.0001 0 NA
55.00 0.10000 55.1 0.00000 0 -4.500 -1.0000 -4.500 -0.0001 0 NA
60.00 0.10000 60.1 0.00000 0 -4.500 -1.0000 -4.499 -0.0001 0 NA
65.00 0.10000 65.1 0.00000 0 -4.500 -1.0000 -4.500 -0.0002 0 NA
70.00 0.10000 70.1 0.00000 0 -4.500 -1.0000 -4.500 -0.0001 0 NA
75.00 0.10000 75.1 0.00000 0 -4.500 -1.0000 -4.500 -0.0001 0 NA
80.00 0.10000 80.1 0.00000 0 -4.500 -1.0000 -4.499 -0.0001 0 NA
85.00 0.10000 85.1 0.00000 0 -4.500 -1.0000 -4.500 -0.0001 0 NA
90.00 0.10000 90.1 0.00000 0 -4.500 -1.0000 -4.500 -0.0002 0 NA
95.00 0.10000 95.1 0.00000 0 -4.500 -1.0000 -4.499 -0.0001 0 NA
100.00 0.10000 100.1 0.00000 0 -4.500 -1.0000 -4.499 -0.0002 0 NA
105.00 0.10000 105.1 0.00000 0 -4.500 -1.0000 -4.500 -0.0001 0 NA
110.00 0.10000 110.1 0.00000 0 -4.500 -1.0000 -4.500 -0.0001 0 NA
115.00 0.10000 115.1 0.00000 0 -4.500 -1.0000 -4.500 -0.0001 0 NA
120.00 0.10000 120.1 0.00000 0 -4.500 -1.0000 -4.500 -0.0002 0 NA
125.00 0.10000 125.1 0.00000 0 -4.500 -1.0000 -4.500 -0.0001 0 NA
130.00 0.10000 130.1 0.00005 0 -4.500 -1.0000 -4.499 -0.0002 0 NA
135.00 0.10000 135.1 0.00006 0 -4.500 -1.0000 -4.499 -0.0002 0 NA
140.00 0.10000 140.1 0.00009 0 -4.500 -1.0000 -4.500 -0.0001 0 NA
145.00 0.10000 145.1 0.00014 0 -4.500 -1.0000 -4.500 -0.0002 0 NA
150.00 0.10000 150.1 0.00024 0 -4.500 -1.0000 -4.500 -0.0001 0 NA
155.00 0.09677 155.1 0.00041 0 -4.500 -1.0000 -4.500 -0.0001 0 NA
160.00 0.09375 160.1 0.00069 0 -4.500 -1.0000 -4.500 -0.0001 0 NA
165.00 0.09091 165.1 0.00111 0 -4.500 -1.0000 -4.499 -0.0002 0 NA
170.00 0.08824 170.1 0.00171 0 -4.500 -1.0000 -4.499 -0.0001 0 NA
175.00 0.08571 175.1 0.00255 0 -4.500 -1.0000 -4.500 -0.0001 0 NA
180.00 0.08333 180.1 0.00367 0 -4.500 -1.0000 -4.499 -0.0002 0 NA
185.00 0.08108 185.1 0.00509 0 -4.500 -1.0000 -4.500 -0.0002 0 NA
190.00 0.07895 190.1 0.00683 0 -4.500 -1.0000 -4.499 -0.0002 0 NA
195.00 0.07692 195.1 0.00890 0 -4.500 -1.0000 -4.500 -0.0001 0 NA
200.00 0.07500 200.1 0.01131 0 -4.500 -1.0000 -4.499 -0.0002 0 NA
205.00 0.07317 205.1 0.01408 0 -4.500 -1.0000 -4.500 -0.0001 0 NA
210.00 0.07143 210.1 0.01715 0 -4.500 -1.0000 -4.499 -0.0001 0 NA
215.00 0.06977 215.1 0.02045 0 -4.500 -1.0000 -4.500 -0.0001 0 NA
220.00 0.06818 220.1 0.02423 0 -4.500 -1.0000 -4.500 -0.0001 0 NA
225.00 0.06667 225.1 0.02806 0 -4.500 -1.0000 -4.500 -0.0002 0 NA
230.00 0.06522 230.1 0.03228 0 -4.500 -1.0000 -4.500 -0.0001 0 NA
235.00 0.06383 235.1 0.03667 0 -4.500 -1.0000 -4.500 -0.0001 0 NA
240.00 0.06250 240.1 0.04136 0 -4.500 -1.0000 -4.499 -0.0002 0 NA
245.00 0.06122 245.1 0.04601 0 -4.500 -1.0000 -4.499 -0.0001 0 NA
250.00 0.06000 250.1 0.05080 0 -4.500 -1.0000 -4.500 -0.0002 0 NA
255.00 0.05882 255.1 0.05591 0 -4.500 -1.0000 -4.500 -0.0001 0 NA
260.00 0.05769 260.1 0.06104 1 -4.500 -1.0000 -4.500 -0.0001 0 NA
0.00 0.10000 0.1 0.00000 0 -5.000 -1.0000 -4.999 -0.0002 0 NA
5.00 0.10000 5.1 0.00000 0 -5.000 -1.0000 -4.999 -0.0001 0 NA
10.00 0.10000 10.1 0.00000 0 -5.000 -1.0000 -4.999 -0.0002 0 NA
15.00 0.10000 15.1 0.00000 0 -5.000 -1.0000 -5.000 -0.0001 0 NA
20.00 0.10000 20.1 0.00000 0 -5.000 -1.0000 -5.000 -0.0002 0 NA
25.00 0.10000 25.1 0.00000 0 -5.000 -1.0000 -5.000 -0.0001 0 NA
30.00 0.10000 30.1 0.00000 0 -5.000 -1.0000 -5.000 -0.0001 0 NA
35.00 0.10000 35.1 0.00000 0 -5.000 -1.0000 -5.000 -0.0001 0 NA
40.00 0.10000 40.1 0.00000 0 -5.000 -1.0000 -5.000 -0.0002 0 NA
45.00 0.10000 45.0 0.00000 0 -5.000 -1.0000 -4.999 -0.0001 0 NA
50.00 0.10000 50.1 0.00000 0 -5.000 -1.0000 -5.000 -0.0001 0 NA
55.00 0.10000 55.1 0.00000 0 -5.000 -1.0000 -4.999 -0.0002 0 NA
60.00 0.10000 60.1 0.00000 0 -5.000 -1.0000 -4.999 -0.0002 0 NA
65.00 0.10000 65.1 0.00000 0 -5.000 -1.0000 -4.999 -0.0002 0 NA
70.00 0.10000 70.1 0.00000 0 -5.000 -1.0000 -4.999 -0.0002 0 NA
75.00 0.10000 75.1 0.00000 0 -5.000 -1.0000 -4.999 -0.0001 0 NA
80.00 0.10000 80.1 0.00000 0 -5.000 -1.0000 -4.999 -0.0001 0 NA
85.00 0.10000 85.1 0.00000 0 -5.000 -1.0000 -4.999 -0.0001 0 NA
90.00 0.10000 90.1 0.00000 0 -5.000 -1.0000 -4.999 -0.0001 0 NA
95.00 0.10000 95.1 0.00000 0 -5.000 -1.0000 -4.999 -0.0002 0 NA
100.00 0.10000 100.1 0.00000 0 -5.000 -1.0000 -4.999 -0.0002 0 NA
105.00 0.10000 105.1 0.00000 0 -5.000 -1.0000 -5.000 -0.0001 0 NA
110.00 0.10000 110.1 0.00000 0 -5.000 -1.0000 -5.000 -0.0001 0 NA
115.00 0.10000 115.1 0.00000 0 -5.000 -1.0000 -4.999 -0.0002 0 NA
120.00 0.10000 120.1 0.00000 0 -5.000 -1.0000 -4.999 -0.0002 0 NA
125.00 0.10000 125.1 0.00000 0 -5.000 -1.0000 -4.999 -0.0001 0 NA
130.00 0.10000 130.1 0.00000 0 -5.000 -1.0000 -4.999 -0.0001 0 NA
135.00 0.10000 135.1 0.00000 0 -5.000 -1.0000 -5.000 -0.0002 0 NA
140.00 0.10000 140.1 0.00000 0 -5.000 -1.0000 -5.000 -0.0001 0 NA
145.00 0.10000 145.1 0.00005 0 -5.000 -1.0000 -4.999 -0.0002 0 NA
150.00 0.10000 150.1 0.00006 0 -5.000 -1.0000 -4.999 -0.0001 0 NA
155.00 0.09677 155.1 0.00009 0 -5.000 -1.0000 -5.000 -0.0001 0 NA
160.00 0.09375 160.1 0.00014 0 -5.000 -1.0000 -4.999 -0.0001 0 NA
165.00 0.09091 165.1 0.00023 0 -5.000 -1.0000 -5.000 -0.0002 0 NA
170.00 0.08824 170.1 0.00039 0 -5.000 -1.0000 -5.000 -0.0002 0 NA
175.00 0.08571 175.1 0.00064 0 -5.000 -1.0000 -4.999 -0.0002 0 NA
180.00 0.08333 180.1 0.00103 0 -5.000 -1.0000 -4.999 -0.0001 0 NA
185.00 0.08108 185.1 0.00157 0 -5.000 -1.0000 -5.000 -0.0002 0 NA
190.00 0.07895 190.1 0.00234 0 -5.000 -1.0000 -5.000 -0.0002 0 NA
195.00 0.07692 195.1 0.00335 0 -5.000 -1.0000 -5.000 -0.0001 0 NA
200.00 0.07500 200.1 0.00464 0 -5.000 -1.0000 -5.000 -0.0002 0 NA
205.00 0.07317 205.1 0.00625 0 -5.000 -1.0000 -5.000 -0.0001 0 NA
210.00 0.07143 210.1 0.00816 0 -5.000 -1.0000 -5.000 -0.0001 0 NA
215.00 0.06977 215.1 0.01037 0 -5.000 -1.0000 -5.000 -0.0001 0 NA
220.00 0.06818 220.1 0.01292 0 -5.000 -1.0000 -4.999 -0.0001 0 NA
225.00 0.06667 225.1 0.01583 0 -5.000 -1.0000 -4.999 -0.0002 0 NA
230.00 0.06522 230.1 0.01901 0 -5.000 -1.0000 -4.999 -0.0001 0 NA
235.00 0.06383 235.1 0.02244 0 -5.000 -1.0000 -4.999 -0.0002 0 NA
240.00 0.06250 240.1 0.02614 0 -5.000 -1.0000 -4.999 -0.0002 0 NA
245.00 0.06122 245.1 0.03019 0 -5.000 -1.0000 -4.999 -0.0002 0 NA
250.00 0.06000 250.1 0.03435 0 -5.000 -1.0000 -4.999 -0.0001 0 NA
255.00 0.05882 255.1 0.03865 0 -5.000 -1.0000 -5.000 -0.0001 0 NA
260.00 0.05769 260.1 0.04329 0 -5.000 -1.0000 -4.999 -0.0002 0 NA
265.00 0.05660 265.1 0.04821 0 -5.000 -1.0000 -5.000 -0.0001 0 NA
270.00 0.05556 270.1 0.05322 0 -5.000 -1.0000 -5.000 -0.0002 0 NA
275.00 0.05455 275.1 0.05799 1 -5.000 -1.0000 -5.000 -0.0001 0 NA
0.00 0.10000 0.2 0.00000 0 -5.500 -0.9091 -5.500 -0.0002 0 NA
5.00 0.10000 5.1 0.00000 0 -5.500 -0.9091 -5.500 -0.0001 0 NA
10.00 0.10000 10.1 0.00000 0 -5.500 -0.9091 -5.500 -0.0001 0 NA
15.00 0.10000 15.1 0.00000 0 -5.500 -0.9091 -5.500 -0.0001 0 NA
20.00 0.10000 20.1 0.00000 0 -5.500 -0.9091 -5.500 -0.0001 0 NA
25.00 0.10000 25.1 0.00000 0 -5.500 -0.9091 -5.500 -0.0001 0 NA
30.00 0.10000 30.1 0.00000 0 -5.500 -0.9091 -5.500 -0.0002 0 NA
35.00 0.10000 35.1 0.00000 0 -5.500 -0.9091 -5.500 -0.0001 0 NA
40.00 0.10000 40.1 0.00000 0 -5.500 -0.9091 -5.500 -0.0001 0 NA
45.00 0.10000 45.0 0.00000 0 -5.500 -0.9091 -5.500 -0.0002 0 NA
50.00 0.10000 50.1 0.00000 0 -5.500 -0.9091 -5.500 -0.0001 0 NA
55.00 0.10000 55.1 0.00000 0 -5.500 -0.9091 -5.500 -0.0002 0 NA
60.00 0.10000 60.1 0.00000 0 -5.500 -0.9091 -5.500 -0.0001 0 NA
65.00 0.10000 65.1 0.00000 0 -5.500 -0.9091 -5.500 -0.0001 0 NA
70.00 0.10000 70.1 0.00000 0 -5.500 -0.9091 -5.500 -0.0001 0 NA
75.00 0.10000 75.1 0.00000 0 -5.500 -0.9091 -5.500 -0.0001 0 NA
80.00 0.10000 80.1 0.00000 0 -5.500 -0.9091 -5.500 -0.0002 0 NA
85.00 0.10000 85.1 0.00000 0 -5.500 -0.9091 -5.500 -0.0001 0 NA
90.00 0.10000 90.1 0.00000 0 -5.500 -0.9091 -5.500 -0.0001 0 NA
95.00 0.10000 95.1 0.00000 0 -5.500 -0.9091 -5.500 -0.0002 0 NA
100.00 0.10000 100.1 0.00000 0 -5.500 -0.9091 -5.500 -0.0001 0 NA
105.00 0.10000 105.1 0.00000 0 -5.500 -0.9091 -5.500 -0.0002 0 NA
110.00 0.10000 110.1 0.00000 0 -5.500 -0.9091 -5.500 -0.0001 0 NA
115.00 0.10000 115.1 0.00000 0 -5.500 -0.9091 -5.500 -0.0001 0 NA
120.00 0.10000 120.1 0.00000 0 -5.500 -0.9091 -5.500 -0.0001 0 NA
125.00 0.10000 125.1 0.00000 0 -5.500 -0.9091 -5.500 -0.0001 0 NA
130.00 0.10000 130.1 0.00000 0 -5.500 -0.9091 -5.500 -0.0001 0 NA
135.00 0.10000 135.1 0.00000 0 -5.500 -0.9091 -5.500 -0.0001 0 NA
140.00 0.10000 140.1 0.00000 0 -5.500 -0.9091 -5.500 -0.0002 0 NA
145.00 0.10000 145.1 0.00000 0 -5.500 -0.9091 -5.500 -0.0001 0 NA
150.00 0.10000 150.1 0.00000 0 -5.500 -0.9091 -5.500 -0.0001 0 NA
155.00 0.09677 155.1 0.00000 0 -5.500 -0.9091 -5.500 -0.0001 0 NA
160.00 0.09375 160.1 0.00005 0 -5.500 -0.9091 -5.500 -0.0001 0 NA
165.00 0.09091 165.1 0.00007 0 -5.500 -0.9091 -5.500 -0.0001 0 NA
170.00 0.08824 170.1 0.00009 0 -5.500 -0.9091 -5.500 -0.0001 0 NA
175.00 0.08571 175.1 0.00014 0 -5.500 -0.9091 -5.500 -0.0002 0 NA
180.00 0.08333 180.1 0.00022 0 -5.500 -0.9091 -5.500 -0.0002 0 NA
185.00 0.08108 185.1 0.00037 0 -5.500 -0.9091 -5.500 -0.0001 0 NA
190.00 0.07895 190.1 0.00061 0 -5.500 -0.9091 -5.500 -0.0001 0 NA
195.00 0.07692 195.1 0.00096 0 -5.500 -0.9091 -5.500 -0.0001 0 NA
200.00 0.07500 200.1 0.00146 0 -5.500 -0.9091 -5.500 -0.0002 0 NA
205.00 0.07317 205.1 0.00216 0 -5.500 -0.9091 -5.500 -0.0002 0 NA
210.00 0.07143 210.1 0.00308 0 -5.500 -0.9091 -5.500 -0.0001 0 NA
215.00 0.06977 215.1 0.00425 0 -5.500 -0.9091 -5.500 -0.0002 0 NA
220.00 0.06818 220.1 0.00571 0 -5.500 -0.9091 -5.500 -0.0001 0 NA
225.00 0.06667 225.1 0.00747 0 -5.500 -0.9091 -5.500 -0.0002 0 NA
230.00 0.06522 230.1 0.00953 0 -5.500 -0.9091 -5.500 -0.0001 0 NA
235.00 0.06383 235.1 0.01188 0 -5.500 -0.9091 -5.500 -0.0001 0 NA
240.00 0.06250 240.1 0.01458 0 -5.500 -0.9091 -5.500 -0.0002 0 NA
245.00 0.06122 245.1 0.01752 0 -5.500 -0.9091 -5.500 -0.0001 0 NA
250.00 0.06000 250.1 0.02073 0 -5.500 -0.9091 -5.500 -0.0001 0 NA
255.00 0.05882 255.1 0.02429 0 -5.500 -0.9091 -5.500 -0.0001 0 NA
260.00 0.05769 260.1 0.02801 0 -5.500 -0.9091 -5.500 -0.0001 0 NA
265.00 0.05660 265.1 0.03191 0 -5.500 -0.9091 -5.500 -0.0002 0 NA
270.00 0.05556 270.1 0.03601 0 -5.500 -0.9091 -5.500 -0.0001 0 NA
275.00 0.05455 275.1 0.04045 0 -5.500 -0.9091 -5.500 -0.0002 0 NA
280.00 0.05357 280.1 0.04511 0 -5.500 -0.9091 -5.500 -0.0002 0 NA
285.00 0.05263 285.1 0.04991 0 -5.500 -0.9091 -5.500 -0.0001 0 NA
290.00 0.05172 290.1 0.05515 1 -5.500 -0.9091 -5.500 -0.0001 0 NA
0.00 0.10000 0.1 0.00000 0 -6.000 -0.8333 -6.000 -0.0001 0 NA
5.00 0.10000 5.1 0.00000 0 -6.000 -0.8333 -6.000 -0.0001 0 NA
10.00 0.10000 10.1 0.00000 0 -6.000 -0.8333 -6.000 -0.0001 0 NA
15.00 0.10000 15.1 0.00000 0 -6.000 -0.8333 -6.000 -0.0002 0 NA
20.00 0.10000 20.1 0.00000 0 -6.000 -0.8333 -6.000 -0.0002 0 NA
25.00 0.10000 25.1 0.00000 0 -6.000 -0.8333 -6.000 -0.0001 0 NA
30.00 0.10000 30.1 0.00000 0 -6.000 -0.8333 -6.000 -0.0001 0 NA
35.00 0.10000 35.1 0.00000 0 -6.000 -0.8333 -6.000 -0.0001 0 NA
40.00 0.10000 40.1 0.00000 0 -6.000 -0.8333 -6.000 -0.0002 0 NA
45.00 0.10000 45.0 0.00000 0 -6.000 -0.8333 -6.000 -0.0001 0 NA
50.00 0.10000 50.1 0.00000 0 -6.000 -0.8333 -6.000 -0.0001 0 NA
55.00 0.10000 55.1 0.00000 0 -6.000 -0.8333 -6.000 -0.0001 0 NA
60.00 0.10000 60.1 0.00000 0 -6.000 -0.8333 -6.000 -0.0001 0 NA
65.00 0.10000 65.1 0.00000 0 -6.000 -0.8333 -6.000 -0.0001 0 NA
70.00 0.10000 70.1 0.00000 0 -6.000 -0.8333 -6.000 -0.0001 0 NA
75.00 0.10000 75.1 0.00000 0 -6.000 -0.8333 -6.000 -0.0002 0 NA
80.00 0.10000 80.1 0.00000 0 -6.000 -0.8333 -6.000 -0.0001 0 NA
85.00 0.10000 85.1 0.00000 0 -6.000 -0.8333 -6.000 -0.0002 0 NA
90.00 0.10000 90.1 0.00000 0 -6.000 -0.8333 -6.000 -0.0001 0 NA
95.00 0.10000 95.1 0.00000 0 -6.000 -0.8333 -6.000 -0.0001 0 NA
100.00 0.10000 100.1 0.00000 0 -6.000 -0.8333 -6.000 -0.0001 0 NA
105.00 0.10000 105.1 0.00000 0 -6.000 -0.8333 -6.000 -0.0002 0 NA
110.00 0.10000 110.1 0.00000 0 -6.000 -0.8333 -6.000 -0.0002 0 NA
115.00 0.10000 115.1 0.00000 0 -6.000 -0.8333 -6.000 -0.0002 0 NA
120.00 0.10000 120.1 0.00000 0 -6.000 -0.8333 -6.000 -0.0001 0 NA
125.00 0.10000 125.1 0.00000 0 -6.000 -0.8333 -6.000 -0.0001 0 NA
130.00 0.10000 130.1 0.00000 0 -6.000 -0.8333 -6.000 -0.0001 0 NA
135.00 0.10000 135.1 0.00000 0 -6.000 -0.8333 -6.000 -0.0001 0 NA
140.00 0.10000 140.1 0.00000 0 -6.000 -0.8333 -6.000 -0.0001 0 NA
145.00 0.10000 145.1 0.00000 0 -6.000 -0.8333 -6.000 -0.0001 0 NA
150.00 0.10000 150.1 0.00000 0 -6.000 -0.8333 -6.000 -0.0002 0 NA
155.00 0.09677 155.1 0.00000 0 -6.000 -0.8333 -6.000 -0.0002 0 NA
160.00 0.09375 160.1 0.00000 0 -6.000 -0.8333 -6.000 -0.0002 0 NA
165.00 0.09091 165.1 0.00000 0 -6.000 -0.8333 -6.000 -0.0001 0 NA
170.00 0.08824 170.1 0.00000 0 -6.000 -0.8333 -6.000 -0.0001 0 NA
175.00 0.08571 175.1 0.00005 0 -6.000 -0.8333 -6.000 -0.0001 0 NA
180.00 0.08333 180.1 0.00007 0 -6.000 -0.8333 -6.000 -0.0001 0 NA
185.00 0.08108 185.1 0.00009 0 -6.000 -0.8333 -6.000 -0.0001 0 NA
190.00 0.07895 190.1 0.00014 0 -6.000 -0.8333 -6.000 -0.0001 0 NA
195.00 0.07692 195.1 0.00022 0 -6.000 -0.8333 -6.000 -0.0001 0 NA
200.00 0.07500 200.1 0.00035 0 -6.000 -0.8333 -6.000 -0.0001 0 NA
205.00 0.07317 205.1 0.00057 0 -6.000 -0.8333 -6.000 -0.0002 0 NA
210.00 0.07143 210.1 0.00089 0 -6.000 -0.8333 -6.000 -0.0002 0 NA
215.00 0.06977 215.1 0.00135 0 -6.000 -0.8333 -6.000 -0.0001 0 NA
220.00 0.06818 220.1 0.00198 0 -6.000 -0.8333 -6.000 -0.0002 0 NA
225.00 0.06667 225.1 0.00283 0 -6.000 -0.8333 -6.000 -0.0001 0 NA
230.00 0.06522 230.1 0.00391 0 -6.000 -0.8333 -6.000 -0.0002 0 NA
235.00 0.06383 235.1 0.00524 0 -6.000 -0.8333 -6.000 -0.0001 0 NA
240.00 0.06250 240.1 0.00687 0 -6.000 -0.8333 -6.000 -0.0001 0 NA
245.00 0.06122 245.1 0.00875 0 -6.000 -0.8333 -6.000 -0.0001 0 NA
250.00 0.06000 250.1 0.01093 0 -6.000 -0.8333 -6.000 -0.0002 0 NA
255.00 0.05882 255.1 0.01344 0 -6.000 -0.8333 -6.000 -0.0001 0 NA
260.00 0.05769 260.1 0.01618 0 -6.000 -0.8333 -6.000 -0.0001 0 NA
265.00 0.05660 265.1 0.01918 0 -6.000 -0.8333 -6.000 -0.0002 0 NA
270.00 0.05556 270.1 0.02244 0 -6.000 -0.8333 -6.000 -0.0001 0 NA
275.00 0.05455 275.1 0.02604 0 -6.000 -0.8333 -6.000 -0.0002 0 NA
280.00 0.05357 280.1 0.02952 0 -6.000 -0.8333 -6.000 -0.0002 0 NA
285.00 0.05263 285.1 0.03343 0 -6.000 -0.8333 -6.000 -0.0001 0 NA
290.00 0.05172 290.1 0.03777 0 -6.000 -0.8333 -6.000 -0.0001 0 NA
295.00 0.05085 295.1 0.04246 0 -6.000 -0.8333 -6.000 -0.0001 0 NA
300.00 0.05000 292.9 0.04002 1 -6.000 -0.8333 -6.000 -0.0002 0 NA
0.00 0.10000 0.1 0.00000 0 -6.500 -0.7692 -6.500 -0.0001 0 NA
5.00 0.10000 5.1 0.00000 0 -6.500 -0.7692 -6.500 -0.0001 0 NA
10.00 0.10000 10.1 0.00000 0 -6.500 -0.7692 -6.500 -0.0001 0 NA
15.00 0.10000 15.1 0.00000 0 -6.500 -0.7692 -6.500 -0.0001 0 NA
20.00 0.10000 20.1 0.00000 0 -6.500 -0.7692 -6.500 -0.0001 0 NA
25.00 0.10000 25.1 0.00000 0 -6.500 -0.7692 -6.500 -0.0001 0 NA
30.00 0.10000 30.1 0.00000 0 -6.500 -0.7692 -6.500 -0.0001 0 NA
35.00 0.10000 35.1 0.00000 0 -6.500 -0.7692 -6.500 -0.0002 0 NA
40.00 0.10000 40.1 0.00000 0 -6.500 -0.7692 -6.500 -0.0002 0 NA
45.00 0.10000 45.0 0.00000 0 -6.500 -0.7692 -6.500 -0.0001 0 NA
50.00 0.10000 50.1 0.00000 0 -6.500 -0.7692 -6.500 -0.0001 0 NA
55.00 0.10000 55.1 0.00000 0 -6.500 -0.7692 -6.500 -0.0001 0 NA
60.00 0.10000 60.1 0.00000 0 -6.500 -0.7692 -6.500 -0.0001 0 NA
65.00 0.10000 65.1 0.00000 0 -6.500 -0.7692 -6.500 -0.0001 0 NA
70.00 0.10000 70.1 0.00000 0 -6.500 -0.7692 -6.500 -0.0002 0 NA
75.00 0.10000 75.1 0.00000 0 -6.500 -0.7692 -6.500 -0.0001 0 NA
80.00 0.10000 80.1 0.00000 0 -6.500 -0.7692 -6.500 -0.0001 0 NA
85.00 0.10000 85.1 0.00000 0 -6.500 -0.7692 -6.500 -0.0001 0 NA
90.00 0.10000 90.1 0.00000 0 -6.500 -0.7692 -6.500 -0.0001 0 NA
95.00 0.10000 95.1 0.00000 0 -6.500 -0.7692 -6.500 -0.0001 0 NA
100.00 0.10000 100.1 0.00000 0 -6.500 -0.7692 -6.500 -0.0001 0 NA
105.00 0.10000 105.1 0.00000 0 -6.500 -0.7692 -6.500 -0.0001 0 NA
110.00 0.10000 110.1 0.00000 0 -6.500 -0.7692 -6.500 -0.0001 0 NA
115.00 0.10000 115.1 0.00000 0 -6.500 -0.7692 -6.500 -0.0001 0 NA
120.00 0.10000 120.1 0.00000 0 -6.500 -0.7692 -6.500 -0.0001 0 NA
125.00 0.10000 125.1 0.00000 0 -6.500 -0.7692 -6.500 -0.0001 0 NA
130.00 0.10000 130.1 0.00000 0 -6.500 -0.7692 -6.500 -0.0002 0 NA
135.00 0.10000 135.1 0.00000 0 -6.500 -0.7692 -6.500 -0.0001 0 NA
140.00 0.10000 140.1 0.00000 0 -6.500 -0.7692 -6.500 -0.0001 0 NA
145.00 0.10000 145.1 0.00000 0 -6.500 -0.7692 -6.500 -0.0002 0 NA
150.00 0.10000 150.1 0.00000 0 -6.500 -0.7692 -6.500 -0.0002 0 NA
155.00 0.09677 155.1 0.00000 0 -6.500 -0.7692 -6.500 -0.0001 0 NA
160.00 0.09375 160.1 0.00000 0 -6.500 -0.7692 -6.500 -0.0002 0 NA
165.00 0.09091 165.1 0.00000 0 -6.500 -0.7692 -6.500 -0.0001 0 NA
170.00 0.08824 170.1 0.00000 0 -6.500 -0.7692 -6.500 -0.0001 0 NA
175.00 0.08571 175.1 0.00000 0 -6.500 -0.7692 -6.500 -0.0001 0 NA
180.00 0.08333 180.1 0.00000 0 -6.500 -0.7692 -6.500 -0.0002 0 NA
185.00 0.08108 185.1 0.00000 0 -6.500 -0.7692 -6.500 -0.0001 0 NA
190.00 0.07895 190.1 0.00005 0 -6.500 -0.7692 -6.500 -0.0001 0 NA
195.00 0.07692 195.1 0.00007 0 -6.500 -0.7692 -6.500 -0.0001 0 NA
200.00 0.07500 200.1 0.00009 0 -6.500 -0.7692 -6.500 -0.0001 0 NA
205.00 0.07317 205.1 0.00014 0 -6.500 -0.7692 -6.500 -0.0001 0 NA
210.00 0.07143 210.1 0.00021 0 -6.500 -0.7692 -6.500 -0.0001 0 NA
215.00 0.06977 215.1 0.00035 0 -6.500 -0.7692 -6.500 -0.0001 0 NA
220.00 0.06818 220.1 0.00054 0 -6.500 -0.7692 -6.500 -0.0001 0 NA
225.00 0.06667 225.1 0.00084 0 -6.500 -0.7692 -6.500 -0.0001 0 NA
230.00 0.06522 230.1 0.00126 0 -6.500 -0.7692 -6.500 -0.0002 0 NA
235.00 0.06383 235.1 0.00184 0 -6.500 -0.7692 -6.500 -0.0002 0 NA
240.00 0.06250 240.1 0.00261 0 -6.500 -0.7692 -6.500 -0.0001 0 NA
245.00 0.06122 245.1 0.00360 0 -6.500 -0.7692 -6.500 -0.0002 0 NA
250.00 0.06000 250.1 0.00482 0 -6.500 -0.7692 -6.500 -0.0002 0 NA
255.00 0.05882 255.1 0.00631 0 -6.500 -0.7692 -6.500 -0.0002 0 NA
260.00 0.05769 260.1 0.00806 0 -6.500 -0.7692 -6.500 -0.0002 0 NA
265.00 0.05660 265.1 0.01007 0 -6.500 -0.7692 -6.500 -0.0001 0 NA
270.00 0.05556 270.1 0.01241 0 -6.500 -0.7692 -6.500 -0.0002 0 NA
275.00 0.05455 275.1 0.01497 0 -6.500 -0.7692 -6.500 -0.0001 0 NA
280.00 0.05357 280.1 0.01779 0 -6.500 -0.7692 -6.500 -0.0002 0 NA
285.00 0.05263 285.1 0.02085 0 -6.500 -0.7692 -6.500 -0.0001 0 NA
290.00 0.05172 290.1 0.02424 0 -6.500 -0.7692 -6.500 -0.0001 0 NA
295.00 0.05085 295.1 0.02798 0 -6.500 -0.7692 -6.500 -0.0001 0 NA
300.00 0.05000 300.1 0.03167 0 -6.500 -0.7692 -6.500 -0.0002 0 NA
305.00 0.04918 305.1 0.03634 0 -6.500 -0.7692 -6.500 -0.0001 0 NA
310.00 0.04839 310.1 0.04039 0 -6.500 -0.7692 -6.500 -0.0001 0 NA
315.00 0.04762 310.1 0.04002 1 -6.500 -0.7692 -6.500 -0.0002 0 NA
0.00 0.10000 0.1 0.00000 0 -7.000 -0.7143 -7.000 -0.0002 0 NA
5.00 0.10000 5.1 0.00000 0 -7.000 -0.7143 -7.000 -0.0001 0 NA
10.00 0.10000 10.1 0.00000 0 -7.000 -0.7143 -7.000 -0.0001 0 NA
15.00 0.10000 15.1 0.00000 0 -7.000 -0.7143 -7.000 -0.0001 0 NA
20.00 0.10000 20.1 0.00000 0 -7.000 -0.7143 -6.999 -0.0001 0 NA
25.00 0.10000 25.1 0.00000 0 -7.000 -0.7143 -7.000 -0.0002 0 NA
30.00 0.10000 30.1 0.00000 0 -7.000 -0.7143 -7.000 -0.0001 0 NA
35.00 0.10000 35.1 0.00000 0 -7.000 -0.7143 -7.000 -0.0002 0 NA
40.00 0.10000 40.1 0.00000 0 -7.000 -0.7143 -7.000 -0.0001 0 NA
45.00 0.10000 45.0 0.00000 0 -7.000 -0.7143 -7.000 -0.0001 0 NA
50.00 0.10000 50.1 0.00000 0 -7.000 -0.7143 -7.000 -0.0001 0 NA
55.00 0.10000 55.1 0.00000 0 -7.000 -0.7143 -7.000 -0.0001 0 NA
60.00 0.10000 60.1 0.00000 0 -7.000 -0.7143 -7.000 -0.0001 0 NA
65.00 0.10000 65.1 0.00000 0 -7.000 -0.7143 -7.000 -0.0001 0 NA
70.00 0.10000 70.1 0.00000 0 -7.000 -0.7143 -7.000 -0.0001 0 NA
75.00 0.10000 75.1 0.00000 0 -7.000 -0.7143 -7.000 -0.0001 0 NA
80.00 0.10000 80.1 0.00000 0 -7.000 -0.7143 -7.000 -0.0001 0 NA
85.00 0.10000 85.1 0.00000 0 -7.000 -0.7143 -7.000 -0.0001 0 NA
90.00 0.10000 90.1 0.00000 0 -7.000 -0.7143 -7.000 -0.0001 0 NA
95.00 0.10000 95.1 0.00000 0 -7.000 -0.7143 -7.000 -0.0002 0 NA
100.00 0.10000 100.1 0.00000 0 -7.000 -0.7143 -6.999 -0.0001 0 NA
105.00 0.10000 105.1 0.00000 0 -7.000 -0.7143 -7.000 -0.0001 0 NA
110.00 0.10000 110.1 0.00000 0 -7.000 -0.7143 -7.000 -0.0001 0 NA
115.00 0.10000 115.1 0.00000 0 -7.000 -0.7143 -7.000 -0.0002 0 NA
120.00 0.10000 120.1 0.00000 0 -7.000 -0.7143 -7.000 -0.0001 0 NA
125.00 0.10000 125.1 0.00000 0 -7.000 -0.7143 -7.000 -0.0002 0 NA
130.00 0.10000 130.1 0.00000 0 -7.000 -0.7143 -7.000 -0.0001 0 NA
135.00 0.10000 135.1 0.00000 0 -7.000 -0.7143 -7.000 -0.0001 0 NA
140.00 0.10000 140.1 0.00000 0 -7.000 -0.7143 -6.999 -0.0001 0 NA
145.00 0.10000 145.1 0.00000 0 -7.000 -0.7143 -7.000 -0.0001 0 NA
150.00 0.10000 150.1 0.00000 0 -7.000 -0.7143 -7.000 -0.0001 0 NA
155.00 0.09677 155.1 0.00000 0 -7.000 -0.7143 -7.000 -0.0002 0 NA
160.00 0.09375 160.1 0.00000 0 -7.000 -0.7143 -7.000 -0.0001 0 NA
165.00 0.09091 165.1 0.00000 0 -7.000 -0.7143 -7.000 -0.0001 0 NA
170.00 0.08824 170.1 0.00000 0 -7.000 -0.7143 -7.000 -0.0002 0 NA
175.00 0.08571 175.1 0.00000 0 -7.000 -0.7143 -7.000 -0.0001 0 NA
180.00 0.08333 180.1 0.00000 0 -7.000 -0.7143 -7.000 -0.0001 0 NA
185.00 0.08108 185.1 0.00000 0 -7.000 -0.7143 -7.000 -0.0001 0 NA
190.00 0.07895 190.1 0.00000 0 -7.000 -0.7143 -7.000 -0.0001 0 NA
195.00 0.07692 195.1 0.00000 0 -7.000 -0.7143 -7.000 -0.0002 0 NA
200.00 0.07500 200.1 0.00000 0 -7.000 -0.7143 -7.000 -0.0002 0 NA
205.00 0.07317 205.1 0.00005 0 -7.000 -0.7143 -7.000 -0.0001 0 NA
210.00 0.07143 210.1 0.00007 0 -7.000 -0.7143 -7.000 -0.0001 0 NA
215.00 0.06977 215.1 0.00009 0 -7.000 -0.7143 -7.000 -0.0002 0 NA
220.00 0.06818 220.1 0.00014 0 -7.000 -0.7143 -6.999 -0.0001 0 NA
225.00 0.06667 225.1 0.00021 0 -7.000 -0.7143 -7.000 -0.0002 0 NA
230.00 0.06522 230.1 0.00034 0 -7.000 -0.7143 -7.000 -0.0001 0 NA
235.00 0.06383 235.1 0.00053 0 -7.000 -0.7143 -7.000 -0.0002 0 NA
240.00 0.06250 240.1 0.00081 0 -7.000 -0.7143 -7.000 -0.0001 0 NA
245.00 0.06122 245.1 0.00120 0 -7.000 -0.7143 -7.000 -0.0001 0 NA
250.00 0.06000 250.1 0.00176 0 -7.000 -0.7143 -7.000 -0.0001 0 NA
255.00 0.05882 255.1 0.00248 0 -7.000 -0.7143 -7.000 -0.0001 0 NA
260.00 0.05769 260.1 0.00340 0 -7.000 -0.7143 -7.000 -0.0002 0 NA
265.00 0.05660 265.1 0.00454 0 -7.000 -0.7143 -7.000 -0.0002 0 NA
270.00 0.05556 270.1 0.00593 0 -7.000 -0.7143 -7.000 -0.0001 0 NA
275.00 0.05455 275.1 0.00759 0 -7.000 -0.7143 -7.000 -0.0001 0 NA
280.00 0.05357 280.1 0.00949 0 -7.000 -0.7143 -7.000 -0.0001 0 NA
285.00 0.05263 285.1 0.01164 0 -7.000 -0.7143 -7.000 -0.0002 0 NA
290.00 0.05172 290.1 0.01412 0 -7.000 -0.7143 -7.000 -0.0002 0 NA
295.00 0.05085 295.1 0.01677 0 -7.000 -0.7143 -7.000 -0.0001 0 NA
300.00 0.05000 300.1 0.01988 0 -7.000 -0.7143 -7.000 -0.0001 0 NA
305.00 0.04918 305.1 0.02301 0 -7.000 -0.7143 -7.000 -0.0001 0 NA
310.00 0.04839 310.1 0.02677 0 -7.000 -0.7143 -7.000 -0.0001 0 NA
315.00 0.04762 315.1 0.03033 0 -7.000 -0.7143 -7.000 -0.0001 0 NA
320.00 0.04688 320.1 0.03438 0 -7.000 -0.7143 -7.000 -0.0001 0 NA
325.00 0.04615 325.1 0.03825 0 -7.000 -0.7143 -7.000 -0.0001 0 NA
330.00 0.04545 328.1 0.04002 1 -7.000 -0.7143 -7.000 -0.0001 0 NA
0.00 0.10000 0.1 0.00000 0 -7.500 -0.6667 -7.499 -0.0001 0 NA
5.00 0.10000 5.1 0.00000 0 -7.500 -0.6667 -7.499 -0.0002 0 NA
10.00 0.10000 10.1 0.00000 0 -7.500 -0.6667 -7.499 -0.0001 0 NA
15.00 0.10000 15.1 0.00000 0 -7.500 -0.6667 -7.499 -0.0002 0 NA
20.00 0.10000 20.1 0.00000 0 -7.500 -0.6667 -7.499 -0.0001 0 NA
25.00 0.10000 25.1 0.00000 0 -7.500 -0.6667 -7.499 -0.0001 0 NA
30.00 0.10000 30.1 0.00000 0 -7.500 -0.6667 -7.499 -0.0002 0 NA
35.00 0.10000 35.1 0.00000 0 -7.500 -0.6667 -7.499 -0.0002 0 NA
40.00 0.10000 40.1 0.00000 0 -7.500 -0.6667 -7.499 -0.0002 0 NA
45.00 0.10000 45.0 0.00000 0 -7.500 -0.6667 -7.499 -0.0002 0 NA
50.00 0.10000 50.1 0.00000 0 -7.500 -0.6667 -7.499 -0.0001 0 NA
55.00 0.10000 55.1 0.00000 0 -7.500 -0.6667 -7.499 -0.0001 0 NA
60.00 0.10000 60.1 0.00000 0 -7.500 -0.6667 -7.499 -0.0002 0 NA
65.00 0.10000 65.1 0.00000 0 -7.500 -0.6667 -7.499 -0.0001 0 NA
70.00 0.10000 70.1 0.00000 0 -7.500 -0.6667 -7.499 -0.0002 0 NA
75.00 0.10000 75.1 0.00000 0 -7.500 -0.6667 -7.499 -0.0001 0 NA
80.00 0.10000 80.1 0.00000 0 -7.500 -0.6667 -7.499 -0.0001 0 NA
85.00 0.10000 85.1 0.00000 0 -7.500 -0.6667 -7.499 -0.0001 0 NA
90.00 0.10000 90.1 0.00000 0 -7.500 -0.6667 -7.499 -0.0001 0 NA
95.00 0.10000 95.1 0.00000 0 -7.500 -0.6667 -7.499 -0.0001 0 NA
100.00 0.10000 100.1 0.00000 0 -7.500 -0.6667 -7.499 -0.0002 0 NA
105.00 0.10000 105.1 0.00000 0 -7.500 -0.6667 -7.499 -0.0001 0 NA
110.00 0.10000 110.1 0.00000 0 -7.500 -0.6667 -7.499 -0.0001 0 NA
115.00 0.10000 115.1 0.00000 0 -7.500 -0.6667 -7.499 -0.0002 0 NA
120.00 0.10000 120.1 0.00000 0 -7.500 -0.6667 -7.499 -0.0001 0 NA
125.00 0.10000 125.1 0.00000 0 -7.500 -0.6667 -7.499 -0.0001 0 NA
130.00 0.10000 130.1 0.00000 0 -7.500 -0.6667 -7.499 -0.0001 0 NA
135.00 0.10000 135.1 0.00000 0 -7.500 -0.6667 -7.499 -0.0002 0 NA
140.00 0.10000 140.1 0.00000 0 -7.500 -0.6667 -7.499 -0.0001 0 NA
145.00 0.10000 145.1 0.00000 0 -7.500 -0.6667 -7.499 -0.0001 0 NA
150.00 0.10000 150.1 0.00000 0 -7.500 -0.6667 -7.499 -0.0001 0 NA
155.00 0.09677 155.1 0.00000 0 -7.500 -0.6667 -7.499 -0.0002 0 NA
160.00 0.09375 160.1 0.00000 0 -7.500 -0.6667 -7.499 -0.0002 0 NA
165.00 0.09091 165.1 0.00000 0 -7.500 -0.6667 -7.499 -0.0001 0 NA
170.00 0.08824 170.1 0.00000 0 -7.500 -0.6667 -7.499 -0.0001 0 NA
175.00 0.08571 175.1 0.00000 0 -7.500 -0.6667 -7.499 -0.0001 0 NA
180.00 0.08333 180.1 0.00000 0 -7.500 -0.6667 -7.499 -0.0001 0 NA
185.00 0.08108 185.1 0.00000 0 -7.500 -0.6667 -7.499 -0.0002 0 NA
190.00 0.07895 190.1 0.00000 0 -7.500 -0.6667 -7.500 -0.0001 0 NA
195.00 0.07692 195.1 0.00000 0 -7.500 -0.6667 -7.499 -0.0001 0 NA
200.00 0.07500 200.1 0.00000 0 -7.500 -0.6667 -7.499 -0.0002 0 NA
205.00 0.07317 205.1 0.00000 0 -7.500 -0.6667 -7.499 -0.0001 0 NA
210.00 0.07143 210.1 0.00000 0 -7.500 -0.6667 -7.499 -0.0002 0 NA
215.00 0.06977 215.1 0.00000 0 -7.500 -0.6667 -7.499 -0.0001 0 NA
220.00 0.06818 220.1 0.00005 0 -7.500 -0.6667 -7.499 -0.0001 0 NA
225.00 0.06667 225.1 0.00007 0 -7.500 -0.6667 -7.499 -0.0002 0 NA
230.00 0.06522 230.1 0.00009 0 -7.500 -0.6667 -7.499 -0.0001 0 NA
235.00 0.06383 235.1 0.00014 0 -7.500 -0.6667 -7.499 -0.0002 0 NA
240.00 0.06250 240.1 0.00021 0 -7.500 -0.6667 -7.499 -0.0001 0 NA
245.00 0.06122 245.1 0.00033 0 -7.500 -0.6667 -7.499 -0.0001 0 NA
250.00 0.06000 250.1 0.00051 0 -7.500 -0.6667 -7.499 -0.0001 0 NA
255.00 0.05882 255.1 0.00077 0 -7.500 -0.6667 -7.499 -0.0001 0 NA
260.00 0.05769 260.1 0.00114 0 -7.500 -0.6667 -7.499 -0.0001 0 NA
265.00 0.05660 265.1 0.00164 0 -7.500 -0.6667 -7.499 -0.0001 0 NA
270.00 0.05556 270.1 0.00231 0 -7.500 -0.6667 -7.499 -0.0001 0 NA
275.00 0.05455 275.1 0.00317 0 -7.500 -0.6667 -7.499 -0.0001 0 NA
280.00 0.05357 280.1 0.00430 0 -7.500 -0.6667 -7.499 -0.0002 0 NA
285.00 0.05263 285.1 0.00560 0 -7.500 -0.6667 -7.499 -0.0002 0 NA
290.00 0.05172 290.1 0.00713 0 -7.500 -0.6667 -7.499 -0.0002 0 NA
295.00 0.05085 295.1 0.00895 0 -7.500 -0.6667 -7.499 -0.0002 0 NA
300.00 0.05000 300.1 0.01113 0 -7.500 -0.6667 -7.499 -0.0001 0 NA
305.00 0.04918 305.1 0.01343 0 -7.500 -0.6667 -7.499 -0.0001 0 NA
310.00 0.04839 310.1 0.01605 0 -7.500 -0.6667 -7.500 -0.0001 0 NA
315.00 0.04762 315.1 0.01882 0 -7.500 -0.6667 -7.499 -0.0001 0 NA
320.00 0.04688 320.1 0.02181 0 -7.500 -0.6667 -7.499 -0.0001 0 NA
325.00 0.04615 325.1 0.02532 0 -7.500 -0.6667 -7.499 -0.0001 0 NA
330.00 0.04545 330.1 0.02883 0 -7.500 -0.6667 -7.499 -0.0001 0 NA
335.00 0.04478 335.1 0.03238 0 -7.500 -0.6667 -7.499 -0.0001 0 NA
340.00 0.04412 340.1 0.03605 0 -7.500 -0.6667 -7.499 -0.0001 0 NA
345.00 0.04348 345.1 0.04008 0 -7.500 -0.6667 -7.499 -0.0002 0 NA
350.00 0.04286 346.2 0.04002 1 -7.500 -0.6667 -7.499 -0.0001 0 NA
0.00 0.10000 0.1 0.00000 0 -8.000 -0.6250 -7.999 -0.0001 0 NA
5.00 0.10000 5.1 0.00000 0 -8.000 -0.6250 -7.999 -0.0002 0 NA
10.00 0.10000 10.1 0.00000 0 -8.000 -0.6250 -7.999 -0.0002 0 NA
15.00 0.10000 15.1 0.00000 0 -8.000 -0.6250 -7.999 -0.0002 0 NA
20.00 0.10000 20.1 0.00000 0 -8.000 -0.6250 -7.999 -0.0001 0 NA
25.00 0.10000 25.1 0.00000 0 -8.000 -0.6250 -7.999 -0.0001 0 NA
30.00 0.10000 30.1 0.00000 0 -8.000 -0.6250 -7.999 -0.0002 0 NA
35.00 0.10000 35.1 0.00000 0 -8.000 -0.6250 -7.999 -0.0001 0 NA
40.00 0.10000 40.1 0.00000 0 -8.000 -0.6250 -7.999 -0.0001 0 NA
45.00 0.10000 45.0 0.00000 0 -8.000 -0.6250 -7.999 -0.0001 0 NA
50.00 0.10000 50.1 0.00000 0 -8.000 -0.6250 -7.999 -0.0002 0 NA
55.00 0.10000 55.1 0.00000 0 -8.000 -0.6250 -7.999 -0.0001 0 NA
60.00 0.10000 60.1 0.00000 0 -8.000 -0.6250 -7.999 -0.0001 0 NA
65.00 0.10000 65.1 0.00000 0 -8.000 -0.6250 -7.999 -0.0001 0 NA
70.00 0.10000 70.1 0.00000 0 -8.000 -0.6250 -7.999 -0.0002 0 NA
75.00 0.10000 75.1 0.00000 0 -8.000 -0.6250 -7.999 -0.0001 0 NA
80.00 0.10000 80.1 0.00000 0 -8.000 -0.6250 -7.999 -0.0001 0 NA
85.00 0.10000 85.1 0.00000 0 -8.000 -0.6250 -7.999 -0.0002 0 NA
90.00 0.10000 90.1 0.00000 0 -8.000 -0.6250 -7.999 -0.0002 0 NA
95.00 0.10000 95.1 0.00000 0 -8.000 -0.6250 -7.999 -0.0001 0 NA
100.00 0.10000 100.1 0.00000 0 -8.000 -0.6250 -7.999 -0.0001 0 NA
105.00 0.10000 105.1 0.00000 0 -8.000 -0.6250 -7.999 -0.0001 0 NA
110.00 0.10000 110.1 0.00000 0 -8.000 -0.6250 -7.999 -0.0001 0 NA
115.00 0.10000 115.1 0.00000 0 -8.000 -0.6250 -7.999 -0.0002 0 NA
120.00 0.10000 120.1 0.00000 0 -8.000 -0.6250 -7.999 -0.0001 0 NA
125.00 0.10000 125.1 0.00000 0 -8.000 -0.6250 -7.999 -0.0001 0 NA
130.00 0.10000 130.1 0.00000 0 -8.000 -0.6250 -7.999 -0.0001 0 NA
135.00 0.10000 135.1 0.00000 0 -8.000 -0.6250 -7.999 -0.0001 0 NA
140.00 0.10000 140.1 0.00000 0 -8.000 -0.6250 -7.999 -0.0001 0 NA
145.00 0.10000 145.1 0.00000 0 -8.000 -0.6250 -7.999 -0.0001 0 NA
150.00 0.10000 150.1 0.00000 0 -8.000 -0.6250 -7.999 -0.0001 0 NA
155.00 0.09677 155.1 0.00000 0 -8.000 -0.6250 -7.999 -0.0001 0 NA
160.00 0.09375 160.1 0.00000 0 -8.000 -0.6250 -7.999 -0.0001 0 NA
165.00 0.09091 165.1 0.00000 0 -8.000 -0.6250 -7.999 -0.0001 0 NA
170.00 0.08824 170.1 0.00000 0 -8.000 -0.6250 -7.999 -0.0001 0 NA
175.00 0.08571 175.1 0.00000 0 -8.000 -0.6250 -7.999 -0.0001 0 NA
180.00 0.08333 180.1 0.00000 0 -8.000 -0.6250 -7.999 -0.0001 0 NA
185.00 0.08108 185.1 0.00000 0 -8.000 -0.6250 -7.999 -0.0002 0 NA
190.00 0.07895 190.1 0.00000 0 -8.000 -0.6250 -7.999 -0.0002 0 NA
195.00 0.07692 195.1 0.00000 0 -8.000 -0.6250 -7.999 -0.0001 0 NA
200.00 0.07500 200.1 0.00000 0 -8.000 -0.6250 -7.999 -0.0001 0 NA
205.00 0.07317 205.1 0.00000 0 -8.000 -0.6250 -7.999 -0.0001 0 NA
210.00 0.07143 210.1 0.00000 0 -8.000 -0.6250 -7.999 -0.0002 0 NA
215.00 0.06977 215.1 0.00000 0 -8.000 -0.6250 -7.999 -0.0001 0 NA
220.00 0.06818 220.1 0.00000 0 -8.000 -0.6250 -7.999 -0.0001 0 NA
225.00 0.06667 225.1 0.00000 0 -8.000 -0.6250 -7.999 -0.0002 0 NA
230.00 0.06522 230.1 0.00000 0 -8.000 -0.6250 -7.999 -0.0001 0 NA
235.00 0.06383 235.1 0.00005 0 -8.000 -0.6250 -7.999 -0.0001 0 NA
240.00 0.06250 240.1 0.00007 0 -8.000 -0.6250 -7.999 -0.0002 0 NA
245.00 0.06122 245.1 0.00009 0 -8.000 -0.6250 -7.999 -0.0001 0 NA
250.00 0.06000 250.1 0.00014 0 -8.000 -0.6250 -7.999 -0.0001 0 NA
255.00 0.05882 255.1 0.00021 0 -8.000 -0.6250 -7.999 -0.0002 0 NA
260.00 0.05769 260.1 0.00032 0 -8.000 -0.6250 -7.999 -0.0001 0 NA
265.00 0.05660 265.1 0.00049 0 -8.000 -0.6250 -7.999 -0.0001 0 NA
270.00 0.05556 270.1 0.00073 0 -8.000 -0.6250 -7.999 -0.0001 0 NA
275.00 0.05455 275.1 0.00107 0 -8.000 -0.6250 -7.999 -0.0002 0 NA
280.00 0.05357 280.1 0.00155 0 -8.000 -0.6250 -7.999 -0.0002 0 NA
285.00 0.05263 285.1 0.00217 0 -8.000 -0.6250 -7.999 -0.0001 0 NA
290.00 0.05172 290.1 0.00296 0 -8.000 -0.6250 -7.999 -0.0002 0 NA
295.00 0.05085 295.1 0.00400 0 -8.000 -0.6250 -7.999 -0.0002 0 NA
300.00 0.05000 300.1 0.00528 0 -8.000 -0.6250 -7.999 -0.0001 0 NA
305.00 0.04918 305.1 0.00675 0 -8.000 -0.6250 -7.999 -0.0001 0 NA
310.00 0.04839 310.1 0.00844 0 -8.000 -0.6250 -7.999 -0.0001 0 NA
315.00 0.04762 315.1 0.01036 0 -8.000 -0.6250 -8.000 -0.0002 0 NA
320.00 0.04688 320.1 0.01258 0 -8.000 -0.6250 -7.999 -0.0001 0 NA
325.00 0.04615 325.1 0.01497 0 -8.000 -0.6250 -7.999 -0.0001 0 NA
330.00 0.04545 330.1 0.01759 0 -8.000 -0.6250 -7.999 -0.0001 0 NA
335.00 0.04478 335.1 0.02070 0 -8.000 -0.6250 -7.999 -0.0002 0 NA
340.00 0.04412 340.1 0.02384 0 -8.000 -0.6250 -7.999 -0.0002 0 NA
345.00 0.04348 345.1 0.02704 0 -8.000 -0.6250 -7.999 -0.0001 0 NA
350.00 0.04286 350.1 0.03040 0 -8.000 -0.6250 -7.999 -0.0001 0 NA
355.00 0.04225 355.1 0.03408 0 -8.000 -0.6250 -7.999 -0.0001 0 NA
360.00 0.04167 360.1 0.03769 0 -8.000 -0.6250 -7.999 -0.0001 0 NA
365.00 0.04110 365.1 0.04140 1 -8.000 -0.6250 -7.999 -0.0001 0 NA
