% * Sample: 6E5P_33
% * Date / time: 2024-02-06 07:30:04.229616
% * R2CONTROL =  NOT SPECIFIED
% Column 1:  PSU1 nominal voltage setting (V)
% Column 2:  PSU1 nominal current setting (A)
% Column 3:  PSU1 voltage measurement (V)
% Column 4:  PSU1 current measurement (I)
% Column 5:  PSU1 limiter flag
% Column 6:  PSU2 nominal voltage setting (V)
% Column 7:  PSU2 nominal current setting (A)
% Column 8:  PSU2 voltage measurement (V)
% Column 9:  PSU2 current measurement (I)
% Column 10: PSU2 limiter flag
% Column 11: Heaterblock temperature (°C)
% * OPERATING POINT AT END OF PREHEAT / IDLE: U1 = 200.1 V  I1 = 0.03000 A  U2 = -3.888 V  I2 = -0.0001 A  T = NA °C
0.00 0.10000 0.1 0.00000 0 -0.000 -1.0000 -0.000 -0.0001 0 NA
5.00 0.10000 5.1 0.00005 0 -0.000 -1.0000 -0.000 -0.0001 0 NA
10.00 0.10000 10.1 0.00008 0 -0.000 -1.0000 -0.000 -0.0001 0 NA
15.00 0.10000 15.1 0.00021 0 -0.000 -1.0000 -0.000 -0.0001 0 NA
20.00 0.10000 20.1 0.00050 0 -0.000 -1.0000 -0.000 -0.0001 0 NA
25.00 0.10000 25.1 0.00113 0 -0.000 -1.0000 -0.000 -0.0001 0 NA
30.00 0.10000 30.1 0.00230 0 -0.000 -1.0000 -0.000 -0.0001 0 NA
35.00 0.10000 35.1 0.00418 0 -0.000 -1.0000 -0.000 -0.0001 0 NA
40.00 0.10000 40.1 0.00673 0 -0.000 -1.0000 -0.000 -0.0001 0 NA
45.00 0.10000 45.1 0.00994 0 -0.000 -1.0000 -0.000 -0.0001 0 NA
50.00 0.10000 50.1 0.01385 0 -0.000 -1.0000 -0.000 -0.0001 0 NA
55.00 0.10000 55.1 0.01825 0 -0.000 -1.0000 -0.000 -0.0001 0 NA
60.00 0.10000 60.1 0.02298 0 -0.000 -1.0000 -0.000 -0.0001 0 NA
65.00 0.10000 65.1 0.02792 0 -0.000 -1.0000 -0.000 -0.0001 0 NA
70.00 0.10000 70.1 0.03310 0 -0.000 -1.0000 -0.000 -0.0001 0 NA
75.00 0.10000 75.1 0.03843 0 -0.000 -1.0000 -0.000 -0.0001 0 NA
80.00 0.10000 80.1 0.04393 0 -0.000 -1.0000 -0.000 -0.0001 0 NA
85.00 0.10000 85.1 0.04961 0 -0.000 -1.0000 -0.000 -0.0001 0 NA
90.00 0.10000 90.1 0.05538 0 -0.000 -1.0000 -0.000 -0.0001 0 NA
95.00 0.10000 95.1 0.06125 0 -0.000 -1.0000 -0.000 -0.0001 0 NA
100.00 0.10000 100.1 0.06724 0 -0.000 -1.0000 -0.000 -0.0001 0 NA
105.00 0.10000 105.1 0.07340 0 -0.000 -1.0000 -0.000 -0.0001 0 NA
110.00 0.10000 110.1 0.07959 0 -0.000 -1.0000 -0.000 -0.0001 0 NA
115.00 0.10000 115.1 0.08584 0 -0.000 -1.0000 -0.000 -0.0001 0 NA
120.00 0.10000 120.1 0.09218 0 -0.000 -1.0000 -0.000 -0.0001 0 NA
125.00 0.10000 125.1 0.09868 0 -0.000 -1.0000 -0.000 -0.0001 0 NA
130.00 0.10000 126.5 0.10005 1 -0.000 -1.0000 -0.000 -0.0001 0 NA
0.00 0.10000 0.1 0.00000 0 -0.500 -1.0000 -0.499 -0.0001 0 NA
5.00 0.10000 5.1 0.00000 0 -0.500 -1.0000 -0.499 -0.0001 0 NA
10.00 0.10000 10.1 0.00000 0 -0.500 -1.0000 -0.499 -0.0002 0 NA
15.00 0.10000 15.1 0.00000 0 -0.500 -1.0000 -0.499 -0.0002 0 NA
20.00 0.10000 20.1 0.00007 0 -0.500 -1.0000 -0.499 -0.0002 0 NA
25.00 0.10000 25.1 0.00013 0 -0.500 -1.0000 -0.500 -0.0002 0 NA
30.00 0.10000 30.1 0.00029 0 -0.500 -1.0000 -0.499 -0.0002 0 NA
35.00 0.10000 35.1 0.00067 0 -0.500 -1.0000 -0.499 -0.0001 0 NA
40.00 0.10000 40.1 0.00141 0 -0.500 -1.0000 -0.499 -0.0001 0 NA
45.00 0.10000 45.1 0.00261 0 -0.500 -1.0000 -0.499 -0.0002 0 NA
50.00 0.10000 50.1 0.00437 0 -0.500 -1.0000 -0.499 -0.0001 0 NA
55.00 0.10000 55.1 0.00670 0 -0.500 -1.0000 -0.499 -0.0002 0 NA
60.00 0.10000 60.1 0.00964 0 -0.500 -1.0000 -0.499 -0.0001 0 NA
65.00 0.10000 65.1 0.01320 0 -0.500 -1.0000 -0.499 -0.0001 0 NA
70.00 0.10000 70.1 0.01731 0 -0.500 -1.0000 -0.499 -0.0001 0 NA
75.00 0.10000 75.1 0.02182 0 -0.500 -1.0000 -0.499 -0.0002 0 NA
80.00 0.10000 80.1 0.02665 0 -0.500 -1.0000 -0.499 -0.0001 0 NA
85.00 0.10000 85.1 0.03168 0 -0.500 -1.0000 -0.499 -0.0002 0 NA
90.00 0.10000 90.1 0.03688 0 -0.500 -1.0000 -0.499 -0.0002 0 NA
95.00 0.10000 95.1 0.04222 0 -0.500 -1.0000 -0.499 -0.0001 0 NA
100.00 0.10000 100.1 0.04776 0 -0.500 -1.0000 -0.499 -0.0001 0 NA
105.00 0.10000 105.1 0.05337 0 -0.500 -1.0000 -0.499 -0.0002 0 NA
110.00 0.10000 110.1 0.05912 0 -0.500 -1.0000 -0.499 -0.0001 0 NA
115.00 0.10000 115.1 0.06502 0 -0.500 -1.0000 -0.499 -0.0001 0 NA
120.00 0.10000 120.1 0.07096 0 -0.500 -1.0000 -0.499 -0.0002 0 NA
125.00 0.10000 125.1 0.07696 0 -0.500 -1.0000 -0.499 -0.0001 0 NA
130.00 0.10000 130.1 0.08305 0 -0.500 -1.0000 -0.499 -0.0002 0 NA
135.00 0.10000 135.1 0.08933 0 -0.500 -1.0000 -0.499 -0.0002 0 NA
140.00 0.10000 140.1 0.09556 0 -0.500 -1.0000 -0.499 -0.0001 0 NA
145.00 0.10000 145.0 0.10150 1 -0.500 -1.0000 -0.499 -0.0001 0 NA
0.00 0.10000 0.2 0.00000 0 -1.000 -1.0000 -0.999 -0.0002 0 NA
5.00 0.10000 5.1 0.00000 0 -1.000 -1.0000 -1.000 -0.0001 0 NA
10.00 0.10000 10.1 0.00000 0 -1.000 -1.0000 -0.999 -0.0002 0 NA
15.00 0.10000 15.1 0.00000 0 -1.000 -1.0000 -0.999 -0.0001 0 NA
20.00 0.10000 20.1 0.00000 0 -1.000 -1.0000 -1.000 -0.0001 0 NA
25.00 0.10000 25.1 0.00000 0 -1.000 -1.0000 -0.999 -0.0002 0 NA
30.00 0.10000 30.1 0.00005 0 -1.000 -1.0000 -1.000 -0.0001 0 NA
35.00 0.10000 35.1 0.00007 0 -1.000 -1.0000 -0.999 -0.0001 0 NA
40.00 0.10000 40.1 0.00015 0 -1.000 -1.0000 -0.999 -0.0001 0 NA
45.00 0.10000 45.1 0.00033 0 -1.000 -1.0000 -1.000 -0.0002 0 NA
50.00 0.10000 50.1 0.00070 0 -1.000 -1.0000 -1.000 -0.0001 0 NA
55.00 0.10000 55.1 0.00137 0 -1.000 -1.0000 -0.999 -0.0001 0 NA
60.00 0.10000 60.1 0.00245 0 -1.000 -1.0000 -1.000 -0.0001 0 NA
65.00 0.10000 65.1 0.00401 0 -1.000 -1.0000 -0.999 -0.0002 0 NA
70.00 0.10000 70.1 0.00610 0 -1.000 -1.0000 -1.000 -0.0001 0 NA
75.00 0.10000 75.1 0.00873 0 -1.000 -1.0000 -1.000 -0.0001 0 NA
80.00 0.10000 80.1 0.01192 0 -1.000 -1.0000 -0.999 -0.0002 0 NA
85.00 0.10000 85.1 0.01568 0 -1.000 -1.0000 -0.999 -0.0002 0 NA
90.00 0.10000 90.1 0.01991 0 -1.000 -1.0000 -1.000 -0.0002 0 NA
95.00 0.10000 95.1 0.02448 0 -1.000 -1.0000 -0.999 -0.0001 0 NA
100.00 0.10000 100.1 0.02933 0 -1.000 -1.0000 -1.000 -0.0001 0 NA
105.00 0.10000 105.1 0.03442 0 -1.000 -1.0000 -1.000 -0.0002 0 NA
110.00 0.10000 110.1 0.03966 0 -1.000 -1.0000 -0.999 -0.0001 0 NA
115.00 0.10000 115.1 0.04501 0 -1.000 -1.0000 -1.000 -0.0001 0 NA
120.00 0.10000 120.1 0.05057 0 -1.000 -1.0000 -1.000 -0.0001 0 NA
125.00 0.10000 125.1 0.05616 0 -1.000 -1.0000 -1.000 -0.0001 0 NA
130.00 0.10000 130.1 0.06186 0 -1.000 -1.0000 -1.000 -0.0001 0 NA
135.00 0.10000 135.1 0.06766 0 -1.000 -1.0000 -0.999 -0.0001 0 NA
140.00 0.10000 140.1 0.07364 0 -1.000 -1.0000 -1.000 -0.0002 0 NA
145.00 0.10000 145.1 0.07957 0 -1.000 -1.0000 -1.000 -0.0001 0 NA
150.00 0.10000 150.1 0.08560 0 -1.000 -1.0000 -1.000 -0.0002 0 NA
155.00 0.09677 155.1 0.09170 0 -1.000 -1.0000 -1.000 -0.0001 0 NA
160.00 0.09375 160.1 0.09801 1 -1.000 -1.0000 -1.000 -0.0001 0 NA
0.00 0.10000 0.1 0.00000 0 -1.500 -1.0000 -1.499 -0.0001 0 NA
5.00 0.10000 5.1 0.00000 0 -1.500 -1.0000 -1.499 -0.0002 0 NA
10.00 0.10000 10.1 0.00000 0 -1.500 -1.0000 -1.499 -0.0001 0 NA
15.00 0.10000 15.1 0.00000 0 -1.500 -1.0000 -1.499 -0.0001 0 NA
20.00 0.10000 20.1 0.00000 0 -1.500 -1.0000 -1.499 -0.0002 0 NA
25.00 0.10000 25.1 0.00000 0 -1.500 -1.0000 -1.499 -0.0001 0 NA
30.00 0.10000 30.1 0.00000 0 -1.500 -1.0000 -1.499 -0.0002 0 NA
35.00 0.10000 35.1 0.00000 0 -1.500 -1.0000 -1.499 -0.0002 0 NA
40.00 0.10000 40.1 0.00000 0 -1.500 -1.0000 -1.499 -0.0001 0 NA
45.00 0.10000 45.1 0.00006 0 -1.500 -1.0000 -1.499 -0.0002 0 NA
50.00 0.10000 50.1 0.00008 0 -1.500 -1.0000 -1.499 -0.0001 0 NA
55.00 0.10000 55.1 0.00017 0 -1.500 -1.0000 -1.499 -0.0002 0 NA
60.00 0.10000 60.1 0.00035 0 -1.500 -1.0000 -1.499 -0.0002 0 NA
65.00 0.10000 65.1 0.00070 0 -1.500 -1.0000 -1.499 -0.0001 0 NA
70.00 0.10000 70.1 0.00132 0 -1.500 -1.0000 -1.499 -0.0002 0 NA
75.00 0.10000 75.1 0.00229 0 -1.500 -1.0000 -1.499 -0.0001 0 NA
80.00 0.10000 80.1 0.00369 0 -1.500 -1.0000 -1.499 -0.0001 0 NA
85.00 0.10000 85.1 0.00557 0 -1.500 -1.0000 -1.499 -0.0001 0 NA
90.00 0.10000 90.1 0.00795 0 -1.500 -1.0000 -1.499 -0.0002 0 NA
95.00 0.10000 95.1 0.01081 0 -1.500 -1.0000 -1.499 -0.0001 0 NA
100.00 0.10000 100.1 0.01420 0 -1.500 -1.0000 -1.500 -0.0002 0 NA
105.00 0.10000 105.1 0.01809 0 -1.500 -1.0000 -1.499 -0.0001 0 NA
110.00 0.10000 110.1 0.02238 0 -1.500 -1.0000 -1.499 -0.0002 0 NA
115.00 0.10000 115.1 0.02700 0 -1.500 -1.0000 -1.499 -0.0001 0 NA
120.00 0.10000 120.1 0.03192 0 -1.500 -1.0000 -1.499 -0.0001 0 NA
125.00 0.10000 125.1 0.03697 0 -1.500 -1.0000 -1.499 -0.0001 0 NA
130.00 0.10000 130.1 0.04217 0 -1.500 -1.0000 -1.499 -0.0002 0 NA
135.00 0.10000 135.1 0.04760 0 -1.500 -1.0000 -1.500 -0.0001 0 NA
140.00 0.10000 140.1 0.05305 0 -1.500 -1.0000 -1.499 -0.0002 0 NA
145.00 0.10000 145.1 0.05860 0 -1.500 -1.0000 -1.499 -0.0001 0 NA
150.00 0.10000 150.1 0.06424 0 -1.500 -1.0000 -1.499 -0.0001 0 NA
155.00 0.09677 155.1 0.07009 0 -1.500 -1.0000 -1.500 -0.0001 0 NA
160.00 0.09375 160.1 0.07590 0 -1.500 -1.0000 -1.499 -0.0001 0 NA
165.00 0.09091 165.1 0.08176 0 -1.500 -1.0000 -1.499 -0.0002 0 NA
170.00 0.08824 164.1 0.08004 1 -1.500 -1.0000 -1.499 -0.0002 0 NA
0.00 0.10000 0.1 0.00000 0 -2.000 -1.0000 -1.999 -0.0001 0 NA
5.00 0.10000 5.1 0.00000 0 -2.000 -1.0000 -1.999 -0.0002 0 NA
10.00 0.10000 10.1 0.00000 0 -2.000 -1.0000 -1.999 -0.0002 0 NA
15.00 0.10000 15.1 0.00000 0 -2.000 -1.0000 -1.999 -0.0001 0 NA
20.00 0.10000 20.1 0.00000 0 -2.000 -1.0000 -1.999 -0.0001 0 NA
25.00 0.10000 25.1 0.00000 0 -2.000 -1.0000 -1.999 -0.0002 0 NA
30.00 0.10000 30.1 0.00000 0 -2.000 -1.0000 -1.999 -0.0002 0 NA
35.00 0.10000 35.1 0.00000 0 -2.000 -1.0000 -1.999 -0.0002 0 NA
40.00 0.10000 40.1 0.00000 0 -2.000 -1.0000 -1.999 -0.0002 0 NA
45.00 0.10000 45.1 0.00000 0 -2.000 -1.0000 -1.999 -0.0002 0 NA
50.00 0.10000 50.1 0.00000 0 -2.000 -1.0000 -1.999 -0.0002 0 NA
55.00 0.10000 55.1 0.00005 0 -2.000 -1.0000 -1.999 -0.0002 0 NA
60.00 0.10000 60.1 0.00006 0 -2.000 -1.0000 -1.999 -0.0002 0 NA
65.00 0.10000 65.1 0.00009 0 -2.000 -1.0000 -2.000 -0.0001 0 NA
70.00 0.10000 70.1 0.00018 0 -2.000 -1.0000 -2.000 -0.0002 0 NA
75.00 0.10000 75.1 0.00035 0 -2.000 -1.0000 -1.999 -0.0001 0 NA
80.00 0.10000 80.1 0.00068 0 -2.000 -1.0000 -1.999 -0.0001 0 NA
85.00 0.10000 85.1 0.00123 0 -2.000 -1.0000 -1.999 -0.0002 0 NA
90.00 0.10000 90.1 0.00210 0 -2.000 -1.0000 -1.999 -0.0002 0 NA
95.00 0.10000 95.1 0.00334 0 -2.000 -1.0000 -1.999 -0.0001 0 NA
100.00 0.10000 100.1 0.00502 0 -2.000 -1.0000 -1.999 -0.0001 0 NA
105.00 0.10000 105.1 0.00715 0 -2.000 -1.0000 -1.999 -0.0001 0 NA
110.00 0.10000 110.1 0.00973 0 -2.000 -1.0000 -1.999 -0.0002 0 NA
115.00 0.10000 115.1 0.01281 0 -2.000 -1.0000 -1.999 -0.0001 0 NA
120.00 0.10000 120.1 0.01634 0 -2.000 -1.0000 -1.999 -0.0002 0 NA
125.00 0.10000 125.1 0.02030 0 -2.000 -1.0000 -1.999 -0.0002 0 NA
130.00 0.10000 130.1 0.02463 0 -2.000 -1.0000 -1.999 -0.0001 0 NA
135.00 0.10000 135.1 0.02931 0 -2.000 -1.0000 -1.999 -0.0002 0 NA
140.00 0.10000 140.1 0.03417 0 -2.000 -1.0000 -1.999 -0.0001 0 NA
145.00 0.10000 145.1 0.03919 0 -2.000 -1.0000 -1.999 -0.0001 0 NA
150.00 0.10000 150.1 0.04446 0 -2.000 -1.0000 -1.999 -0.0002 0 NA
155.00 0.09677 155.1 0.04976 0 -2.000 -1.0000 -1.999 -0.0001 0 NA
160.00 0.09375 160.1 0.05517 0 -2.000 -1.0000 -1.999 -0.0001 0 NA
165.00 0.09091 165.1 0.06064 0 -2.000 -1.0000 -2.000 -0.0002 0 NA
170.00 0.08824 170.1 0.06634 0 -2.000 -1.0000 -1.999 -0.0002 0 NA
175.00 0.08571 175.1 0.07196 0 -2.000 -1.0000 -1.999 -0.0001 0 NA
180.00 0.08333 180.1 0.07767 0 -2.000 -1.0000 -1.999 -0.0002 0 NA
185.00 0.08108 182.5 0.08004 1 -2.000 -1.0000 -1.999 -0.0001 0 NA
0.00 0.10000 0.2 0.00000 0 -2.500 -1.0000 -2.499 -0.0002 0 NA
5.00 0.10000 5.1 0.00000 0 -2.500 -1.0000 -2.499 -0.0002 0 NA
10.00 0.10000 10.1 0.00000 0 -2.500 -1.0000 -2.499 -0.0001 0 NA
15.00 0.10000 15.1 0.00000 0 -2.500 -1.0000 -2.499 -0.0002 0 NA
20.00 0.10000 20.1 0.00000 0 -2.500 -1.0000 -2.499 -0.0002 0 NA
25.00 0.10000 25.1 0.00000 0 -2.500 -1.0000 -2.499 -0.0001 0 NA
30.00 0.10000 30.1 0.00000 0 -2.500 -1.0000 -2.499 -0.0002 0 NA
35.00 0.10000 35.1 0.00000 0 -2.500 -1.0000 -2.499 -0.0001 0 NA
40.00 0.10000 40.1 0.00000 0 -2.500 -1.0000 -2.499 -0.0001 0 NA
45.00 0.10000 45.1 0.00000 0 -2.500 -1.0000 -2.499 -0.0002 0 NA
50.00 0.10000 50.1 0.00000 0 -2.500 -1.0000 -2.499 -0.0001 0 NA
55.00 0.10000 55.1 0.00000 0 -2.500 -1.0000 -2.499 -0.0002 0 NA
60.00 0.10000 60.1 0.00000 0 -2.500 -1.0000 -2.499 -0.0001 0 NA
65.00 0.10000 65.1 0.00000 0 -2.500 -1.0000 -2.499 -0.0002 0 NA
70.00 0.10000 70.1 0.00005 0 -2.500 -1.0000 -2.499 -0.0002 0 NA
75.00 0.10000 75.1 0.00007 0 -2.500 -1.0000 -2.499 -0.0001 0 NA
80.00 0.10000 80.1 0.00010 0 -2.500 -1.0000 -2.499 -0.0001 0 NA
85.00 0.10000 85.1 0.00018 0 -2.500 -1.0000 -2.499 -0.0001 0 NA
90.00 0.10000 90.1 0.00035 0 -2.500 -1.0000 -2.499 -0.0001 0 NA
95.00 0.10000 95.1 0.00065 0 -2.500 -1.0000 -2.499 -0.0002 0 NA
100.00 0.10000 100.1 0.00116 0 -2.500 -1.0000 -2.499 -0.0002 0 NA
105.00 0.10000 105.1 0.00194 0 -2.500 -1.0000 -2.499 -0.0001 0 NA
110.00 0.10000 110.1 0.00306 0 -2.500 -1.0000 -2.499 -0.0001 0 NA
115.00 0.10000 115.1 0.00457 0 -2.500 -1.0000 -2.499 -0.0001 0 NA
120.00 0.10000 120.1 0.00649 0 -2.500 -1.0000 -2.499 -0.0002 0 NA
125.00 0.10000 125.1 0.00885 0 -2.500 -1.0000 -2.499 -0.0001 0 NA
130.00 0.10000 130.1 0.01164 0 -2.500 -1.0000 -2.499 -0.0001 0 NA
135.00 0.10000 135.1 0.01487 0 -2.500 -1.0000 -2.499 -0.0002 0 NA
140.00 0.10000 140.1 0.01852 0 -2.500 -1.0000 -2.499 -0.0002 0 NA
145.00 0.10000 145.1 0.02258 0 -2.500 -1.0000 -2.499 -0.0001 0 NA
150.00 0.10000 150.1 0.02696 0 -2.500 -1.0000 -2.499 -0.0001 0 NA
155.00 0.09677 155.1 0.03158 0 -2.500 -1.0000 -2.499 -0.0001 0 NA
160.00 0.09375 160.1 0.03651 0 -2.500 -1.0000 -2.499 -0.0001 0 NA
165.00 0.09091 165.1 0.04151 0 -2.500 -1.0000 -2.499 -0.0001 0 NA
170.00 0.08824 170.1 0.04665 0 -2.500 -1.0000 -2.499 -0.0001 0 NA
175.00 0.08571 175.1 0.05188 0 -2.500 -1.0000 -2.499 -0.0001 0 NA
180.00 0.08333 180.1 0.05735 0 -2.500 -1.0000 -2.499 -0.0002 0 NA
185.00 0.08108 185.1 0.06274 0 -2.500 -1.0000 -2.499 -0.0002 0 NA
190.00 0.07895 190.1 0.06825 0 -2.500 -1.0000 -2.499 -0.0001 0 NA
195.00 0.07692 195.1 0.07396 0 -2.500 -1.0000 -2.499 -0.0001 0 NA
200.00 0.07500 200.1 0.07957 1 -2.500 -1.0000 -2.499 -0.0001 0 NA
0.00 0.10000 0.1 0.00000 0 -3.000 -1.0000 -3.000 -0.0002 0 NA
5.00 0.10000 5.1 0.00000 0 -3.000 -1.0000 -3.000 -0.0001 0 NA
10.00 0.10000 10.1 0.00000 0 -3.000 -1.0000 -3.000 -0.0001 0 NA
15.00 0.10000 15.1 0.00000 0 -3.000 -1.0000 -3.000 -0.0001 0 NA
20.00 0.10000 20.1 0.00000 0 -3.000 -1.0000 -3.000 -0.0001 0 NA
25.00 0.10000 25.1 0.00000 0 -3.000 -1.0000 -3.000 -0.0001 0 NA
30.00 0.10000 30.1 0.00000 0 -3.000 -1.0000 -3.000 -0.0001 0 NA
35.00 0.10000 35.1 0.00000 0 -3.000 -1.0000 -3.000 -0.0001 0 NA
40.00 0.10000 40.1 0.00000 0 -3.000 -1.0000 -3.000 -0.0001 0 NA
45.00 0.10000 45.1 0.00000 0 -3.000 -1.0000 -3.000 -0.0002 0 NA
50.00 0.10000 50.1 0.00000 0 -3.000 -1.0000 -3.000 -0.0001 0 NA
55.00 0.10000 55.1 0.00000 0 -3.000 -1.0000 -3.000 -0.0001 0 NA
60.00 0.10000 60.1 0.00000 0 -3.000 -1.0000 -3.000 -0.0001 0 NA
65.00 0.10000 65.1 0.00000 0 -3.000 -1.0000 -3.000 -0.0002 0 NA
70.00 0.10000 70.1 0.00000 0 -3.000 -1.0000 -3.000 -0.0001 0 NA
75.00 0.10000 75.1 0.00000 0 -3.000 -1.0000 -3.000 -0.0001 0 NA
80.00 0.10000 80.1 0.00000 0 -3.000 -1.0000 -3.000 -0.0001 0 NA
85.00 0.10000 85.1 0.00005 0 -3.000 -1.0000 -3.000 -0.0001 0 NA
90.00 0.10000 90.1 0.00007 0 -3.000 -1.0000 -3.000 -0.0002 0 NA
95.00 0.10000 95.1 0.00011 0 -3.000 -1.0000 -3.000 -0.0002 0 NA
100.00 0.10000 100.1 0.00019 0 -3.000 -1.0000 -3.000 -0.0001 0 NA
105.00 0.10000 105.1 0.00034 0 -3.000 -1.0000 -3.000 -0.0002 0 NA
110.00 0.10000 110.1 0.00063 0 -3.000 -1.0000 -3.000 -0.0001 0 NA
115.00 0.10000 115.1 0.00108 0 -3.000 -1.0000 -3.000 -0.0001 0 NA
120.00 0.10000 120.1 0.00179 0 -3.000 -1.0000 -3.000 -0.0001 0 NA
125.00 0.10000 125.1 0.00280 0 -3.000 -1.0000 -3.000 -0.0002 0 NA
130.00 0.10000 130.1 0.00415 0 -3.000 -1.0000 -3.000 -0.0002 0 NA
135.00 0.10000 135.1 0.00589 0 -3.000 -1.0000 -3.000 -0.0001 0 NA
140.00 0.10000 140.1 0.00803 0 -3.000 -1.0000 -3.000 -0.0002 0 NA
145.00 0.10000 145.1 0.01057 0 -3.000 -1.0000 -3.000 -0.0002 0 NA
150.00 0.10000 150.1 0.01352 0 -3.000 -1.0000 -3.000 -0.0001 0 NA
155.00 0.09677 155.1 0.01691 0 -3.000 -1.0000 -3.000 -0.0001 0 NA
160.00 0.09375 160.1 0.02065 0 -3.000 -1.0000 -3.000 -0.0001 0 NA
165.00 0.09091 165.1 0.02473 0 -3.000 -1.0000 -3.000 -0.0002 0 NA
170.00 0.08824 170.1 0.02912 0 -3.000 -1.0000 -3.000 -0.0002 0 NA
175.00 0.08571 175.1 0.03379 0 -3.000 -1.0000 -3.000 -0.0001 0 NA
180.00 0.08333 180.1 0.03861 0 -3.000 -1.0000 -3.000 -0.0001 0 NA
185.00 0.08108 185.1 0.04353 0 -3.000 -1.0000 -3.000 -0.0001 0 NA
190.00 0.07895 190.1 0.04872 0 -3.000 -1.0000 -3.000 -0.0002 0 NA
195.00 0.07692 195.1 0.05387 0 -3.000 -1.0000 -3.000 -0.0001 0 NA
200.00 0.07500 200.1 0.05912 0 -3.000 -1.0000 -3.000 -0.0001 0 NA
205.00 0.07317 205.1 0.06467 0 -3.000 -1.0000 -3.000 -0.0001 0 NA
210.00 0.07143 210.1 0.06998 0 -3.000 -1.0000 -3.000 -0.0001 0 NA
215.00 0.06977 201.5 0.06003 1 -3.000 -1.0000 -3.000 -0.0001 0 NA
0.00 0.10000 0.1 0.00000 0 -3.500 -1.0000 -3.500 -0.0002 0 NA
5.00 0.10000 5.1 0.00000 0 -3.500 -1.0000 -3.500 -0.0001 0 NA
10.00 0.10000 10.1 0.00000 0 -3.500 -1.0000 -3.500 -0.0002 0 NA
15.00 0.10000 15.1 0.00000 0 -3.500 -1.0000 -3.500 -0.0002 0 NA
20.00 0.10000 20.1 0.00000 0 -3.500 -1.0000 -3.500 -0.0002 0 NA
25.00 0.10000 25.1 0.00000 0 -3.500 -1.0000 -3.500 -0.0001 0 NA
30.00 0.10000 30.1 0.00000 0 -3.500 -1.0000 -3.500 -0.0002 0 NA
35.00 0.10000 35.1 0.00000 0 -3.500 -1.0000 -3.500 -0.0001 0 NA
40.00 0.10000 40.1 0.00000 0 -3.500 -1.0000 -3.500 -0.0002 0 NA
45.00 0.10000 45.1 0.00000 0 -3.500 -1.0000 -3.500 -0.0001 0 NA
50.00 0.10000 50.1 0.00000 0 -3.500 -1.0000 -3.500 -0.0001 0 NA
55.00 0.10000 55.1 0.00000 0 -3.500 -1.0000 -3.500 -0.0001 0 NA
60.00 0.10000 60.1 0.00000 0 -3.500 -1.0000 -3.500 -0.0001 0 NA
65.00 0.10000 65.1 0.00000 0 -3.500 -1.0000 -3.500 -0.0001 0 NA
70.00 0.10000 70.1 0.00000 0 -3.500 -1.0000 -3.500 -0.0001 0 NA
75.00 0.10000 75.1 0.00000 0 -3.500 -1.0000 -3.500 -0.0001 0 NA
80.00 0.10000 80.1 0.00000 0 -3.500 -1.0000 -3.500 -0.0001 0 NA
85.00 0.10000 85.1 0.00000 0 -3.500 -1.0000 -3.500 -0.0001 0 NA
90.00 0.10000 90.1 0.00000 0 -3.500 -1.0000 -3.500 -0.0002 0 NA
95.00 0.10000 95.1 0.00000 0 -3.500 -1.0000 -3.500 -0.0001 0 NA
100.00 0.10000 100.1 0.00005 0 -3.500 -1.0000 -3.500 -0.0001 0 NA
105.00 0.10000 105.1 0.00007 0 -3.500 -1.0000 -3.500 -0.0001 0 NA
110.00 0.10000 110.1 0.00011 0 -3.500 -1.0000 -3.500 -0.0002 0 NA
115.00 0.10000 115.1 0.00019 0 -3.500 -1.0000 -3.500 -0.0001 0 NA
120.00 0.10000 120.1 0.00033 0 -3.500 -1.0000 -3.500 -0.0001 0 NA
125.00 0.10000 125.1 0.00059 0 -3.500 -1.0000 -3.500 -0.0002 0 NA
130.00 0.10000 130.1 0.00101 0 -3.500 -1.0000 -3.500 -0.0001 0 NA
135.00 0.10000 135.1 0.00165 0 -3.500 -1.0000 -3.500 -0.0002 0 NA
140.00 0.10000 140.1 0.00256 0 -3.500 -1.0000 -3.500 -0.0002 0 NA
145.00 0.10000 145.1 0.00379 0 -3.500 -1.0000 -3.500 -0.0002 0 NA
150.00 0.10000 150.1 0.00537 0 -3.500 -1.0000 -3.500 -0.0002 0 NA
155.00 0.09677 155.1 0.00731 0 -3.500 -1.0000 -3.500 -0.0002 0 NA
160.00 0.09375 160.1 0.00966 0 -3.500 -1.0000 -3.500 -0.0001 0 NA
165.00 0.09091 165.1 0.01238 0 -3.500 -1.0000 -3.500 -0.0002 0 NA
170.00 0.08824 170.1 0.01548 0 -3.500 -1.0000 -3.500 -0.0001 0 NA
175.00 0.08571 175.1 0.01898 0 -3.500 -1.0000 -3.500 -0.0002 0 NA
180.00 0.08333 180.1 0.02280 0 -3.500 -1.0000 -3.500 -0.0001 0 NA
185.00 0.08108 185.1 0.02690 0 -3.500 -1.0000 -3.500 -0.0002 0 NA
190.00 0.07895 190.1 0.03129 0 -3.500 -1.0000 -3.500 -0.0002 0 NA
195.00 0.07692 195.1 0.03594 0 -3.500 -1.0000 -3.500 -0.0001 0 NA
200.00 0.07500 200.1 0.04069 0 -3.500 -1.0000 -3.500 -0.0001 0 NA
205.00 0.07317 205.1 0.04526 0 -3.500 -1.0000 -3.500 -0.0001 0 NA
210.00 0.07143 210.1 0.05046 0 -3.500 -1.0000 -3.500 -0.0002 0 NA
215.00 0.06977 215.1 0.05555 0 -3.500 -1.0000 -3.500 -0.0001 0 NA
220.00 0.06818 220.1 0.06122 0 -3.500 -1.0000 -3.500 -0.0002 0 NA
225.00 0.06667 219.6 0.06003 1 -3.500 -1.0000 -3.500 -0.0002 0 NA
0.00 0.10000 0.2 0.00000 0 -4.000 -1.0000 -4.000 -0.0001 0 NA
5.00 0.10000 5.1 0.00000 0 -4.000 -1.0000 -4.000 -0.0001 0 NA
10.00 0.10000 10.1 0.00000 0 -4.000 -1.0000 -4.000 -0.0001 0 NA
15.00 0.10000 15.1 0.00000 0 -4.000 -1.0000 -4.000 -0.0002 0 NA
20.00 0.10000 20.1 0.00000 0 -4.000 -1.0000 -4.000 -0.0002 0 NA
25.00 0.10000 25.1 0.00000 0 -4.000 -1.0000 -4.000 -0.0001 0 NA
30.00 0.10000 30.1 0.00000 0 -4.000 -1.0000 -4.000 -0.0001 0 NA
35.00 0.10000 35.1 0.00000 0 -4.000 -1.0000 -4.000 -0.0001 0 NA
40.00 0.10000 40.1 0.00000 0 -4.000 -1.0000 -4.000 -0.0002 0 NA
45.00 0.10000 45.1 0.00000 0 -4.000 -1.0000 -4.000 -0.0001 0 NA
50.00 0.10000 50.1 0.00000 0 -4.000 -1.0000 -4.000 -0.0002 0 NA
55.00 0.10000 55.1 0.00000 0 -4.000 -1.0000 -4.000 -0.0001 0 NA
60.00 0.10000 60.1 0.00000 0 -4.000 -1.0000 -4.000 -0.0001 0 NA
65.00 0.10000 65.1 0.00000 0 -4.000 -1.0000 -4.000 -0.0002 0 NA
70.00 0.10000 70.1 0.00000 0 -4.000 -1.0000 -4.000 -0.0001 0 NA
75.00 0.10000 75.1 0.00000 0 -4.000 -1.0000 -4.000 -0.0002 0 NA
80.00 0.10000 80.1 0.00000 0 -4.000 -1.0000 -4.000 -0.0001 0 NA
85.00 0.10000 85.1 0.00000 0 -4.000 -1.0000 -4.000 -0.0002 0 NA
90.00 0.10000 90.1 0.00000 0 -4.000 -1.0000 -4.000 -0.0002 0 NA
95.00 0.10000 95.1 0.00000 0 -4.000 -1.0000 -4.000 -0.0002 0 NA
100.00 0.10000 100.1 0.00000 0 -4.000 -1.0000 -4.000 -0.0002 0 NA
105.00 0.10000 105.1 0.00000 0 -4.000 -1.0000 -4.000 -0.0002 0 NA
110.00 0.10000 110.1 0.00000 0 -4.000 -1.0000 -4.000 -0.0001 0 NA
115.00 0.10000 115.1 0.00005 0 -4.000 -1.0000 -4.000 -0.0002 0 NA
120.00 0.10000 120.1 0.00007 0 -4.000 -1.0000 -4.000 -0.0002 0 NA
125.00 0.10000 125.1 0.00011 0 -4.000 -1.0000 -4.000 -0.0001 0 NA
130.00 0.10000 130.1 0.00019 0 -4.000 -1.0000 -4.000 -0.0001 0 NA
135.00 0.10000 135.1 0.00033 0 -4.000 -1.0000 -4.000 -0.0002 0 NA
140.00 0.10000 140.1 0.00056 0 -4.000 -1.0000 -4.000 -0.0001 0 NA
145.00 0.10000 145.1 0.00095 0 -4.000 -1.0000 -4.000 -0.0001 0 NA
150.00 0.10000 150.1 0.00154 0 -4.000 -1.0000 -4.000 -0.0001 0 NA
155.00 0.09677 155.1 0.00237 0 -4.000 -1.0000 -4.000 -0.0001 0 NA
160.00 0.09375 160.1 0.00348 0 -4.000 -1.0000 -4.000 -0.0001 0 NA
165.00 0.09091 165.1 0.00492 0 -4.000 -1.0000 -4.000 -0.0002 0 NA
170.00 0.08824 170.1 0.00671 0 -4.000 -1.0000 -4.000 -0.0002 0 NA
175.00 0.08571 175.1 0.00887 0 -4.000 -1.0000 -4.000 -0.0001 0 NA
180.00 0.08333 180.1 0.01137 0 -4.000 -1.0000 -4.000 -0.0002 0 NA
185.00 0.08108 185.1 0.01424 0 -4.000 -1.0000 -4.000 -0.0001 0 NA
190.00 0.07895 190.1 0.01751 0 -4.000 -1.0000 -4.000 -0.0001 0 NA
195.00 0.07692 195.1 0.02106 0 -4.000 -1.0000 -4.000 -0.0001 0 NA
200.00 0.07500 200.1 0.02491 0 -4.000 -1.0000 -4.000 -0.0001 0 NA
205.00 0.07317 205.1 0.02894 0 -4.000 -1.0000 -4.000 -0.0001 0 NA
210.00 0.07143 210.1 0.03336 0 -4.000 -1.0000 -4.000 -0.0002 0 NA
215.00 0.06977 215.1 0.03788 0 -4.000 -1.0000 -4.000 -0.0001 0 NA
220.00 0.06818 220.1 0.04276 0 -4.000 -1.0000 -4.000 -0.0001 0 NA
225.00 0.06667 225.1 0.04791 0 -4.000 -1.0000 -4.000 -0.0001 0 NA
230.00 0.06522 230.1 0.05302 0 -4.000 -1.0000 -4.000 -0.0001 0 NA
235.00 0.06383 235.1 0.05806 0 -4.000 -1.0000 -4.000 -0.0002 0 NA
240.00 0.06250 237.6 0.06003 1 -4.000 -1.0000 -4.000 -0.0001 0 NA
0.00 0.10000 0.1 0.00000 0 -4.500 -1.0000 -4.499 -0.0002 0 NA
5.00 0.10000 5.1 0.00000 0 -4.500 -1.0000 -4.500 -0.0002 0 NA
10.00 0.10000 10.1 0.00000 0 -4.500 -1.0000 -4.499 -0.0002 0 NA
15.00 0.10000 15.1 0.00000 0 -4.500 -1.0000 -4.499 -0.0001 0 NA
20.00 0.10000 20.1 0.00000 0 -4.500 -1.0000 -4.499 -0.0001 0 NA
25.00 0.10000 25.1 0.00000 0 -4.500 -1.0000 -4.500 -0.0001 0 NA
30.00 0.10000 30.1 0.00000 0 -4.500 -1.0000 -4.500 -0.0002 0 NA
35.00 0.10000 35.1 0.00000 0 -4.500 -1.0000 -4.499 -0.0001 0 NA
40.00 0.10000 40.1 0.00000 0 -4.500 -1.0000 -4.499 -0.0001 0 NA
45.00 0.10000 45.1 0.00000 0 -4.500 -1.0000 -4.500 -0.0001 0 NA
50.00 0.10000 50.1 0.00000 0 -4.500 -1.0000 -4.500 -0.0002 0 NA
55.00 0.10000 55.1 0.00000 0 -4.500 -1.0000 -4.499 -0.0002 0 NA
60.00 0.10000 60.1 0.00000 0 -4.500 -1.0000 -4.499 -0.0001 0 NA
65.00 0.10000 65.1 0.00000 0 -4.500 -1.0000 -4.500 -0.0001 0 NA
70.00 0.10000 70.1 0.00000 0 -4.500 -1.0000 -4.499 -0.0002 0 NA
75.00 0.10000 75.1 0.00000 0 -4.500 -1.0000 -4.500 -0.0002 0 NA
80.00 0.10000 80.1 0.00000 0 -4.500 -1.0000 -4.500 -0.0002 0 NA
85.00 0.10000 85.1 0.00000 0 -4.500 -1.0000 -4.500 -0.0001 0 NA
90.00 0.10000 90.1 0.00000 0 -4.500 -1.0000 -4.499 -0.0002 0 NA
95.00 0.10000 95.1 0.00000 0 -4.500 -1.0000 -4.499 -0.0002 0 NA
100.00 0.10000 100.1 0.00000 0 -4.500 -1.0000 -4.499 -0.0001 0 NA
105.00 0.10000 105.1 0.00000 0 -4.500 -1.0000 -4.500 -0.0001 0 NA
110.00 0.10000 110.1 0.00000 0 -4.500 -1.0000 -4.500 -0.0001 0 NA
115.00 0.10000 115.1 0.00000 0 -4.500 -1.0000 -4.499 -0.0001 0 NA
120.00 0.10000 120.1 0.00000 0 -4.500 -1.0000 -4.500 -0.0001 0 NA
125.00 0.10000 125.1 0.00000 0 -4.500 -1.0000 -4.499 -0.0002 0 NA
130.00 0.10000 130.1 0.00006 0 -4.500 -1.0000 -4.500 -0.0002 0 NA
135.00 0.10000 135.1 0.00007 0 -4.500 -1.0000 -4.499 -0.0002 0 NA
140.00 0.10000 140.1 0.00012 0 -4.500 -1.0000 -4.499 -0.0001 0 NA
145.00 0.10000 145.1 0.00019 0 -4.500 -1.0000 -4.499 -0.0002 0 NA
150.00 0.10000 150.1 0.00032 0 -4.500 -1.0000 -4.500 -0.0002 0 NA
155.00 0.09677 155.1 0.00055 0 -4.500 -1.0000 -4.499 -0.0001 0 NA
160.00 0.09375 160.1 0.00092 0 -4.500 -1.0000 -4.499 -0.0001 0 NA
165.00 0.09091 165.1 0.00146 0 -4.500 -1.0000 -4.499 -0.0001 0 NA
170.00 0.08824 170.1 0.00223 0 -4.500 -1.0000 -4.500 -0.0002 0 NA
175.00 0.08571 175.1 0.00326 0 -4.500 -1.0000 -4.500 -0.0001 0 NA
180.00 0.08333 180.1 0.00461 0 -4.500 -1.0000 -4.500 -0.0002 0 NA
185.00 0.08108 185.1 0.00626 0 -4.500 -1.0000 -4.500 -0.0001 0 NA
190.00 0.07895 190.1 0.00829 0 -4.500 -1.0000 -4.499 -0.0001 0 NA
195.00 0.07692 195.1 0.01062 0 -4.500 -1.0000 -4.500 -0.0001 0 NA
200.00 0.07500 200.1 0.01331 0 -4.500 -1.0000 -4.499 -0.0001 0 NA
205.00 0.07317 205.1 0.01639 0 -4.500 -1.0000 -4.500 -0.0002 0 NA
210.00 0.07143 210.1 0.01972 0 -4.500 -1.0000 -4.500 -0.0001 0 NA
215.00 0.06977 215.1 0.02335 0 -4.500 -1.0000 -4.499 -0.0001 0 NA
220.00 0.06818 220.1 0.02725 0 -4.500 -1.0000 -4.500 -0.0001 0 NA
225.00 0.06667 225.1 0.03151 0 -4.500 -1.0000 -4.500 -0.0002 0 NA
230.00 0.06522 230.1 0.03611 0 -4.500 -1.0000 -4.500 -0.0002 0 NA
235.00 0.06383 235.1 0.04061 0 -4.500 -1.0000 -4.499 -0.0001 0 NA
240.00 0.06250 240.1 0.04542 0 -4.500 -1.0000 -4.500 -0.0001 0 NA
245.00 0.06122 245.1 0.05016 0 -4.500 -1.0000 -4.500 -0.0002 0 NA
250.00 0.06000 250.1 0.05500 0 -4.500 -1.0000 -4.500 -0.0001 0 NA
255.00 0.05882 255.1 0.05989 1 -4.500 -1.0000 -4.500 -0.0001 0 NA
0.00 0.10000 0.1 0.00000 0 -5.000 -1.0000 -5.000 -0.0001 0 NA
5.00 0.10000 5.1 0.00000 0 -5.000 -1.0000 -4.999 -0.0002 0 NA
10.00 0.10000 10.1 0.00000 0 -5.000 -1.0000 -4.999 -0.0001 0 NA
15.00 0.10000 15.1 0.00000 0 -5.000 -1.0000 -4.999 -0.0001 0 NA
20.00 0.10000 20.1 0.00000 0 -5.000 -1.0000 -5.000 -0.0002 0 NA
25.00 0.10000 25.1 0.00000 0 -5.000 -1.0000 -5.000 -0.0002 0 NA
30.00 0.10000 30.1 0.00000 0 -5.000 -1.0000 -4.999 -0.0002 0 NA
35.00 0.10000 35.1 0.00000 0 -5.000 -1.0000 -5.000 -0.0001 0 NA
40.00 0.10000 40.1 0.00000 0 -5.000 -1.0000 -4.999 -0.0002 0 NA
45.00 0.10000 45.1 0.00000 0 -5.000 -1.0000 -5.000 -0.0002 0 NA
50.00 0.10000 50.1 0.00000 0 -5.000 -1.0000 -4.999 -0.0002 0 NA
55.00 0.10000 55.1 0.00000 0 -5.000 -1.0000 -4.999 -0.0001 0 NA
60.00 0.10000 60.1 0.00000 0 -5.000 -1.0000 -4.999 -0.0001 0 NA
65.00 0.10000 65.1 0.00000 0 -5.000 -1.0000 -5.000 -0.0002 0 NA
70.00 0.10000 70.1 0.00000 0 -5.000 -1.0000 -4.999 -0.0001 0 NA
75.00 0.10000 75.1 0.00000 0 -5.000 -1.0000 -4.999 -0.0001 0 NA
80.00 0.10000 80.1 0.00000 0 -5.000 -1.0000 -5.000 -0.0002 0 NA
85.00 0.10000 85.1 0.00000 0 -5.000 -1.0000 -4.999 -0.0001 0 NA
90.00 0.10000 90.1 0.00000 0 -5.000 -1.0000 -4.999 -0.0001 0 NA
95.00 0.10000 95.1 0.00000 0 -5.000 -1.0000 -4.999 -0.0001 0 NA
100.00 0.10000 100.1 0.00000 0 -5.000 -1.0000 -5.000 -0.0002 0 NA
105.00 0.10000 105.1 0.00000 0 -5.000 -1.0000 -4.999 -0.0001 0 NA
110.00 0.10000 110.1 0.00000 0 -5.000 -1.0000 -5.000 -0.0001 0 NA
115.00 0.10000 115.1 0.00000 0 -5.000 -1.0000 -4.999 -0.0001 0 NA
120.00 0.10000 120.1 0.00000 0 -5.000 -1.0000 -5.000 -0.0001 0 NA
125.00 0.10000 125.1 0.00000 0 -5.000 -1.0000 -4.999 -0.0002 0 NA
130.00 0.10000 130.1 0.00000 0 -5.000 -1.0000 -5.000 -0.0001 0 NA
135.00 0.10000 135.1 0.00000 0 -5.000 -1.0000 -5.000 -0.0001 0 NA
140.00 0.10000 140.1 0.00005 0 -5.000 -1.0000 -5.000 -0.0002 0 NA
145.00 0.10000 145.1 0.00006 0 -5.000 -1.0000 -5.000 -0.0002 0 NA
150.00 0.10000 150.1 0.00007 0 -5.000 -1.0000 -5.000 -0.0001 0 NA
155.00 0.09677 155.1 0.00012 0 -5.000 -1.0000 -5.000 -0.0001 0 NA
160.00 0.09375 160.1 0.00020 0 -5.000 -1.0000 -5.000 -0.0001 0 NA
165.00 0.09091 165.1 0.00033 0 -5.000 -1.0000 -4.999 -0.0001 0 NA
170.00 0.08824 170.1 0.00055 0 -5.000 -1.0000 -4.999 -0.0002 0 NA
175.00 0.08571 175.1 0.00089 0 -5.000 -1.0000 -4.999 -0.0001 0 NA
180.00 0.08333 180.1 0.00141 0 -5.000 -1.0000 -4.999 -0.0002 0 NA
185.00 0.08108 185.1 0.00213 0 -5.000 -1.0000 -5.000 -0.0002 0 NA
190.00 0.07895 190.1 0.00311 0 -5.000 -1.0000 -4.999 -0.0001 0 NA
195.00 0.07692 195.1 0.00435 0 -5.000 -1.0000 -4.999 -0.0001 0 NA
200.00 0.07500 200.1 0.00591 0 -5.000 -1.0000 -5.000 -0.0001 0 NA
205.00 0.07317 205.1 0.00780 0 -5.000 -1.0000 -4.999 -0.0001 0 NA
210.00 0.07143 210.1 0.00999 0 -5.000 -1.0000 -5.000 -0.0002 0 NA
215.00 0.06977 215.1 0.01251 0 -5.000 -1.0000 -5.000 -0.0001 0 NA
220.00 0.06818 220.1 0.01540 0 -5.000 -1.0000 -4.999 -0.0001 0 NA
225.00 0.06667 225.1 0.01855 0 -5.000 -1.0000 -5.000 -0.0002 0 NA
230.00 0.06522 230.1 0.02199 0 -5.000 -1.0000 -4.999 -0.0001 0 NA
235.00 0.06383 235.1 0.02578 0 -5.000 -1.0000 -4.999 -0.0001 0 NA
240.00 0.06250 240.1 0.02972 0 -5.000 -1.0000 -5.000 -0.0002 0 NA
245.00 0.06122 245.1 0.03385 0 -5.000 -1.0000 -4.999 -0.0002 0 NA
250.00 0.06000 250.1 0.03816 0 -5.000 -1.0000 -5.000 -0.0002 0 NA
255.00 0.05882 255.1 0.04274 0 -5.000 -1.0000 -5.000 -0.0002 0 NA
260.00 0.05769 260.1 0.04730 0 -5.000 -1.0000 -4.999 -0.0001 0 NA
265.00 0.05660 265.1 0.05192 0 -5.000 -1.0000 -4.999 -0.0002 0 NA
270.00 0.05556 270.1 0.05687 1 -5.000 -1.0000 -4.999 -0.0002 0 NA
0.00 0.10000 0.1 0.00000 0 -5.500 -0.9091 -5.500 -0.0001 0 NA
5.00 0.10000 5.1 0.00000 0 -5.500 -0.9091 -5.500 -0.0001 0 NA
10.00 0.10000 10.1 0.00000 0 -5.500 -0.9091 -5.500 -0.0001 0 NA
15.00 0.10000 15.1 0.00000 0 -5.500 -0.9091 -5.500 -0.0002 0 NA
20.00 0.10000 20.1 0.00000 0 -5.500 -0.9091 -5.500 -0.0001 0 NA
25.00 0.10000 25.1 0.00000 0 -5.500 -0.9091 -5.500 -0.0001 0 NA
30.00 0.10000 30.1 0.00000 0 -5.500 -0.9091 -5.500 -0.0002 0 NA
35.00 0.10000 35.1 0.00000 0 -5.500 -0.9091 -5.500 -0.0001 0 NA
40.00 0.10000 40.1 0.00000 0 -5.500 -0.9091 -5.500 -0.0001 0 NA
45.00 0.10000 45.1 0.00000 0 -5.500 -0.9091 -5.500 -0.0001 0 NA
50.00 0.10000 50.1 0.00000 0 -5.500 -0.9091 -5.500 -0.0001 0 NA
55.00 0.10000 55.1 0.00000 0 -5.500 -0.9091 -5.500 -0.0001 0 NA
60.00 0.10000 60.1 0.00000 0 -5.500 -0.9091 -5.500 -0.0001 0 NA
65.00 0.10000 65.1 0.00000 0 -5.500 -0.9091 -5.500 -0.0002 0 NA
70.00 0.10000 70.1 0.00000 0 -5.500 -0.9091 -5.500 -0.0001 0 NA
75.00 0.10000 75.1 0.00000 0 -5.500 -0.9091 -5.500 -0.0002 0 NA
80.00 0.10000 80.1 0.00000 0 -5.500 -0.9091 -5.500 -0.0001 0 NA
85.00 0.10000 85.1 0.00000 0 -5.500 -0.9091 -5.500 -0.0001 0 NA
90.00 0.10000 90.1 0.00000 0 -5.500 -0.9091 -5.500 -0.0001 0 NA
95.00 0.10000 95.1 0.00000 0 -5.500 -0.9091 -5.500 -0.0001 0 NA
100.00 0.10000 100.1 0.00000 0 -5.500 -0.9091 -5.500 -0.0001 0 NA
105.00 0.10000 105.1 0.00000 0 -5.500 -0.9091 -5.500 -0.0001 0 NA
110.00 0.10000 110.1 0.00000 0 -5.500 -0.9091 -5.500 -0.0001 0 NA
115.00 0.10000 115.1 0.00000 0 -5.500 -0.9091 -5.500 -0.0001 0 NA
120.00 0.10000 120.1 0.00000 0 -5.500 -0.9091 -5.500 -0.0001 0 NA
125.00 0.10000 125.1 0.00000 0 -5.500 -0.9091 -5.500 -0.0001 0 NA
130.00 0.10000 130.1 0.00000 0 -5.500 -0.9091 -5.500 -0.0001 0 NA
135.00 0.10000 135.1 0.00000 0 -5.500 -0.9091 -5.500 -0.0001 0 NA
140.00 0.10000 140.1 0.00000 0 -5.500 -0.9091 -5.500 -0.0001 0 NA
145.00 0.10000 145.1 0.00000 0 -5.500 -0.9091 -5.500 -0.0001 0 NA
150.00 0.10000 150.1 0.00000 0 -5.500 -0.9091 -5.500 -0.0001 0 NA
155.00 0.09677 155.1 0.00005 0 -5.500 -0.9091 -5.500 -0.0001 0 NA
160.00 0.09375 160.1 0.00006 0 -5.500 -0.9091 -5.500 -0.0001 0 NA
165.00 0.09091 165.1 0.00007 0 -5.500 -0.9091 -5.500 -0.0001 0 NA
170.00 0.08824 170.1 0.00012 0 -5.500 -0.9091 -5.500 -0.0001 0 NA
175.00 0.08571 175.1 0.00020 0 -5.500 -0.9091 -5.500 -0.0001 0 NA
180.00 0.08333 180.1 0.00033 0 -5.500 -0.9091 -5.500 -0.0001 0 NA
185.00 0.08108 185.1 0.00053 0 -5.500 -0.9091 -5.500 -0.0001 0 NA
190.00 0.07895 190.1 0.00086 0 -5.500 -0.9091 -5.500 -0.0001 0 NA
195.00 0.07692 195.1 0.00134 0 -5.500 -0.9091 -5.500 -0.0001 0 NA
200.00 0.07500 200.1 0.00201 0 -5.500 -0.9091 -5.500 -0.0001 0 NA
205.00 0.07317 205.1 0.00291 0 -5.500 -0.9091 -5.500 -0.0001 0 NA
210.00 0.07143 210.1 0.00407 0 -5.500 -0.9091 -5.500 -0.0002 0 NA
215.00 0.06977 215.1 0.00551 0 -5.500 -0.9091 -5.500 -0.0001 0 NA
220.00 0.06818 220.1 0.00727 0 -5.500 -0.9091 -5.500 -0.0001 0 NA
225.00 0.06667 225.1 0.00931 0 -5.500 -0.9091 -5.500 -0.0001 0 NA
230.00 0.06522 230.1 0.01167 0 -5.500 -0.9091 -5.500 -0.0001 0 NA
235.00 0.06383 235.1 0.01438 0 -5.500 -0.9091 -5.500 -0.0001 0 NA
240.00 0.06250 240.1 0.01734 0 -5.500 -0.9091 -5.500 -0.0001 0 NA
245.00 0.06122 245.1 0.02057 0 -5.500 -0.9091 -5.500 -0.0001 0 NA
250.00 0.06000 250.1 0.02393 0 -5.500 -0.9091 -5.500 -0.0001 0 NA
255.00 0.05882 255.1 0.02775 0 -5.500 -0.9091 -5.500 -0.0001 0 NA
260.00 0.05769 260.1 0.03170 0 -5.500 -0.9091 -5.500 -0.0001 0 NA
265.00 0.05660 265.1 0.03577 0 -5.500 -0.9091 -5.500 -0.0001 0 NA
270.00 0.05556 270.1 0.04003 0 -5.500 -0.9091 -5.500 -0.0002 0 NA
275.00 0.05455 275.1 0.04457 0 -5.500 -0.9091 -5.500 -0.0001 0 NA
280.00 0.05357 280.1 0.04903 0 -5.500 -0.9091 -5.500 -0.0001 0 NA
285.00 0.05263 285.1 0.05360 1 -5.500 -0.9091 -5.500 -0.0002 0 NA
0.00 0.10000 0.1 0.00000 0 -6.000 -0.8333 -6.000 -0.0001 0 NA
5.00 0.10000 5.1 0.00000 0 -6.000 -0.8333 -6.000 -0.0001 0 NA
10.00 0.10000 10.1 0.00000 0 -6.000 -0.8333 -6.000 -0.0001 0 NA
15.00 0.10000 15.1 0.00000 0 -6.000 -0.8333 -6.000 -0.0002 0 NA
20.00 0.10000 20.1 0.00000 0 -6.000 -0.8333 -6.000 -0.0002 0 NA
25.00 0.10000 25.1 0.00000 0 -6.000 -0.8333 -6.000 -0.0002 0 NA
30.00 0.10000 30.1 0.00000 0 -6.000 -0.8333 -6.000 -0.0002 0 NA
35.00 0.10000 35.1 0.00000 0 -6.000 -0.8333 -6.000 -0.0001 0 NA
40.00 0.10000 40.1 0.00000 0 -6.000 -0.8333 -6.000 -0.0001 0 NA
45.00 0.10000 45.1 0.00000 0 -6.000 -0.8333 -6.000 -0.0002 0 NA
50.00 0.10000 50.1 0.00000 0 -6.000 -0.8333 -6.000 -0.0001 0 NA
55.00 0.10000 55.1 0.00000 0 -6.000 -0.8333 -6.000 -0.0002 0 NA
60.00 0.10000 60.1 0.00000 0 -6.000 -0.8333 -6.000 -0.0001 0 NA
65.00 0.10000 65.1 0.00000 0 -6.000 -0.8333 -6.000 -0.0001 0 NA
70.00 0.10000 70.1 0.00000 0 -6.000 -0.8333 -6.000 -0.0002 0 NA
75.00 0.10000 75.1 0.00000 0 -6.000 -0.8333 -6.000 -0.0001 0 NA
80.00 0.10000 80.1 0.00000 0 -6.000 -0.8333 -6.000 -0.0001 0 NA
85.00 0.10000 85.1 0.00000 0 -6.000 -0.8333 -6.000 -0.0001 0 NA
90.00 0.10000 90.1 0.00000 0 -6.000 -0.8333 -6.000 -0.0001 0 NA
95.00 0.10000 95.1 0.00000 0 -6.000 -0.8333 -6.000 -0.0001 0 NA
100.00 0.10000 100.1 0.00000 0 -6.000 -0.8333 -6.000 -0.0001 0 NA
105.00 0.10000 105.1 0.00000 0 -6.000 -0.8333 -6.000 -0.0002 0 NA
110.00 0.10000 110.1 0.00000 0 -6.000 -0.8333 -6.000 -0.0001 0 NA
115.00 0.10000 115.1 0.00000 0 -6.000 -0.8333 -6.000 -0.0002 0 NA
120.00 0.10000 120.1 0.00000 0 -6.000 -0.8333 -6.000 -0.0001 0 NA
125.00 0.10000 125.1 0.00000 0 -6.000 -0.8333 -6.000 -0.0001 0 NA
130.00 0.10000 130.1 0.00000 0 -6.000 -0.8333 -6.000 -0.0002 0 NA
135.00 0.10000 135.1 0.00000 0 -6.000 -0.8333 -6.000 -0.0001 0 NA
140.00 0.10000 140.1 0.00000 0 -6.000 -0.8333 -6.000 -0.0001 0 NA
145.00 0.10000 145.1 0.00000 0 -6.000 -0.8333 -6.000 -0.0001 0 NA
150.00 0.10000 150.1 0.00000 0 -6.000 -0.8333 -6.000 -0.0001 0 NA
155.00 0.09677 155.1 0.00000 0 -6.000 -0.8333 -6.000 -0.0002 0 NA
160.00 0.09375 160.1 0.00000 0 -6.000 -0.8333 -6.000 -0.0001 0 NA
165.00 0.09091 165.1 0.00000 0 -6.000 -0.8333 -6.000 -0.0002 0 NA
170.00 0.08824 170.1 0.00005 0 -6.000 -0.8333 -6.000 -0.0002 0 NA
175.00 0.08571 175.1 0.00006 0 -6.000 -0.8333 -6.000 -0.0001 0 NA
180.00 0.08333 180.1 0.00008 0 -6.000 -0.8333 -6.000 -0.0002 0 NA
185.00 0.08108 185.1 0.00013 0 -6.000 -0.8333 -6.000 -0.0002 0 NA
190.00 0.07895 190.1 0.00020 0 -6.000 -0.8333 -6.000 -0.0002 0 NA
195.00 0.07692 195.1 0.00032 0 -6.000 -0.8333 -6.000 -0.0001 0 NA
200.00 0.07500 200.1 0.00052 0 -6.000 -0.8333 -6.000 -0.0001 0 NA
205.00 0.07317 205.1 0.00084 0 -6.000 -0.8333 -6.000 -0.0002 0 NA
210.00 0.07143 210.1 0.00128 0 -6.000 -0.8333 -6.000 -0.0001 0 NA
215.00 0.06977 215.1 0.00191 0 -6.000 -0.8333 -6.000 -0.0001 0 NA
220.00 0.06818 220.1 0.00276 0 -6.000 -0.8333 -6.000 -0.0001 0 NA
225.00 0.06667 225.1 0.00383 0 -6.000 -0.8333 -6.000 -0.0001 0 NA
230.00 0.06522 230.1 0.00518 0 -6.000 -0.8333 -6.000 -0.0001 0 NA
235.00 0.06383 235.1 0.00681 0 -6.000 -0.8333 -6.000 -0.0001 0 NA
240.00 0.06250 240.1 0.00872 0 -6.000 -0.8333 -6.000 -0.0002 0 NA
245.00 0.06122 245.1 0.01089 0 -6.000 -0.8333 -6.000 -0.0002 0 NA
250.00 0.06000 250.1 0.01339 0 -6.000 -0.8333 -6.000 -0.0002 0 NA
255.00 0.05882 255.1 0.01615 0 -6.000 -0.8333 -6.000 -0.0001 0 NA
260.00 0.05769 260.1 0.01918 0 -6.000 -0.8333 -6.000 -0.0002 0 NA
265.00 0.05660 265.1 0.02255 0 -6.000 -0.8333 -6.000 -0.0001 0 NA
270.00 0.05556 270.1 0.02607 0 -6.000 -0.8333 -6.000 -0.0001 0 NA
275.00 0.05455 275.1 0.02978 0 -6.000 -0.8333 -6.000 -0.0001 0 NA
280.00 0.05357 280.1 0.03385 0 -6.000 -0.8333 -6.000 -0.0001 0 NA
285.00 0.05263 285.1 0.03788 0 -6.000 -0.8333 -6.000 -0.0001 0 NA
290.00 0.05172 290.1 0.04204 0 -6.000 -0.8333 -6.000 -0.0002 0 NA
295.00 0.05085 295.1 0.04665 0 -6.000 -0.8333 -6.000 -0.0001 0 NA
300.00 0.05000 288.2 0.04002 1 -6.000 -0.8333 -6.000 -0.0001 0 NA
0.00 0.10000 0.1 0.00000 0 -6.500 -0.7692 -6.500 -0.0001 0 NA
5.00 0.10000 5.1 0.00000 0 -6.500 -0.7692 -6.500 -0.0001 0 NA
10.00 0.10000 10.1 0.00000 0 -6.500 -0.7692 -6.500 -0.0002 0 NA
15.00 0.10000 15.1 0.00000 0 -6.500 -0.7692 -6.500 -0.0001 0 NA
20.00 0.10000 20.1 0.00000 0 -6.500 -0.7692 -6.500 -0.0001 0 NA
25.00 0.10000 25.1 0.00000 0 -6.500 -0.7692 -6.500 -0.0001 0 NA
30.00 0.10000 30.1 0.00000 0 -6.500 -0.7692 -6.500 -0.0002 0 NA
35.00 0.10000 35.1 0.00000 0 -6.500 -0.7692 -6.500 -0.0002 0 NA
40.00 0.10000 40.1 0.00000 0 -6.500 -0.7692 -6.500 -0.0002 0 NA
45.00 0.10000 45.1 0.00000 0 -6.500 -0.7692 -6.500 -0.0001 0 NA
50.00 0.10000 50.1 0.00000 0 -6.500 -0.7692 -6.500 -0.0002 0 NA
55.00 0.10000 55.1 0.00000 0 -6.500 -0.7692 -6.500 -0.0001 0 NA
60.00 0.10000 60.1 0.00000 0 -6.500 -0.7692 -6.500 -0.0001 0 NA
65.00 0.10000 65.1 0.00000 0 -6.500 -0.7692 -6.500 -0.0002 0 NA
70.00 0.10000 70.1 0.00000 0 -6.500 -0.7692 -6.500 -0.0001 0 NA
75.00 0.10000 75.1 0.00000 0 -6.500 -0.7692 -6.500 -0.0001 0 NA
80.00 0.10000 80.1 0.00000 0 -6.500 -0.7692 -6.500 -0.0001 0 NA
85.00 0.10000 85.1 0.00000 0 -6.500 -0.7692 -6.500 -0.0001 0 NA
90.00 0.10000 90.1 0.00000 0 -6.500 -0.7692 -6.500 -0.0001 0 NA
95.00 0.10000 95.1 0.00000 0 -6.500 -0.7692 -6.500 -0.0001 0 NA
100.00 0.10000 100.1 0.00000 0 -6.500 -0.7692 -6.500 -0.0002 0 NA
105.00 0.10000 105.1 0.00000 0 -6.500 -0.7692 -6.500 -0.0002 0 NA
110.00 0.10000 110.1 0.00000 0 -6.500 -0.7692 -6.500 -0.0001 0 NA
115.00 0.10000 115.1 0.00000 0 -6.500 -0.7692 -6.500 -0.0001 0 NA
120.00 0.10000 120.1 0.00000 0 -6.500 -0.7692 -6.500 -0.0001 0 NA
125.00 0.10000 125.1 0.00000 0 -6.500 -0.7692 -6.500 -0.0002 0 NA
130.00 0.10000 130.1 0.00000 0 -6.500 -0.7692 -6.500 -0.0001 0 NA
135.00 0.10000 135.1 0.00000 0 -6.500 -0.7692 -6.500 -0.0001 0 NA
140.00 0.10000 140.1 0.00000 0 -6.500 -0.7692 -6.500 -0.0001 0 NA
145.00 0.10000 145.1 0.00000 0 -6.500 -0.7692 -6.500 -0.0001 0 NA
150.00 0.10000 150.1 0.00000 0 -6.500 -0.7692 -6.500 -0.0001 0 NA
155.00 0.09677 155.1 0.00000 0 -6.500 -0.7692 -6.500 -0.0002 0 NA
160.00 0.09375 160.1 0.00000 0 -6.500 -0.7692 -6.500 -0.0001 0 NA
165.00 0.09091 165.1 0.00000 0 -6.500 -0.7692 -6.500 -0.0001 0 NA
170.00 0.08824 170.1 0.00000 0 -6.500 -0.7692 -6.500 -0.0001 0 NA
175.00 0.08571 175.1 0.00000 0 -6.500 -0.7692 -6.500 -0.0001 0 NA
180.00 0.08333 180.1 0.00000 0 -6.500 -0.7692 -6.500 -0.0001 0 NA
185.00 0.08108 185.1 0.00005 0 -6.500 -0.7692 -6.500 -0.0001 0 NA
190.00 0.07895 190.1 0.00007 0 -6.500 -0.7692 -6.500 -0.0001 0 NA
195.00 0.07692 195.1 0.00008 0 -6.500 -0.7692 -6.500 -0.0001 0 NA
200.00 0.07500 200.1 0.00013 0 -6.500 -0.7692 -6.500 -0.0001 0 NA
205.00 0.07317 205.1 0.00020 0 -6.500 -0.7692 -6.500 -0.0001 0 NA
210.00 0.07143 210.1 0.00033 0 -6.500 -0.7692 -6.500 -0.0001 0 NA
215.00 0.06977 215.1 0.00052 0 -6.500 -0.7692 -6.500 -0.0002 0 NA
220.00 0.06818 220.1 0.00082 0 -6.500 -0.7692 -6.500 -0.0001 0 NA
225.00 0.06667 225.1 0.00126 0 -6.500 -0.7692 -6.500 -0.0001 0 NA
230.00 0.06522 230.1 0.00185 0 -6.500 -0.7692 -6.500 -0.0001 0 NA
235.00 0.06383 235.1 0.00265 0 -6.500 -0.7692 -6.500 -0.0001 0 NA
240.00 0.06250 240.1 0.00368 0 -6.500 -0.7692 -6.500 -0.0002 0 NA
245.00 0.06122 245.1 0.00494 0 -6.500 -0.7692 -6.500 -0.0001 0 NA
250.00 0.06000 250.1 0.00647 0 -6.500 -0.7692 -6.500 -0.0001 0 NA
255.00 0.05882 255.1 0.00830 0 -6.500 -0.7692 -6.500 -0.0001 0 NA
260.00 0.05769 260.1 0.01039 0 -6.500 -0.7692 -6.500 -0.0001 0 NA
265.00 0.05660 265.1 0.01274 0 -6.500 -0.7692 -6.500 -0.0002 0 NA
270.00 0.05556 270.1 0.01543 0 -6.500 -0.7692 -6.500 -0.0001 0 NA
275.00 0.05455 275.1 0.01831 0 -6.500 -0.7692 -6.500 -0.0001 0 NA
280.00 0.05357 280.1 0.02145 0 -6.500 -0.7692 -6.500 -0.0001 0 NA
285.00 0.05263 285.1 0.02478 0 -6.500 -0.7692 -6.500 -0.0001 0 NA
290.00 0.05172 290.1 0.02846 0 -6.500 -0.7692 -6.500 -0.0001 0 NA
295.00 0.05085 295.1 0.03219 0 -6.500 -0.7692 -6.500 -0.0001 0 NA
300.00 0.05000 300.1 0.03606 0 -6.500 -0.7692 -6.500 -0.0002 0 NA
305.00 0.04918 305.1 0.04066 0 -6.500 -0.7692 -6.500 -0.0002 0 NA
310.00 0.04839 305.4 0.04002 1 -6.500 -0.7692 -6.500 -0.0001 0 NA
0.00 0.10000 0.1 0.00000 0 -7.000 -0.7143 -7.000 -0.0002 0 NA
5.00 0.10000 5.1 0.00000 0 -7.000 -0.7143 -7.000 -0.0001 0 NA
10.00 0.10000 10.1 0.00000 0 -7.000 -0.7143 -6.999 -0.0001 0 NA
15.00 0.10000 15.1 0.00000 0 -7.000 -0.7143 -7.000 -0.0002 0 NA
20.00 0.10000 20.1 0.00000 0 -7.000 -0.7143 -7.000 -0.0001 0 NA
25.00 0.10000 25.1 0.00000 0 -7.000 -0.7143 -7.000 -0.0001 0 NA
30.00 0.10000 30.1 0.00000 0 -7.000 -0.7143 -7.000 -0.0001 0 NA
35.00 0.10000 35.1 0.00000 0 -7.000 -0.7143 -7.000 -0.0001 0 NA
40.00 0.10000 40.1 0.00000 0 -7.000 -0.7143 -7.000 -0.0001 0 NA
45.00 0.10000 45.1 0.00000 0 -7.000 -0.7143 -7.000 -0.0001 0 NA
50.00 0.10000 50.1 0.00000 0 -7.000 -0.7143 -7.000 -0.0001 0 NA
55.00 0.10000 55.1 0.00000 0 -7.000 -0.7143 -7.000 -0.0001 0 NA
60.00 0.10000 60.1 0.00000 0 -7.000 -0.7143 -6.999 -0.0001 0 NA
65.00 0.10000 65.1 0.00000 0 -7.000 -0.7143 -7.000 -0.0001 0 NA
70.00 0.10000 70.1 0.00000 0 -7.000 -0.7143 -7.000 -0.0002 0 NA
75.00 0.10000 75.1 0.00000 0 -7.000 -0.7143 -7.000 -0.0001 0 NA
80.00 0.10000 80.1 0.00000 0 -7.000 -0.7143 -7.000 -0.0001 0 NA
85.00 0.10000 85.1 0.00000 0 -7.000 -0.7143 -7.000 -0.0002 0 NA
90.00 0.10000 90.1 0.00000 0 -7.000 -0.7143 -7.000 -0.0001 0 NA
95.00 0.10000 95.1 0.00000 0 -7.000 -0.7143 -7.000 -0.0002 0 NA
100.00 0.10000 100.1 0.00000 0 -7.000 -0.7143 -7.000 -0.0002 0 NA
105.00 0.10000 105.1 0.00000 0 -7.000 -0.7143 -7.000 -0.0001 0 NA
110.00 0.10000 110.1 0.00000 0 -7.000 -0.7143 -7.000 -0.0001 0 NA
115.00 0.10000 115.1 0.00000 0 -7.000 -0.7143 -7.000 -0.0002 0 NA
120.00 0.10000 120.1 0.00000 0 -7.000 -0.7143 -7.000 -0.0002 0 NA
125.00 0.10000 125.1 0.00000 0 -7.000 -0.7143 -7.000 -0.0001 0 NA
130.00 0.10000 130.1 0.00000 0 -7.000 -0.7143 -7.000 -0.0001 0 NA
135.00 0.10000 135.1 0.00000 0 -7.000 -0.7143 -7.000 -0.0001 0 NA
140.00 0.10000 140.1 0.00000 0 -7.000 -0.7143 -7.000 -0.0002 0 NA
145.00 0.10000 145.1 0.00000 0 -7.000 -0.7143 -6.999 -0.0001 0 NA
150.00 0.10000 150.1 0.00000 0 -7.000 -0.7143 -7.000 -0.0001 0 NA
155.00 0.09677 155.1 0.00000 0 -7.000 -0.7143 -7.000 -0.0001 0 NA
160.00 0.09375 160.1 0.00000 0 -7.000 -0.7143 -6.999 -0.0001 0 NA
165.00 0.09091 165.1 0.00000 0 -7.000 -0.7143 -7.000 -0.0001 0 NA
170.00 0.08824 170.1 0.00000 0 -7.000 -0.7143 -7.000 -0.0001 0 NA
175.00 0.08571 175.1 0.00000 0 -7.000 -0.7143 -7.000 -0.0002 0 NA
180.00 0.08333 180.1 0.00000 0 -7.000 -0.7143 -7.000 -0.0001 0 NA
185.00 0.08108 185.1 0.00000 0 -7.000 -0.7143 -6.999 -0.0001 0 NA
190.00 0.07895 190.1 0.00000 0 -7.000 -0.7143 -7.000 -0.0001 0 NA
195.00 0.07692 195.1 0.00000 0 -7.000 -0.7143 -7.000 -0.0001 0 NA
200.00 0.07500 200.1 0.00005 0 -7.000 -0.7143 -6.999 -0.0001 0 NA
205.00 0.07317 205.1 0.00007 0 -7.000 -0.7143 -7.000 -0.0002 0 NA
210.00 0.07143 210.1 0.00009 0 -7.000 -0.7143 -7.000 -0.0001 0 NA
215.00 0.06977 215.1 0.00014 0 -7.000 -0.7143 -7.000 -0.0002 0 NA
220.00 0.06818 220.1 0.00021 0 -7.000 -0.7143 -7.000 -0.0002 0 NA
225.00 0.06667 225.1 0.00035 0 -7.000 -0.7143 -7.000 -0.0001 0 NA
230.00 0.06522 230.1 0.00054 0 -7.000 -0.7143 -7.000 -0.0001 0 NA
235.00 0.06383 235.1 0.00084 0 -7.000 -0.7143 -7.000 -0.0001 0 NA
240.00 0.06250 240.1 0.00126 0 -7.000 -0.7143 -7.000 -0.0001 0 NA
245.00 0.06122 245.1 0.00184 0 -7.000 -0.7143 -7.000 -0.0001 0 NA
250.00 0.06000 250.1 0.00260 0 -7.000 -0.7143 -7.000 -0.0001 0 NA
255.00 0.05882 255.1 0.00358 0 -7.000 -0.7143 -7.000 -0.0002 0 NA
260.00 0.05769 260.1 0.00479 0 -7.000 -0.7143 -7.000 -0.0002 0 NA
265.00 0.05660 265.1 0.00624 0 -7.000 -0.7143 -7.000 -0.0001 0 NA
270.00 0.05556 270.1 0.00798 0 -7.000 -0.7143 -7.000 -0.0001 0 NA
275.00 0.05455 275.1 0.00996 0 -7.000 -0.7143 -7.000 -0.0002 0 NA
280.00 0.05357 280.1 0.01221 0 -7.000 -0.7143 -7.000 -0.0002 0 NA
285.00 0.05263 285.1 0.01464 0 -7.000 -0.7143 -7.000 -0.0001 0 NA
290.00 0.05172 290.1 0.01746 0 -7.000 -0.7143 -7.000 -0.0001 0 NA
295.00 0.05085 295.1 0.02043 0 -7.000 -0.7143 -7.000 -0.0002 0 NA
300.00 0.05000 300.1 0.02362 0 -7.000 -0.7143 -7.000 -0.0002 0 NA
305.00 0.04918 305.1 0.02715 0 -7.000 -0.7143 -7.000 -0.0002 0 NA
310.00 0.04839 310.1 0.03073 0 -7.000 -0.7143 -7.000 -0.0001 0 NA
315.00 0.04762 315.1 0.03444 0 -7.000 -0.7143 -7.000 -0.0001 0 NA
320.00 0.04688 320.1 0.03828 0 -7.000 -0.7143 -7.000 -0.0001 0 NA
325.00 0.04615 324.9 0.04216 1 -7.000 -0.7143 -7.000 -0.0001 0 NA
0.00 0.10000 0.1 0.00000 0 -7.500 -0.6667 -7.499 -0.0001 0 NA
5.00 0.10000 5.1 0.00000 0 -7.500 -0.6667 -7.499 -0.0002 0 NA
10.00 0.10000 10.1 0.00000 0 -7.500 -0.6667 -7.499 -0.0001 0 NA
15.00 0.10000 15.1 0.00000 0 -7.500 -0.6667 -7.499 -0.0001 0 NA
20.00 0.10000 20.1 0.00000 0 -7.500 -0.6667 -7.499 -0.0001 0 NA
25.00 0.10000 25.1 0.00000 0 -7.500 -0.6667 -7.499 -0.0001 0 NA
30.00 0.10000 30.1 0.00000 0 -7.500 -0.6667 -7.499 -0.0001 0 NA
35.00 0.10000 35.1 0.00000 0 -7.500 -0.6667 -7.499 -0.0002 0 NA
40.00 0.10000 40.1 0.00000 0 -7.500 -0.6667 -7.499 -0.0001 0 NA
45.00 0.10000 45.1 0.00000 0 -7.500 -0.6667 -7.499 -0.0001 0 NA
50.00 0.10000 50.1 0.00000 0 -7.500 -0.6667 -7.499 -0.0002 0 NA
55.00 0.10000 55.1 0.00000 0 -7.500 -0.6667 -7.499 -0.0002 0 NA
60.00 0.10000 60.1 0.00000 0 -7.500 -0.6667 -7.499 -0.0001 0 NA
65.00 0.10000 65.1 0.00000 0 -7.500 -0.6667 -7.499 -0.0001 0 NA
70.00 0.10000 70.1 0.00000 0 -7.500 -0.6667 -7.499 -0.0001 0 NA
75.00 0.10000 75.1 0.00000 0 -7.500 -0.6667 -7.499 -0.0001 0 NA
80.00 0.10000 80.1 0.00000 0 -7.500 -0.6667 -7.499 -0.0001 0 NA
85.00 0.10000 85.1 0.00000 0 -7.500 -0.6667 -7.499 -0.0001 0 NA
90.00 0.10000 90.1 0.00000 0 -7.500 -0.6667 -7.499 -0.0001 0 NA
95.00 0.10000 95.1 0.00000 0 -7.500 -0.6667 -7.499 -0.0001 0 NA
100.00 0.10000 100.1 0.00000 0 -7.500 -0.6667 -7.499 -0.0002 0 NA
105.00 0.10000 105.1 0.00000 0 -7.500 -0.6667 -7.499 -0.0001 0 NA
110.00 0.10000 110.1 0.00000 0 -7.500 -0.6667 -7.499 -0.0001 0 NA
115.00 0.10000 115.1 0.00000 0 -7.500 -0.6667 -7.499 -0.0001 0 NA
120.00 0.10000 120.1 0.00000 0 -7.500 -0.6667 -7.499 -0.0002 0 NA
125.00 0.10000 125.1 0.00000 0 -7.500 -0.6667 -7.499 -0.0002 0 NA
130.00 0.10000 130.1 0.00000 0 -7.500 -0.6667 -7.499 -0.0001 0 NA
135.00 0.10000 135.1 0.00000 0 -7.500 -0.6667 -7.499 -0.0001 0 NA
140.00 0.10000 140.1 0.00000 0 -7.500 -0.6667 -7.499 -0.0001 0 NA
145.00 0.10000 145.1 0.00000 0 -7.500 -0.6667 -7.499 -0.0001 0 NA
150.00 0.10000 150.1 0.00000 0 -7.500 -0.6667 -7.499 -0.0001 0 NA
155.00 0.09677 155.1 0.00000 0 -7.500 -0.6667 -7.499 -0.0001 0 NA
160.00 0.09375 160.1 0.00000 0 -7.500 -0.6667 -7.499 -0.0001 0 NA
165.00 0.09091 165.1 0.00000 0 -7.500 -0.6667 -7.499 -0.0001 0 NA
170.00 0.08824 170.1 0.00000 0 -7.500 -0.6667 -7.499 -0.0002 0 NA
175.00 0.08571 175.1 0.00000 0 -7.500 -0.6667 -7.499 -0.0002 0 NA
180.00 0.08333 180.1 0.00000 0 -7.500 -0.6667 -7.499 -0.0001 0 NA
185.00 0.08108 185.1 0.00000 0 -7.500 -0.6667 -7.500 -0.0002 0 NA
190.00 0.07895 190.1 0.00000 0 -7.500 -0.6667 -7.499 -0.0001 0 NA
195.00 0.07692 195.1 0.00000 0 -7.500 -0.6667 -7.499 -0.0001 0 NA
200.00 0.07500 200.1 0.00000 0 -7.500 -0.6667 -7.499 -0.0001 0 NA
205.00 0.07317 205.1 0.00000 0 -7.500 -0.6667 -7.499 -0.0001 0 NA
210.00 0.07143 210.1 0.00005 0 -7.500 -0.6667 -7.499 -0.0001 0 NA
215.00 0.06977 215.1 0.00006 0 -7.500 -0.6667 -7.499 -0.0002 0 NA
220.00 0.06818 220.1 0.00007 0 -7.500 -0.6667 -7.499 -0.0001 0 NA
225.00 0.06667 225.1 0.00010 0 -7.500 -0.6667 -7.499 -0.0001 0 NA
230.00 0.06522 230.1 0.00014 0 -7.500 -0.6667 -7.499 -0.0001 0 NA
235.00 0.06383 235.1 0.00022 0 -7.500 -0.6667 -7.499 -0.0001 0 NA
240.00 0.06250 240.1 0.00035 0 -7.500 -0.6667 -7.499 -0.0002 0 NA
245.00 0.06122 245.1 0.00054 0 -7.500 -0.6667 -7.499 -0.0002 0 NA
250.00 0.06000 250.1 0.00082 0 -7.500 -0.6667 -7.499 -0.0001 0 NA
255.00 0.05882 255.1 0.00122 0 -7.500 -0.6667 -7.499 -0.0001 0 NA
260.00 0.05769 260.1 0.00177 0 -7.500 -0.6667 -7.499 -0.0001 0 NA
265.00 0.05660 265.1 0.00248 0 -7.500 -0.6667 -7.499 -0.0002 0 NA
270.00 0.05556 270.1 0.00340 0 -7.500 -0.6667 -7.499 -0.0002 0 NA
275.00 0.05455 275.1 0.00455 0 -7.500 -0.6667 -7.499 -0.0001 0 NA
280.00 0.05357 280.1 0.00593 0 -7.500 -0.6667 -7.499 -0.0001 0 NA
285.00 0.05263 285.1 0.00753 0 -7.500 -0.6667 -7.499 -0.0001 0 NA
290.00 0.05172 290.1 0.00944 0 -7.500 -0.6667 -7.499 -0.0001 0 NA
295.00 0.05085 295.1 0.01155 0 -7.500 -0.6667 -7.499 -0.0002 0 NA
300.00 0.05000 300.1 0.01391 0 -7.500 -0.6667 -7.499 -0.0001 0 NA
305.00 0.04918 305.1 0.01650 0 -7.500 -0.6667 -7.499 -0.0001 0 NA
310.00 0.04839 310.1 0.01942 0 -7.500 -0.6667 -7.499 -0.0001 0 NA
315.00 0.04762 315.1 0.02243 0 -7.500 -0.6667 -7.499 -0.0002 0 NA
320.00 0.04688 320.1 0.02566 0 -7.500 -0.6667 -7.499 -0.0001 0 NA
325.00 0.04615 325.1 0.02919 0 -7.500 -0.6667 -7.499 -0.0002 0 NA
330.00 0.04545 330.1 0.03272 0 -7.500 -0.6667 -7.499 -0.0001 0 NA
335.00 0.04478 335.1 0.03638 0 -7.500 -0.6667 -7.499 -0.0001 0 NA
340.00 0.04412 340.1 0.04015 0 -7.500 -0.6667 -7.499 -0.0001 0 NA
345.00 0.04348 340.9 0.04002 1 -7.500 -0.6667 -7.499 -0.0001 0 NA
0.00 0.10000 0.1 0.00000 0 -8.000 -0.6250 -7.999 -0.0002 0 NA
5.00 0.10000 5.1 0.00000 0 -8.000 -0.6250 -7.999 -0.0001 0 NA
10.00 0.10000 10.1 0.00000 0 -8.000 -0.6250 -7.999 -0.0001 0 NA
15.00 0.10000 15.1 0.00000 0 -8.000 -0.6250 -7.999 -0.0002 0 NA
20.00 0.10000 20.1 0.00000 0 -8.000 -0.6250 -7.999 -0.0001 0 NA
25.00 0.10000 25.1 0.00000 0 -8.000 -0.6250 -8.000 -0.0001 0 NA
30.00 0.10000 30.1 0.00000 0 -8.000 -0.6250 -7.999 -0.0001 0 NA
35.00 0.10000 35.1 0.00000 0 -8.000 -0.6250 -7.999 -0.0001 0 NA
40.00 0.10000 40.1 0.00000 0 -8.000 -0.6250 -7.999 -0.0002 0 NA
45.00 0.10000 45.1 0.00000 0 -8.000 -0.6250 -7.999 -0.0001 0 NA
50.00 0.10000 50.1 0.00000 0 -8.000 -0.6250 -7.999 -0.0002 0 NA
55.00 0.10000 55.1 0.00000 0 -8.000 -0.6250 -7.999 -0.0001 0 NA
60.00 0.10000 60.1 0.00000 0 -8.000 -0.6250 -7.999 -0.0001 0 NA
65.00 0.10000 65.1 0.00000 0 -8.000 -0.6250 -7.999 -0.0002 0 NA
70.00 0.10000 70.1 0.00000 0 -8.000 -0.6250 -7.999 -0.0001 0 NA
75.00 0.10000 75.1 0.00000 0 -8.000 -0.6250 -7.999 -0.0001 0 NA
80.00 0.10000 80.1 0.00000 0 -8.000 -0.6250 -7.999 -0.0001 0 NA
85.00 0.10000 85.1 0.00000 0 -8.000 -0.6250 -7.999 -0.0001 0 NA
90.00 0.10000 90.1 0.00000 0 -8.000 -0.6250 -7.999 -0.0001 0 NA
95.00 0.10000 95.1 0.00000 0 -8.000 -0.6250 -7.999 -0.0002 0 NA
100.00 0.10000 100.1 0.00000 0 -8.000 -0.6250 -7.999 -0.0001 0 NA
105.00 0.10000 105.1 0.00000 0 -8.000 -0.6250 -7.999 -0.0002 0 NA
110.00 0.10000 110.1 0.00000 0 -8.000 -0.6250 -7.999 -0.0001 0 NA
115.00 0.10000 115.1 0.00000 0 -8.000 -0.6250 -7.999 -0.0001 0 NA
120.00 0.10000 120.1 0.00000 0 -8.000 -0.6250 -7.999 -0.0001 0 NA
125.00 0.10000 125.1 0.00000 0 -8.000 -0.6250 -7.999 -0.0001 0 NA
130.00 0.10000 130.1 0.00000 0 -8.000 -0.6250 -7.999 -0.0002 0 NA
135.00 0.10000 135.1 0.00000 0 -8.000 -0.6250 -7.999 -0.0001 0 NA
140.00 0.10000 140.1 0.00000 0 -8.000 -0.6250 -7.999 -0.0002 0 NA
145.00 0.10000 145.1 0.00000 0 -8.000 -0.6250 -7.999 -0.0001 0 NA
150.00 0.10000 150.1 0.00000 0 -8.000 -0.6250 -7.999 -0.0001 0 NA
155.00 0.09677 155.1 0.00000 0 -8.000 -0.6250 -7.999 -0.0001 0 NA
160.00 0.09375 160.1 0.00000 0 -8.000 -0.6250 -7.999 -0.0002 0 NA
165.00 0.09091 165.1 0.00000 0 -8.000 -0.6250 -7.999 -0.0001 0 NA
170.00 0.08824 170.1 0.00000 0 -8.000 -0.6250 -7.999 -0.0002 0 NA
175.00 0.08571 175.1 0.00000 0 -8.000 -0.6250 -7.999 -0.0001 0 NA
180.00 0.08333 180.1 0.00000 0 -8.000 -0.6250 -7.999 -0.0001 0 NA
185.00 0.08108 185.1 0.00000 0 -8.000 -0.6250 -7.999 -0.0002 0 NA
190.00 0.07895 190.1 0.00000 0 -8.000 -0.6250 -7.999 -0.0002 0 NA
195.00 0.07692 195.1 0.00000 0 -8.000 -0.6250 -7.999 -0.0001 0 NA
200.00 0.07500 200.1 0.00000 0 -8.000 -0.6250 -7.999 -0.0001 0 NA
205.00 0.07317 205.1 0.00000 0 -8.000 -0.6250 -7.999 -0.0001 0 NA
210.00 0.07143 210.1 0.00000 0 -8.000 -0.6250 -7.999 -0.0002 0 NA
215.00 0.06977 215.1 0.00000 0 -8.000 -0.6250 -7.999 -0.0001 0 NA
220.00 0.06818 220.1 0.00000 0 -8.000 -0.6250 -7.999 -0.0001 0 NA
225.00 0.06667 225.1 0.00005 0 -8.000 -0.6250 -7.999 -0.0001 0 NA
230.00 0.06522 230.1 0.00006 0 -8.000 -0.6250 -7.999 -0.0002 0 NA
235.00 0.06383 235.1 0.00007 0 -8.000 -0.6250 -7.999 -0.0001 0 NA
240.00 0.06250 240.1 0.00010 0 -8.000 -0.6250 -7.999 -0.0001 0 NA
245.00 0.06122 245.1 0.00015 0 -8.000 -0.6250 -7.999 -0.0001 0 NA
250.00 0.06000 250.1 0.00022 0 -8.000 -0.6250 -7.999 -0.0001 0 NA
255.00 0.05882 255.1 0.00035 0 -8.000 -0.6250 -7.999 -0.0001 0 NA
260.00 0.05769 260.1 0.00053 0 -8.000 -0.6250 -7.999 -0.0001 0 NA
265.00 0.05660 265.1 0.00080 0 -8.000 -0.6250 -7.999 -0.0001 0 NA
270.00 0.05556 270.1 0.00118 0 -8.000 -0.6250 -7.999 -0.0001 0 NA
275.00 0.05455 275.1 0.00170 0 -8.000 -0.6250 -7.999 -0.0001 0 NA
280.00 0.05357 280.1 0.00238 0 -8.000 -0.6250 -7.999 -0.0002 0 NA
285.00 0.05263 285.1 0.00324 0 -8.000 -0.6250 -7.999 -0.0002 0 NA
290.00 0.05172 290.1 0.00431 0 -8.000 -0.6250 -7.999 -0.0001 0 NA
295.00 0.05085 295.1 0.00560 0 -8.000 -0.6250 -7.999 -0.0001 0 NA
300.00 0.05000 300.1 0.00711 0 -8.000 -0.6250 -7.999 -0.0002 0 NA
305.00 0.04918 305.1 0.00889 0 -8.000 -0.6250 -7.999 -0.0002 0 NA
310.00 0.04839 310.1 0.01089 0 -8.000 -0.6250 -7.999 -0.0001 0 NA
315.00 0.04762 315.1 0.01311 0 -8.000 -0.6250 -7.999 -0.0001 0 NA
320.00 0.04688 320.1 0.01555 0 -8.000 -0.6250 -7.999 -0.0001 0 NA
325.00 0.04615 325.1 0.01830 0 -8.000 -0.6250 -7.999 -0.0001 0 NA
330.00 0.04545 330.1 0.02115 0 -8.000 -0.6250 -7.999 -0.0001 0 NA
335.00 0.04478 335.1 0.02420 0 -8.000 -0.6250 -7.999 -0.0001 0 NA
340.00 0.04412 340.1 0.02755 0 -8.000 -0.6250 -7.999 -0.0001 0 NA
345.00 0.04348 345.1 0.03091 0 -8.000 -0.6250 -7.999 -0.0001 0 NA
350.00 0.04286 350.1 0.03438 0 -8.000 -0.6250 -7.999 -0.0001 0 NA
355.00 0.04225 355.1 0.03798 0 -8.000 -0.6250 -7.999 -0.0001 0 NA
360.00 0.04167 360.1 0.04191 1 -8.000 -0.6250 -8.000 -0.0002 0 NA
