% * Sample: 6E5P_7
% * Date / time: 2024-02-04 11:03:46.066572
% * R2CONTROL =  NOT SPECIFIED
% Column 1:  PSU1 nominal voltage setting (V)
% Column 2:  PSU1 nominal current setting (A)
% Column 3:  PSU1 voltage measurement (V)
% Column 4:  PSU1 current measurement (I)
% Column 5:  PSU1 limiter flag
% Column 6:  PSU2 nominal voltage setting (V)
% Column 7:  PSU2 nominal current setting (A)
% Column 8:  PSU2 voltage measurement (V)
% Column 9:  PSU2 current measurement (I)
% Column 10: PSU2 limiter flag
% Column 11: Heaterblock temperature (°C)
% * OPERATING POINT AT END OF PREHEAT / IDLE: U1 = 200.1 V  I1 = 0.03000 A  U2 = -3.945 V  I2 = -0.0001 A  T = NA °C
0.00 0.10000 0.1 0.00000 0 -0.000 -1.0000 -0.000 -0.0001 0 NA
5.00 0.10000 5.1 0.00005 0 -0.000 -1.0000 -0.000 -0.0001 0 NA
10.00 0.10000 10.1 0.00011 0 -0.000 -1.0000 -0.000 -0.0001 0 NA
15.00 0.10000 15.1 0.00027 0 -0.000 -1.0000 -0.000 -0.0001 0 NA
20.00 0.10000 20.1 0.00065 0 -0.000 -1.0000 -0.000 -0.0001 0 NA
25.00 0.10000 25.1 0.00141 0 -0.000 -1.0000 -0.000 -0.0001 0 NA
30.00 0.10000 30.1 0.00269 0 -0.000 -1.0000 -0.000 -0.0001 0 NA
35.00 0.10000 35.1 0.00472 0 -0.000 -1.0000 -0.000 -0.0001 0 NA
40.00 0.10000 40.1 0.00750 0 -0.000 -1.0000 -0.000 -0.0001 0 NA
45.00 0.10000 45.0 0.01094 0 -0.000 -1.0000 -0.000 -0.0001 0 NA
50.00 0.10000 50.1 0.01498 0 -0.000 -1.0000 -0.000 -0.0001 0 NA
55.00 0.10000 55.0 0.01944 0 -0.000 -1.0000 -0.000 -0.0001 0 NA
60.00 0.10000 60.0 0.02421 0 -0.000 -1.0000 -0.000 -0.0001 0 NA
65.00 0.10000 65.0 0.02924 0 -0.000 -1.0000 -0.000 -0.0001 0 NA
70.00 0.10000 70.1 0.03448 0 -0.000 -1.0000 -0.000 -0.0001 0 NA
75.00 0.10000 75.1 0.03989 0 -0.000 -1.0000 -0.000 -0.0001 0 NA
80.00 0.10000 80.1 0.04552 0 -0.000 -1.0000 -0.000 -0.0001 0 NA
85.00 0.10000 85.1 0.05125 0 -0.000 -1.0000 -0.000 -0.0001 0 NA
90.00 0.10000 90.1 0.05710 0 -0.000 -1.0000 -0.000 -0.0001 0 NA
95.00 0.10000 95.1 0.06305 0 -0.000 -1.0000 -0.000 -0.0001 0 NA
100.00 0.10000 100.1 0.06918 0 -0.000 -1.0000 -0.000 -0.0001 0 NA
105.00 0.10000 105.1 0.07533 0 -0.000 -1.0000 -0.000 -0.0001 0 NA
110.00 0.10000 110.1 0.08158 0 -0.000 -1.0000 -0.000 -0.0001 0 NA
115.00 0.10000 115.1 0.08800 0 -0.000 -1.0000 -0.000 -0.0001 0 NA
120.00 0.10000 120.1 0.09440 0 -0.000 -1.0000 -0.000 -0.0001 0 NA
125.00 0.10000 125.1 0.10084 1 -0.000 -1.0000 -0.000 -0.0001 0 NA
0.00 0.10000 0.1 0.00000 0 -0.500 -1.0000 -0.499 -0.0001 0 NA
5.00 0.10000 5.1 0.00000 0 -0.500 -1.0000 -0.499 -0.0001 0 NA
10.00 0.10000 10.1 0.00000 0 -0.500 -1.0000 -0.499 -0.0001 0 NA
15.00 0.10000 15.1 0.00005 0 -0.500 -1.0000 -0.500 -0.0001 0 NA
20.00 0.10000 20.1 0.00007 0 -0.500 -1.0000 -0.499 -0.0001 0 NA
25.00 0.10000 25.1 0.00017 0 -0.500 -1.0000 -0.499 -0.0001 0 NA
30.00 0.10000 30.1 0.00039 0 -0.500 -1.0000 -0.499 -0.0002 0 NA
35.00 0.10000 35.1 0.00087 0 -0.500 -1.0000 -0.499 -0.0002 0 NA
40.00 0.10000 40.1 0.00173 0 -0.500 -1.0000 -0.499 -0.0001 0 NA
45.00 0.10000 45.0 0.00310 0 -0.500 -1.0000 -0.499 -0.0001 0 NA
50.00 0.10000 50.1 0.00503 0 -0.500 -1.0000 -0.499 -0.0001 0 NA
55.00 0.10000 55.0 0.00754 0 -0.500 -1.0000 -0.499 -0.0001 0 NA
60.00 0.10000 60.0 0.01066 0 -0.500 -1.0000 -0.499 -0.0002 0 NA
65.00 0.10000 65.0 0.01438 0 -0.500 -1.0000 -0.499 -0.0002 0 NA
70.00 0.10000 70.1 0.01859 0 -0.500 -1.0000 -0.499 -0.0002 0 NA
75.00 0.10000 75.1 0.02313 0 -0.500 -1.0000 -0.500 -0.0001 0 NA
80.00 0.10000 80.1 0.02798 0 -0.500 -1.0000 -0.499 -0.0002 0 NA
85.00 0.10000 85.1 0.03306 0 -0.500 -1.0000 -0.499 -0.0001 0 NA
90.00 0.10000 90.1 0.03835 0 -0.500 -1.0000 -0.499 -0.0002 0 NA
95.00 0.10000 95.1 0.04376 0 -0.500 -1.0000 -0.500 -0.0002 0 NA
100.00 0.10000 100.1 0.04932 0 -0.500 -1.0000 -0.499 -0.0001 0 NA
105.00 0.10000 105.1 0.05507 0 -0.500 -1.0000 -0.499 -0.0002 0 NA
110.00 0.10000 110.1 0.06088 0 -0.500 -1.0000 -0.499 -0.0002 0 NA
115.00 0.10000 115.1 0.06677 0 -0.500 -1.0000 -0.499 -0.0001 0 NA
120.00 0.10000 120.1 0.07277 0 -0.500 -1.0000 -0.499 -0.0001 0 NA
125.00 0.10000 125.1 0.07892 0 -0.500 -1.0000 -0.499 -0.0002 0 NA
130.00 0.10000 130.1 0.08507 0 -0.500 -1.0000 -0.499 -0.0001 0 NA
135.00 0.10000 135.1 0.09128 0 -0.500 -1.0000 -0.499 -0.0001 0 NA
140.00 0.10000 140.1 0.09769 0 -0.500 -1.0000 -0.499 -0.0001 0 NA
145.00 0.10000 142.3 0.10005 1 -0.500 -1.0000 -0.499 -0.0002 0 NA
0.00 0.10000 0.1 0.00000 0 -1.000 -1.0000 -0.999 -0.0001 0 NA
5.00 0.10000 5.1 0.00000 0 -1.000 -1.0000 -0.999 -0.0002 0 NA
10.00 0.10000 10.1 0.00000 0 -1.000 -1.0000 -1.000 -0.0002 0 NA
15.00 0.10000 15.1 0.00000 0 -1.000 -1.0000 -1.000 -0.0001 0 NA
20.00 0.10000 20.1 0.00000 0 -1.000 -1.0000 -0.999 -0.0002 0 NA
25.00 0.10000 25.1 0.00000 0 -1.000 -1.0000 -1.000 -0.0001 0 NA
30.00 0.10000 30.1 0.00006 0 -1.000 -1.0000 -1.000 -0.0001 0 NA
35.00 0.10000 35.1 0.00010 0 -1.000 -1.0000 -0.999 -0.0001 0 NA
40.00 0.10000 40.1 0.00021 0 -1.000 -1.0000 -0.999 -0.0001 0 NA
45.00 0.10000 45.0 0.00045 0 -1.000 -1.0000 -0.999 -0.0001 0 NA
50.00 0.10000 50.1 0.00092 0 -1.000 -1.0000 -1.000 -0.0001 0 NA
55.00 0.10000 55.0 0.00171 0 -1.000 -1.0000 -0.999 -0.0001 0 NA
60.00 0.10000 60.0 0.00295 0 -1.000 -1.0000 -1.000 -0.0001 0 NA
65.00 0.10000 65.0 0.00467 0 -1.000 -1.0000 -1.000 -0.0002 0 NA
70.00 0.10000 70.1 0.00694 0 -1.000 -1.0000 -0.999 -0.0002 0 NA
75.00 0.10000 75.1 0.00974 0 -1.000 -1.0000 -1.000 -0.0002 0 NA
80.00 0.10000 80.1 0.01311 0 -1.000 -1.0000 -1.000 -0.0001 0 NA
85.00 0.10000 85.1 0.01702 0 -1.000 -1.0000 -1.000 -0.0001 0 NA
90.00 0.10000 90.1 0.02132 0 -1.000 -1.0000 -0.999 -0.0001 0 NA
95.00 0.10000 95.1 0.02594 0 -1.000 -1.0000 -0.999 -0.0001 0 NA
100.00 0.10000 100.1 0.03086 0 -1.000 -1.0000 -1.000 -0.0002 0 NA
105.00 0.10000 105.1 0.03595 0 -1.000 -1.0000 -0.999 -0.0001 0 NA
110.00 0.10000 110.1 0.04122 0 -1.000 -1.0000 -1.000 -0.0002 0 NA
115.00 0.10000 115.1 0.04651 0 -1.000 -1.0000 -1.000 -0.0001 0 NA
120.00 0.10000 120.1 0.05214 0 -1.000 -1.0000 -0.999 -0.0001 0 NA
125.00 0.10000 125.1 0.05779 0 -1.000 -1.0000 -1.000 -0.0001 0 NA
130.00 0.10000 130.1 0.06356 0 -1.000 -1.0000 -0.999 -0.0002 0 NA
135.00 0.10000 135.1 0.06941 0 -1.000 -1.0000 -1.000 -0.0001 0 NA
140.00 0.10000 140.1 0.07545 0 -1.000 -1.0000 -0.999 -0.0002 0 NA
145.00 0.10000 145.1 0.08145 0 -1.000 -1.0000 -0.999 -0.0001 0 NA
150.00 0.10000 150.1 0.08753 0 -1.000 -1.0000 -0.999 -0.0001 0 NA
155.00 0.09677 155.1 0.09381 0 -1.000 -1.0000 -1.000 -0.0002 0 NA
160.00 0.09375 160.1 0.10038 1 -1.000 -1.0000 -0.999 -0.0002 0 NA
0.00 0.10000 0.1 0.00000 0 -1.500 -1.0000 -1.499 -0.0001 0 NA
5.00 0.10000 5.1 0.00000 0 -1.500 -1.0000 -1.499 -0.0001 0 NA
10.00 0.10000 10.1 0.00000 0 -1.500 -1.0000 -1.500 -0.0001 0 NA
15.00 0.10000 15.1 0.00000 0 -1.500 -1.0000 -1.499 -0.0002 0 NA
20.00 0.10000 20.1 0.00000 0 -1.500 -1.0000 -1.499 -0.0001 0 NA
25.00 0.10000 25.1 0.00000 0 -1.500 -1.0000 -1.499 -0.0001 0 NA
30.00 0.10000 30.1 0.00000 0 -1.500 -1.0000 -1.499 -0.0001 0 NA
35.00 0.10000 35.1 0.00000 0 -1.500 -1.0000 -1.499 -0.0001 0 NA
40.00 0.10000 40.0 0.00005 0 -1.500 -1.0000 -1.500 -0.0002 0 NA
45.00 0.10000 45.0 0.00007 0 -1.500 -1.0000 -1.499 -0.0001 0 NA
50.00 0.10000 50.0 0.00013 0 -1.500 -1.0000 -1.499 -0.0001 0 NA
55.00 0.10000 55.0 0.00024 0 -1.500 -1.0000 -1.499 -0.0002 0 NA
60.00 0.10000 60.0 0.00049 0 -1.500 -1.0000 -1.499 -0.0002 0 NA
65.00 0.10000 65.0 0.00095 0 -1.500 -1.0000 -1.499 -0.0001 0 NA
70.00 0.10000 70.1 0.00170 0 -1.500 -1.0000 -1.499 -0.0002 0 NA
75.00 0.10000 75.1 0.00282 0 -1.500 -1.0000 -1.500 -0.0001 0 NA
80.00 0.10000 80.1 0.00439 0 -1.500 -1.0000 -1.499 -0.0001 0 NA
85.00 0.10000 85.1 0.00644 0 -1.500 -1.0000 -1.499 -0.0001 0 NA
90.00 0.10000 90.1 0.00898 0 -1.500 -1.0000 -1.499 -0.0002 0 NA
95.00 0.10000 95.1 0.01203 0 -1.500 -1.0000 -1.499 -0.0001 0 NA
100.00 0.10000 100.1 0.01559 0 -1.500 -1.0000 -1.499 -0.0001 0 NA
105.00 0.10000 105.1 0.01963 0 -1.500 -1.0000 -1.499 -0.0002 0 NA
110.00 0.10000 110.1 0.02401 0 -1.500 -1.0000 -1.499 -0.0001 0 NA
115.00 0.10000 115.1 0.02867 0 -1.500 -1.0000 -1.499 -0.0001 0 NA
120.00 0.10000 120.1 0.03362 0 -1.500 -1.0000 -1.499 -0.0001 0 NA
125.00 0.10000 125.1 0.03868 0 -1.500 -1.0000 -1.499 -0.0002 0 NA
130.00 0.10000 130.1 0.04393 0 -1.500 -1.0000 -1.500 -0.0002 0 NA
135.00 0.10000 135.1 0.04939 0 -1.500 -1.0000 -1.499 -0.0002 0 NA
140.00 0.10000 140.1 0.05489 0 -1.500 -1.0000 -1.499 -0.0001 0 NA
145.00 0.10000 145.1 0.06048 0 -1.500 -1.0000 -1.499 -0.0001 0 NA
150.00 0.10000 150.1 0.06618 0 -1.500 -1.0000 -1.499 -0.0001 0 NA
155.00 0.09677 155.1 0.07207 0 -1.500 -1.0000 -1.499 -0.0001 0 NA
160.00 0.09375 160.1 0.07809 0 -1.500 -1.0000 -1.499 -0.0002 0 NA
165.00 0.09091 165.1 0.08418 0 -1.500 -1.0000 -1.499 -0.0001 0 NA
170.00 0.08824 162.1 0.08004 1 -1.500 -1.0000 -1.499 -0.0001 0 NA
0.00 0.10000 0.2 0.00000 0 -2.000 -1.0000 -1.999 -0.0002 0 NA
5.00 0.10000 5.1 0.00000 0 -2.000 -1.0000 -1.999 -0.0002 0 NA
10.00 0.10000 10.1 0.00000 0 -2.000 -1.0000 -1.999 -0.0002 0 NA
15.00 0.10000 15.1 0.00000 0 -2.000 -1.0000 -1.999 -0.0001 0 NA
20.00 0.10000 20.1 0.00000 0 -2.000 -1.0000 -1.999 -0.0001 0 NA
25.00 0.10000 25.1 0.00000 0 -2.000 -1.0000 -2.000 -0.0001 0 NA
30.00 0.10000 30.1 0.00000 0 -2.000 -1.0000 -1.999 -0.0001 0 NA
35.00 0.10000 35.1 0.00000 0 -2.000 -1.0000 -1.999 -0.0002 0 NA
40.00 0.10000 40.0 0.00000 0 -2.000 -1.0000 -1.999 -0.0002 0 NA
45.00 0.10000 45.0 0.00000 0 -2.000 -1.0000 -1.999 -0.0001 0 NA
50.00 0.10000 50.1 0.00000 0 -2.000 -1.0000 -1.999 -0.0001 0 NA
55.00 0.10000 55.0 0.00006 0 -2.000 -1.0000 -1.999 -0.0002 0 NA
60.00 0.10000 60.0 0.00008 0 -2.000 -1.0000 -1.999 -0.0001 0 NA
65.00 0.10000 65.0 0.00014 0 -2.000 -1.0000 -1.999 -0.0002 0 NA
70.00 0.10000 70.1 0.00027 0 -2.000 -1.0000 -1.999 -0.0001 0 NA
75.00 0.10000 75.1 0.00051 0 -2.000 -1.0000 -1.999 -0.0001 0 NA
80.00 0.10000 80.1 0.00094 0 -2.000 -1.0000 -1.999 -0.0001 0 NA
85.00 0.10000 85.1 0.00163 0 -2.000 -1.0000 -1.999 -0.0001 0 NA
90.00 0.10000 90.1 0.00264 0 -2.000 -1.0000 -1.999 -0.0002 0 NA
95.00 0.10000 95.1 0.00405 0 -2.000 -1.0000 -1.999 -0.0002 0 NA
100.00 0.10000 100.1 0.00589 0 -2.000 -1.0000 -1.999 -0.0001 0 NA
105.00 0.10000 105.1 0.00820 0 -2.000 -1.0000 -1.999 -0.0002 0 NA
110.00 0.10000 110.1 0.01097 0 -2.000 -1.0000 -1.999 -0.0002 0 NA
115.00 0.10000 115.1 0.01422 0 -2.000 -1.0000 -1.999 -0.0001 0 NA
120.00 0.10000 120.1 0.01794 0 -2.000 -1.0000 -1.999 -0.0001 0 NA
125.00 0.10000 125.1 0.02207 0 -2.000 -1.0000 -1.999 -0.0002 0 NA
130.00 0.10000 130.1 0.02649 0 -2.000 -1.0000 -1.999 -0.0001 0 NA
135.00 0.10000 135.1 0.03116 0 -2.000 -1.0000 -1.999 -0.0002 0 NA
140.00 0.10000 140.1 0.03605 0 -2.000 -1.0000 -1.999 -0.0001 0 NA
145.00 0.10000 145.1 0.04116 0 -2.000 -1.0000 -1.999 -0.0002 0 NA
150.00 0.10000 150.1 0.04636 0 -2.000 -1.0000 -1.999 -0.0001 0 NA
155.00 0.09677 155.1 0.05195 0 -2.000 -1.0000 -1.999 -0.0001 0 NA
160.00 0.09375 160.1 0.05753 0 -2.000 -1.0000 -1.999 -0.0001 0 NA
165.00 0.09091 165.1 0.06309 0 -2.000 -1.0000 -1.999 -0.0002 0 NA
170.00 0.08824 170.1 0.06874 0 -2.000 -1.0000 -1.999 -0.0002 0 NA
175.00 0.08571 175.1 0.07426 0 -2.000 -1.0000 -1.999 -0.0002 0 NA
180.00 0.08333 180.1 0.08026 0 -2.000 -1.0000 -1.999 -0.0001 0 NA
185.00 0.08108 180.0 0.08004 1 -2.000 -1.0000 -2.000 -0.0002 0 NA
0.00 0.10000 0.1 0.00000 0 -2.500 -1.0000 -2.499 -0.0001 0 NA
5.00 0.10000 5.1 0.00000 0 -2.500 -1.0000 -2.499 -0.0001 0 NA
10.00 0.10000 10.1 0.00000 0 -2.500 -1.0000 -2.499 -0.0002 0 NA
15.00 0.10000 15.1 0.00000 0 -2.500 -1.0000 -2.499 -0.0002 0 NA
20.00 0.10000 20.1 0.00000 0 -2.500 -1.0000 -2.499 -0.0002 0 NA
25.00 0.10000 25.1 0.00000 0 -2.500 -1.0000 -2.499 -0.0001 0 NA
30.00 0.10000 30.1 0.00000 0 -2.500 -1.0000 -2.499 -0.0001 0 NA
35.00 0.10000 35.1 0.00000 0 -2.500 -1.0000 -2.499 -0.0001 0 NA
40.00 0.10000 40.1 0.00000 0 -2.500 -1.0000 -2.499 -0.0002 0 NA
45.00 0.10000 45.0 0.00000 0 -2.500 -1.0000 -2.499 -0.0001 0 NA
50.00 0.10000 50.0 0.00000 0 -2.500 -1.0000 -2.499 -0.0002 0 NA
55.00 0.10000 55.0 0.00000 0 -2.500 -1.0000 -2.499 -0.0002 0 NA
60.00 0.10000 60.0 0.00000 0 -2.500 -1.0000 -2.499 -0.0001 0 NA
65.00 0.10000 65.0 0.00005 0 -2.500 -1.0000 -2.499 -0.0001 0 NA
70.00 0.10000 70.1 0.00006 0 -2.500 -1.0000 -2.499 -0.0001 0 NA
75.00 0.10000 75.1 0.00009 0 -2.500 -1.0000 -2.499 -0.0001 0 NA
80.00 0.10000 80.1 0.00016 0 -2.500 -1.0000 -2.499 -0.0002 0 NA
85.00 0.10000 85.1 0.00029 0 -2.500 -1.0000 -2.499 -0.0001 0 NA
90.00 0.10000 90.1 0.00054 0 -2.500 -1.0000 -2.499 -0.0001 0 NA
95.00 0.10000 95.1 0.00094 0 -2.500 -1.0000 -2.499 -0.0002 0 NA
100.00 0.10000 100.1 0.00157 0 -2.500 -1.0000 -2.499 -0.0001 0 NA
105.00 0.10000 105.1 0.00251 0 -2.500 -1.0000 -2.499 -0.0001 0 NA
110.00 0.10000 110.1 0.00379 0 -2.500 -1.0000 -2.499 -0.0001 0 NA
115.00 0.10000 115.1 0.00547 0 -2.500 -1.0000 -2.499 -0.0002 0 NA
120.00 0.10000 120.1 0.00759 0 -2.500 -1.0000 -2.499 -0.0001 0 NA
125.00 0.10000 125.1 0.01012 0 -2.500 -1.0000 -2.499 -0.0002 0 NA
130.00 0.10000 130.1 0.01310 0 -2.500 -1.0000 -2.499 -0.0001 0 NA
135.00 0.10000 135.1 0.01655 0 -2.500 -1.0000 -2.499 -0.0001 0 NA
140.00 0.10000 140.1 0.02040 0 -2.500 -1.0000 -2.499 -0.0001 0 NA
145.00 0.10000 145.1 0.02458 0 -2.500 -1.0000 -2.499 -0.0002 0 NA
150.00 0.10000 150.1 0.02922 0 -2.500 -1.0000 -2.499 -0.0002 0 NA
155.00 0.09677 155.1 0.03399 0 -2.500 -1.0000 -2.499 -0.0002 0 NA
160.00 0.09375 160.1 0.03890 0 -2.500 -1.0000 -2.499 -0.0002 0 NA
165.00 0.09091 165.1 0.04394 0 -2.500 -1.0000 -2.499 -0.0002 0 NA
170.00 0.08824 170.1 0.04925 0 -2.500 -1.0000 -2.499 -0.0001 0 NA
175.00 0.08571 175.1 0.05453 0 -2.500 -1.0000 -2.499 -0.0001 0 NA
180.00 0.08333 180.1 0.05994 0 -2.500 -1.0000 -2.499 -0.0001 0 NA
185.00 0.08108 185.1 0.06557 0 -2.500 -1.0000 -2.499 -0.0001 0 NA
190.00 0.07895 190.1 0.07147 0 -2.500 -1.0000 -2.499 -0.0002 0 NA
195.00 0.07692 195.1 0.07720 1 -2.500 -1.0000 -2.499 -0.0001 0 NA
0.00 0.10000 0.1 0.00000 0 -3.000 -1.0000 -3.000 -0.0002 0 NA
5.00 0.10000 5.1 0.00000 0 -3.000 -1.0000 -3.000 -0.0001 0 NA
10.00 0.10000 10.1 0.00000 0 -3.000 -1.0000 -3.000 -0.0001 0 NA
15.00 0.10000 15.1 0.00000 0 -3.000 -1.0000 -3.000 -0.0002 0 NA
20.00 0.10000 20.1 0.00000 0 -3.000 -1.0000 -3.000 -0.0002 0 NA
25.00 0.10000 25.1 0.00000 0 -3.000 -1.0000 -3.000 -0.0001 0 NA
30.00 0.10000 30.1 0.00000 0 -3.000 -1.0000 -3.000 -0.0001 0 NA
35.00 0.10000 35.1 0.00000 0 -3.000 -1.0000 -3.000 -0.0002 0 NA
40.00 0.10000 40.0 0.00000 0 -3.000 -1.0000 -3.000 -0.0001 0 NA
45.00 0.10000 45.0 0.00000 0 -3.000 -1.0000 -3.000 -0.0002 0 NA
50.00 0.10000 50.1 0.00000 0 -3.000 -1.0000 -3.000 -0.0002 0 NA
55.00 0.10000 55.0 0.00000 0 -3.000 -1.0000 -3.000 -0.0001 0 NA
60.00 0.10000 60.0 0.00000 0 -3.000 -1.0000 -3.000 -0.0001 0 NA
65.00 0.10000 65.0 0.00000 0 -3.000 -1.0000 -3.000 -0.0001 0 NA
70.00 0.10000 70.1 0.00000 0 -3.000 -1.0000 -3.000 -0.0001 0 NA
75.00 0.10000 75.1 0.00000 0 -3.000 -1.0000 -3.000 -0.0001 0 NA
80.00 0.10000 80.1 0.00005 0 -3.000 -1.0000 -3.000 -0.0001 0 NA
85.00 0.10000 85.1 0.00007 0 -3.000 -1.0000 -3.000 -0.0002 0 NA
90.00 0.10000 90.1 0.00010 0 -3.000 -1.0000 -3.000 -0.0001 0 NA
95.00 0.10000 95.1 0.00017 0 -3.000 -1.0000 -3.000 -0.0002 0 NA
100.00 0.10000 100.1 0.00030 0 -3.000 -1.0000 -3.000 -0.0002 0 NA
105.00 0.10000 105.1 0.00054 0 -3.000 -1.0000 -3.000 -0.0001 0 NA
110.00 0.10000 110.1 0.00092 0 -3.000 -1.0000 -3.000 -0.0001 0 NA
115.00 0.10000 115.1 0.00151 0 -3.000 -1.0000 -3.000 -0.0001 0 NA
120.00 0.10000 120.1 0.00236 0 -3.000 -1.0000 -3.000 -0.0001 0 NA
125.00 0.10000 125.1 0.00352 0 -3.000 -1.0000 -3.000 -0.0001 0 NA
130.00 0.10000 130.1 0.00504 0 -3.000 -1.0000 -3.000 -0.0001 0 NA
135.00 0.10000 135.1 0.00696 0 -3.000 -1.0000 -3.000 -0.0002 0 NA
140.00 0.10000 140.1 0.00929 0 -3.000 -1.0000 -3.000 -0.0002 0 NA
145.00 0.10000 145.1 0.01201 0 -3.000 -1.0000 -3.000 -0.0001 0 NA
150.00 0.10000 150.1 0.01516 0 -3.000 -1.0000 -3.000 -0.0002 0 NA
155.00 0.09677 155.1 0.01877 0 -3.000 -1.0000 -3.000 -0.0001 0 NA
160.00 0.09375 160.1 0.02285 0 -3.000 -1.0000 -3.000 -0.0001 0 NA
165.00 0.09091 165.1 0.02709 0 -3.000 -1.0000 -3.000 -0.0001 0 NA
170.00 0.08824 170.1 0.03165 0 -3.000 -1.0000 -3.000 -0.0001 0 NA
175.00 0.08571 175.1 0.03620 0 -3.000 -1.0000 -3.000 -0.0001 0 NA
180.00 0.08333 180.1 0.04107 0 -3.000 -1.0000 -3.000 -0.0001 0 NA
185.00 0.08108 185.1 0.04606 0 -3.000 -1.0000 -3.000 -0.0001 0 NA
190.00 0.07895 190.1 0.05131 0 -3.000 -1.0000 -3.000 -0.0002 0 NA
195.00 0.07692 195.1 0.05682 0 -3.000 -1.0000 -3.000 -0.0001 0 NA
200.00 0.07500 200.1 0.06217 0 -3.000 -1.0000 -3.000 -0.0002 0 NA
205.00 0.07317 205.1 0.06808 0 -3.000 -1.0000 -3.000 -0.0001 0 NA
210.00 0.07143 210.1 0.07380 1 -3.000 -1.0000 -3.000 -0.0001 0 NA
0.00 0.10000 0.1 0.00000 0 -3.500 -1.0000 -3.500 -0.0001 0 NA
5.00 0.10000 5.1 0.00000 0 -3.500 -1.0000 -3.500 -0.0002 0 NA
10.00 0.10000 10.1 0.00000 0 -3.500 -1.0000 -3.500 -0.0002 0 NA
15.00 0.10000 15.1 0.00000 0 -3.500 -1.0000 -3.500 -0.0001 0 NA
20.00 0.10000 20.1 0.00000 0 -3.500 -1.0000 -3.500 -0.0001 0 NA
25.00 0.10000 25.1 0.00000 0 -3.500 -1.0000 -3.500 -0.0001 0 NA
30.00 0.10000 30.1 0.00000 0 -3.500 -1.0000 -3.500 -0.0001 0 NA
35.00 0.10000 35.1 0.00000 0 -3.500 -1.0000 -3.500 -0.0001 0 NA
40.00 0.10000 40.0 0.00000 0 -3.500 -1.0000 -3.500 -0.0002 0 NA
45.00 0.10000 45.0 0.00000 0 -3.500 -1.0000 -3.500 -0.0001 0 NA
50.00 0.10000 50.0 0.00000 0 -3.500 -1.0000 -3.500 -0.0002 0 NA
55.00 0.10000 55.0 0.00000 0 -3.500 -1.0000 -3.500 -0.0001 0 NA
60.00 0.10000 60.0 0.00000 0 -3.500 -1.0000 -3.500 -0.0002 0 NA
65.00 0.10000 65.0 0.00000 0 -3.500 -1.0000 -3.500 -0.0001 0 NA
70.00 0.10000 70.1 0.00000 0 -3.500 -1.0000 -3.500 -0.0002 0 NA
75.00 0.10000 75.1 0.00000 0 -3.500 -1.0000 -3.500 -0.0001 0 NA
80.00 0.10000 80.1 0.00000 0 -3.500 -1.0000 -3.500 -0.0002 0 NA
85.00 0.10000 85.1 0.00000 0 -3.500 -1.0000 -3.500 -0.0001 0 NA
90.00 0.10000 90.1 0.00000 0 -3.500 -1.0000 -3.500 -0.0001 0 NA
95.00 0.10000 95.1 0.00005 0 -3.500 -1.0000 -3.500 -0.0001 0 NA
100.00 0.10000 100.1 0.00007 0 -3.500 -1.0000 -3.500 -0.0001 0 NA
105.00 0.10000 105.1 0.00011 0 -3.500 -1.0000 -3.500 -0.0002 0 NA
110.00 0.10000 110.1 0.00019 0 -3.500 -1.0000 -3.500 -0.0001 0 NA
115.00 0.10000 115.1 0.00032 0 -3.500 -1.0000 -3.500 -0.0001 0 NA
120.00 0.10000 120.1 0.00055 0 -3.500 -1.0000 -3.500 -0.0002 0 NA
125.00 0.10000 125.1 0.00091 0 -3.500 -1.0000 -3.500 -0.0001 0 NA
130.00 0.10000 130.1 0.00145 0 -3.500 -1.0000 -3.500 -0.0001 0 NA
135.00 0.10000 135.1 0.00223 0 -3.500 -1.0000 -3.500 -0.0002 0 NA
140.00 0.10000 140.1 0.00331 0 -3.500 -1.0000 -3.500 -0.0001 0 NA
145.00 0.10000 145.1 0.00470 0 -3.500 -1.0000 -3.500 -0.0001 0 NA
150.00 0.10000 150.1 0.00645 0 -3.500 -1.0000 -3.500 -0.0001 0 NA
155.00 0.09677 155.1 0.00860 0 -3.500 -1.0000 -3.500 -0.0002 0 NA
160.00 0.09375 160.1 0.01113 0 -3.500 -1.0000 -3.500 -0.0002 0 NA
165.00 0.09091 165.1 0.01405 0 -3.500 -1.0000 -3.500 -0.0001 0 NA
170.00 0.08824 170.1 0.01749 0 -3.500 -1.0000 -3.500 -0.0001 0 NA
175.00 0.08571 175.1 0.02122 0 -3.500 -1.0000 -3.500 -0.0002 0 NA
180.00 0.08333 180.1 0.02523 0 -3.500 -1.0000 -3.500 -0.0002 0 NA
185.00 0.08108 185.1 0.02949 0 -3.500 -1.0000 -3.500 -0.0001 0 NA
190.00 0.07895 190.1 0.03407 0 -3.500 -1.0000 -3.500 -0.0002 0 NA
195.00 0.07692 195.1 0.03871 0 -3.500 -1.0000 -3.500 -0.0001 0 NA
200.00 0.07500 200.1 0.04379 0 -3.500 -1.0000 -3.500 -0.0001 0 NA
205.00 0.07317 205.1 0.04878 0 -3.500 -1.0000 -3.500 -0.0001 0 NA
210.00 0.07143 210.1 0.05394 0 -3.500 -1.0000 -3.500 -0.0001 0 NA
215.00 0.06977 215.1 0.05930 0 -3.500 -1.0000 -3.500 -0.0001 0 NA
220.00 0.06818 216.1 0.06003 1 -3.500 -1.0000 -3.500 -0.0002 0 NA
0.00 0.10000 0.1 0.00000 0 -4.000 -1.0000 -4.000 -0.0001 0 NA
5.00 0.10000 5.1 0.00000 0 -4.000 -1.0000 -4.000 -0.0001 0 NA
10.00 0.10000 10.1 0.00000 0 -4.000 -1.0000 -4.000 -0.0002 0 NA
15.00 0.10000 15.1 0.00000 0 -4.000 -1.0000 -4.000 -0.0002 0 NA
20.00 0.10000 20.1 0.00000 0 -4.000 -1.0000 -4.000 -0.0002 0 NA
25.00 0.10000 25.1 0.00000 0 -4.000 -1.0000 -4.000 -0.0001 0 NA
30.00 0.10000 30.1 0.00000 0 -4.000 -1.0000 -4.000 -0.0001 0 NA
35.00 0.10000 35.1 0.00000 0 -4.000 -1.0000 -4.000 -0.0001 0 NA
40.00 0.10000 40.0 0.00000 0 -4.000 -1.0000 -4.000 -0.0001 0 NA
45.00 0.10000 45.0 0.00000 0 -4.000 -1.0000 -4.000 -0.0001 0 NA
50.00 0.10000 50.0 0.00000 0 -4.000 -1.0000 -4.000 -0.0001 0 NA
55.00 0.10000 55.0 0.00000 0 -4.000 -1.0000 -4.000 -0.0002 0 NA
60.00 0.10000 60.0 0.00000 0 -4.000 -1.0000 -4.000 -0.0001 0 NA
65.00 0.10000 65.0 0.00000 0 -4.000 -1.0000 -4.000 -0.0001 0 NA
70.00 0.10000 70.1 0.00000 0 -4.000 -1.0000 -4.000 -0.0001 0 NA
75.00 0.10000 75.1 0.00000 0 -4.000 -1.0000 -4.000 -0.0002 0 NA
80.00 0.10000 80.1 0.00000 0 -4.000 -1.0000 -4.000 -0.0001 0 NA
85.00 0.10000 85.1 0.00000 0 -4.000 -1.0000 -4.000 -0.0001 0 NA
90.00 0.10000 90.1 0.00000 0 -4.000 -1.0000 -4.000 -0.0001 0 NA
95.00 0.10000 95.1 0.00000 0 -4.000 -1.0000 -4.000 -0.0001 0 NA
100.00 0.10000 100.1 0.00000 0 -4.000 -1.0000 -4.000 -0.0001 0 NA
105.00 0.10000 105.1 0.00005 0 -4.000 -1.0000 -4.000 -0.0002 0 NA
110.00 0.10000 110.1 0.00006 0 -4.000 -1.0000 -4.000 -0.0001 0 NA
115.00 0.10000 115.1 0.00008 0 -4.000 -1.0000 -4.000 -0.0002 0 NA
120.00 0.10000 120.1 0.00013 0 -4.000 -1.0000 -4.000 -0.0001 0 NA
125.00 0.10000 125.1 0.00021 0 -4.000 -1.0000 -4.000 -0.0001 0 NA
130.00 0.10000 130.1 0.00035 0 -4.000 -1.0000 -4.000 -0.0002 0 NA
135.00 0.10000 135.1 0.00057 0 -4.000 -1.0000 -4.000 -0.0001 0 NA
140.00 0.10000 140.1 0.00093 0 -4.000 -1.0000 -4.000 -0.0001 0 NA
145.00 0.10000 145.1 0.00146 0 -4.000 -1.0000 -4.000 -0.0002 0 NA
150.00 0.10000 150.1 0.00222 0 -4.000 -1.0000 -4.000 -0.0001 0 NA
155.00 0.09677 155.1 0.00324 0 -4.000 -1.0000 -4.000 -0.0002 0 NA
160.00 0.09375 160.1 0.00457 0 -4.000 -1.0000 -4.000 -0.0001 0 NA
165.00 0.09091 165.1 0.00623 0 -4.000 -1.0000 -4.000 -0.0002 0 NA
170.00 0.08824 170.1 0.00825 0 -4.000 -1.0000 -4.000 -0.0001 0 NA
175.00 0.08571 175.1 0.01066 0 -4.000 -1.0000 -4.000 -0.0001 0 NA
180.00 0.08333 180.1 0.01343 0 -4.000 -1.0000 -4.000 -0.0001 0 NA
185.00 0.08108 185.1 0.01655 0 -4.000 -1.0000 -4.000 -0.0001 0 NA
190.00 0.07895 190.1 0.02011 0 -4.000 -1.0000 -4.000 -0.0002 0 NA
195.00 0.07692 195.1 0.02393 0 -4.000 -1.0000 -4.000 -0.0001 0 NA
200.00 0.07500 200.1 0.02803 0 -4.000 -1.0000 -4.000 -0.0001 0 NA
205.00 0.07317 205.1 0.03238 0 -4.000 -1.0000 -4.000 -0.0002 0 NA
210.00 0.07143 210.1 0.03697 0 -4.000 -1.0000 -4.000 -0.0002 0 NA
215.00 0.06977 215.1 0.04162 0 -4.000 -1.0000 -4.000 -0.0002 0 NA
220.00 0.06818 220.1 0.04617 0 -4.000 -1.0000 -4.000 -0.0001 0 NA
225.00 0.06667 225.1 0.05108 0 -4.000 -1.0000 -4.000 -0.0001 0 NA
230.00 0.06522 230.1 0.05650 0 -4.000 -1.0000 -4.000 -0.0001 0 NA
235.00 0.06383 235.1 0.06142 0 -4.000 -1.0000 -4.000 -0.0001 0 NA
240.00 0.06250 234.2 0.06003 1 -4.000 -1.0000 -4.000 -0.0002 0 NA
0.00 0.10000 0.1 0.00000 0 -4.500 -1.0000 -4.499 -0.0001 0 NA
5.00 0.10000 5.1 0.00000 0 -4.500 -1.0000 -4.500 -0.0001 0 NA
10.00 0.10000 10.1 0.00000 0 -4.500 -1.0000 -4.500 -0.0001 0 NA
15.00 0.10000 15.1 0.00000 0 -4.500 -1.0000 -4.500 -0.0001 0 NA
20.00 0.10000 20.1 0.00000 0 -4.500 -1.0000 -4.500 -0.0001 0 NA
25.00 0.10000 25.1 0.00000 0 -4.500 -1.0000 -4.500 -0.0001 0 NA
30.00 0.10000 30.1 0.00000 0 -4.500 -1.0000 -4.500 -0.0001 0 NA
35.00 0.10000 35.1 0.00000 0 -4.500 -1.0000 -4.500 -0.0001 0 NA
40.00 0.10000 40.0 0.00000 0 -4.500 -1.0000 -4.499 -0.0002 0 NA
45.00 0.10000 45.0 0.00000 0 -4.500 -1.0000 -4.499 -0.0002 0 NA
50.00 0.10000 50.0 0.00000 0 -4.500 -1.0000 -4.500 -0.0001 0 NA
55.00 0.10000 55.0 0.00000 0 -4.500 -1.0000 -4.500 -0.0001 0 NA
60.00 0.10000 60.0 0.00000 0 -4.500 -1.0000 -4.499 -0.0002 0 NA
65.00 0.10000 65.0 0.00000 0 -4.500 -1.0000 -4.500 -0.0002 0 NA
70.00 0.10000 70.1 0.00000 0 -4.500 -1.0000 -4.500 -0.0001 0 NA
75.00 0.10000 75.1 0.00000 0 -4.500 -1.0000 -4.499 -0.0001 0 NA
80.00 0.10000 80.1 0.00000 0 -4.500 -1.0000 -4.500 -0.0001 0 NA
85.00 0.10000 85.1 0.00000 0 -4.500 -1.0000 -4.500 -0.0001 0 NA
90.00 0.10000 90.1 0.00000 0 -4.500 -1.0000 -4.500 -0.0001 0 NA
95.00 0.10000 95.1 0.00000 0 -4.500 -1.0000 -4.500 -0.0001 0 NA
100.00 0.10000 100.1 0.00000 0 -4.500 -1.0000 -4.499 -0.0002 0 NA
105.00 0.10000 105.1 0.00000 0 -4.500 -1.0000 -4.500 -0.0001 0 NA
110.00 0.10000 110.1 0.00000 0 -4.500 -1.0000 -4.499 -0.0002 0 NA
115.00 0.10000 115.1 0.00000 0 -4.500 -1.0000 -4.500 -0.0001 0 NA
120.00 0.10000 120.1 0.00005 0 -4.500 -1.0000 -4.500 -0.0002 0 NA
125.00 0.10000 125.1 0.00006 0 -4.500 -1.0000 -4.500 -0.0001 0 NA
130.00 0.10000 130.1 0.00009 0 -4.500 -1.0000 -4.500 -0.0001 0 NA
135.00 0.10000 135.1 0.00014 0 -4.500 -1.0000 -4.499 -0.0001 0 NA
140.00 0.10000 140.1 0.00022 0 -4.500 -1.0000 -4.499 -0.0001 0 NA
145.00 0.10000 145.1 0.00036 0 -4.500 -1.0000 -4.500 -0.0002 0 NA
150.00 0.10000 150.1 0.00059 0 -4.500 -1.0000 -4.500 -0.0001 0 NA
155.00 0.09677 155.1 0.00094 0 -4.500 -1.0000 -4.500 -0.0001 0 NA
160.00 0.09375 160.1 0.00145 0 -4.500 -1.0000 -4.500 -0.0001 0 NA
165.00 0.09091 165.1 0.00216 0 -4.500 -1.0000 -4.500 -0.0001 0 NA
170.00 0.08824 170.1 0.00312 0 -4.500 -1.0000 -4.500 -0.0002 0 NA
175.00 0.08571 175.1 0.00436 0 -4.500 -1.0000 -4.500 -0.0002 0 NA
180.00 0.08333 180.1 0.00591 0 -4.500 -1.0000 -4.500 -0.0001 0 NA
185.00 0.08108 185.1 0.00780 0 -4.500 -1.0000 -4.500 -0.0001 0 NA
190.00 0.07895 190.1 0.01005 0 -4.500 -1.0000 -4.499 -0.0001 0 NA
195.00 0.07692 195.1 0.01263 0 -4.500 -1.0000 -4.500 -0.0001 0 NA
200.00 0.07500 200.1 0.01556 0 -4.500 -1.0000 -4.500 -0.0002 0 NA
205.00 0.07317 205.1 0.01886 0 -4.500 -1.0000 -4.500 -0.0001 0 NA
210.00 0.07143 210.1 0.02250 0 -4.500 -1.0000 -4.500 -0.0001 0 NA
215.00 0.06977 215.1 0.02640 0 -4.500 -1.0000 -4.499 -0.0002 0 NA
220.00 0.06818 220.1 0.03052 0 -4.500 -1.0000 -4.500 -0.0001 0 NA
225.00 0.06667 225.1 0.03497 0 -4.500 -1.0000 -4.499 -0.0002 0 NA
230.00 0.06522 230.1 0.03944 0 -4.500 -1.0000 -4.499 -0.0001 0 NA
235.00 0.06383 235.1 0.04427 0 -4.500 -1.0000 -4.500 -0.0001 0 NA
240.00 0.06250 240.1 0.04899 0 -4.500 -1.0000 -4.500 -0.0001 0 NA
245.00 0.06122 245.1 0.05403 0 -4.500 -1.0000 -4.500 -0.0001 0 NA
250.00 0.06000 250.1 0.05896 0 -4.500 -1.0000 -4.500 -0.0001 0 NA
255.00 0.05882 251.8 0.06003 1 -4.500 -1.0000 -4.499 -0.0001 0 NA
0.00 0.10000 0.1 0.00000 0 -5.000 -1.0000 -5.000 -0.0001 0 NA
5.00 0.10000 5.1 0.00000 0 -5.000 -1.0000 -4.999 -0.0001 0 NA
10.00 0.10000 10.1 0.00000 0 -5.000 -1.0000 -5.000 -0.0001 0 NA
15.00 0.10000 15.1 0.00000 0 -5.000 -1.0000 -5.000 -0.0002 0 NA
20.00 0.10000 20.1 0.00000 0 -5.000 -1.0000 -4.999 -0.0001 0 NA
25.00 0.10000 25.1 0.00000 0 -5.000 -1.0000 -5.000 -0.0001 0 NA
30.00 0.10000 30.1 0.00000 0 -5.000 -1.0000 -5.000 -0.0001 0 NA
35.00 0.10000 35.1 0.00000 0 -5.000 -1.0000 -4.999 -0.0001 0 NA
40.00 0.10000 40.0 0.00000 0 -5.000 -1.0000 -4.999 -0.0001 0 NA
45.00 0.10000 45.0 0.00000 0 -5.000 -1.0000 -4.999 -0.0002 0 NA
50.00 0.10000 50.0 0.00000 0 -5.000 -1.0000 -5.000 -0.0002 0 NA
55.00 0.10000 55.0 0.00000 0 -5.000 -1.0000 -4.999 -0.0001 0 NA
60.00 0.10000 60.0 0.00000 0 -5.000 -1.0000 -5.000 -0.0002 0 NA
65.00 0.10000 65.0 0.00000 0 -5.000 -1.0000 -4.999 -0.0001 0 NA
70.00 0.10000 70.1 0.00000 0 -5.000 -1.0000 -4.999 -0.0002 0 NA
75.00 0.10000 75.1 0.00000 0 -5.000 -1.0000 -4.999 -0.0002 0 NA
80.00 0.10000 80.1 0.00000 0 -5.000 -1.0000 -4.999 -0.0001 0 NA
85.00 0.10000 85.1 0.00000 0 -5.000 -1.0000 -4.999 -0.0001 0 NA
90.00 0.10000 90.1 0.00000 0 -5.000 -1.0000 -5.000 -0.0001 0 NA
95.00 0.10000 95.1 0.00000 0 -5.000 -1.0000 -4.999 -0.0001 0 NA
100.00 0.10000 100.1 0.00000 0 -5.000 -1.0000 -4.999 -0.0001 0 NA
105.00 0.10000 105.1 0.00000 0 -5.000 -1.0000 -4.999 -0.0001 0 NA
110.00 0.10000 110.1 0.00000 0 -5.000 -1.0000 -4.999 -0.0002 0 NA
115.00 0.10000 115.1 0.00000 0 -5.000 -1.0000 -4.999 -0.0001 0 NA
120.00 0.10000 120.1 0.00000 0 -5.000 -1.0000 -5.000 -0.0001 0 NA
125.00 0.10000 125.1 0.00000 0 -5.000 -1.0000 -5.000 -0.0001 0 NA
130.00 0.10000 130.1 0.00000 0 -5.000 -1.0000 -5.000 -0.0001 0 NA
135.00 0.10000 135.1 0.00005 0 -5.000 -1.0000 -5.000 -0.0001 0 NA
140.00 0.10000 140.1 0.00007 0 -5.000 -1.0000 -5.000 -0.0001 0 NA
145.00 0.10000 145.1 0.00010 0 -5.000 -1.0000 -5.000 -0.0002 0 NA
150.00 0.10000 150.1 0.00015 0 -5.000 -1.0000 -4.999 -0.0001 0 NA
155.00 0.09677 155.1 0.00023 0 -5.000 -1.0000 -4.999 -0.0001 0 NA
160.00 0.09375 160.1 0.00038 0 -5.000 -1.0000 -5.000 -0.0001 0 NA
165.00 0.09091 165.1 0.00061 0 -5.000 -1.0000 -5.000 -0.0002 0 NA
170.00 0.08824 170.1 0.00094 0 -5.000 -1.0000 -5.000 -0.0001 0 NA
175.00 0.08571 175.1 0.00143 0 -5.000 -1.0000 -4.999 -0.0001 0 NA
180.00 0.08333 180.1 0.00211 0 -5.000 -1.0000 -5.000 -0.0001 0 NA
185.00 0.08108 185.1 0.00300 0 -5.000 -1.0000 -4.999 -0.0001 0 NA
190.00 0.07895 190.1 0.00416 0 -5.000 -1.0000 -4.999 -0.0001 0 NA
195.00 0.07692 195.1 0.00560 0 -5.000 -1.0000 -4.999 -0.0001 0 NA
200.00 0.07500 200.1 0.00737 0 -5.000 -1.0000 -4.999 -0.0001 0 NA
205.00 0.07317 205.1 0.00941 0 -5.000 -1.0000 -5.000 -0.0001 0 NA
210.00 0.07143 210.1 0.01185 0 -5.000 -1.0000 -5.000 -0.0001 0 NA
215.00 0.06977 215.1 0.01461 0 -5.000 -1.0000 -5.000 -0.0001 0 NA
220.00 0.06818 220.1 0.01772 0 -5.000 -1.0000 -4.999 -0.0002 0 NA
225.00 0.06667 225.1 0.02111 0 -5.000 -1.0000 -4.999 -0.0002 0 NA
230.00 0.06522 230.1 0.02479 0 -5.000 -1.0000 -5.000 -0.0001 0 NA
235.00 0.06383 235.1 0.02881 0 -5.000 -1.0000 -4.999 -0.0002 0 NA
240.00 0.06250 240.1 0.03294 0 -5.000 -1.0000 -5.000 -0.0001 0 NA
245.00 0.06122 245.1 0.03743 0 -5.000 -1.0000 -4.999 -0.0001 0 NA
250.00 0.06000 250.1 0.04187 0 -5.000 -1.0000 -4.999 -0.0001 0 NA
255.00 0.05882 255.1 0.04656 0 -5.000 -1.0000 -4.999 -0.0002 0 NA
260.00 0.05769 260.1 0.05121 0 -5.000 -1.0000 -5.000 -0.0001 0 NA
265.00 0.05660 265.1 0.05591 0 -5.000 -1.0000 -4.999 -0.0001 0 NA
270.00 0.05556 270.1 0.06097 1 -5.000 -1.0000 -4.999 -0.0001 0 NA
0.00 0.10000 0.1 0.00000 0 -5.500 -0.9091 -5.500 -0.0001 0 NA
5.00 0.10000 5.1 0.00000 0 -5.500 -0.9091 -5.500 -0.0001 0 NA
10.00 0.10000 10.1 0.00000 0 -5.500 -0.9091 -5.500 -0.0001 0 NA
15.00 0.10000 15.1 0.00000 0 -5.500 -0.9091 -5.500 -0.0001 0 NA
20.00 0.10000 20.1 0.00000 0 -5.500 -0.9091 -5.500 -0.0002 0 NA
25.00 0.10000 25.1 0.00000 0 -5.500 -0.9091 -5.500 -0.0002 0 NA
30.00 0.10000 30.1 0.00000 0 -5.500 -0.9091 -5.500 -0.0001 0 NA
35.00 0.10000 35.1 0.00000 0 -5.500 -0.9091 -5.500 -0.0002 0 NA
40.00 0.10000 40.0 0.00000 0 -5.500 -0.9091 -5.500 -0.0001 0 NA
45.00 0.10000 45.0 0.00000 0 -5.500 -0.9091 -5.500 -0.0001 0 NA
50.00 0.10000 50.1 0.00000 0 -5.500 -0.9091 -5.500 -0.0002 0 NA
55.00 0.10000 55.0 0.00000 0 -5.500 -0.9091 -5.500 -0.0001 0 NA
60.00 0.10000 60.0 0.00000 0 -5.500 -0.9091 -5.500 -0.0002 0 NA
65.00 0.10000 65.0 0.00000 0 -5.500 -0.9091 -5.500 -0.0001 0 NA
70.00 0.10000 70.1 0.00000 0 -5.500 -0.9091 -5.500 -0.0001 0 NA
75.00 0.10000 75.1 0.00000 0 -5.500 -0.9091 -5.500 -0.0002 0 NA
80.00 0.10000 80.1 0.00000 0 -5.500 -0.9091 -5.500 -0.0002 0 NA
85.00 0.10000 85.1 0.00000 0 -5.500 -0.9091 -5.500 -0.0001 0 NA
90.00 0.10000 90.1 0.00000 0 -5.500 -0.9091 -5.500 -0.0001 0 NA
95.00 0.10000 95.1 0.00000 0 -5.500 -0.9091 -5.500 -0.0001 0 NA
100.00 0.10000 100.1 0.00000 0 -5.500 -0.9091 -5.500 -0.0002 0 NA
105.00 0.10000 105.1 0.00000 0 -5.500 -0.9091 -5.500 -0.0001 0 NA
110.00 0.10000 110.1 0.00000 0 -5.500 -0.9091 -5.500 -0.0002 0 NA
115.00 0.10000 115.1 0.00000 0 -5.500 -0.9091 -5.500 -0.0001 0 NA
120.00 0.10000 120.1 0.00000 0 -5.500 -0.9091 -5.500 -0.0001 0 NA
125.00 0.10000 125.1 0.00000 0 -5.500 -0.9091 -5.500 -0.0001 0 NA
130.00 0.10000 130.1 0.00000 0 -5.500 -0.9091 -5.500 -0.0001 0 NA
135.00 0.10000 135.1 0.00000 0 -5.500 -0.9091 -5.500 -0.0001 0 NA
140.00 0.10000 140.1 0.00000 0 -5.500 -0.9091 -5.500 -0.0001 0 NA
145.00 0.10000 145.1 0.00005 0 -5.500 -0.9091 -5.500 -0.0001 0 NA
150.00 0.10000 150.1 0.00006 0 -5.500 -0.9091 -5.500 -0.0001 0 NA
155.00 0.09677 155.1 0.00007 0 -5.500 -0.9091 -5.500 -0.0001 0 NA
160.00 0.09375 160.1 0.00010 0 -5.500 -0.9091 -5.500 -0.0001 0 NA
165.00 0.09091 165.1 0.00016 0 -5.500 -0.9091 -5.500 -0.0001 0 NA
170.00 0.08824 170.1 0.00025 0 -5.500 -0.9091 -5.500 -0.0002 0 NA
175.00 0.08571 175.1 0.00039 0 -5.500 -0.9091 -5.500 -0.0001 0 NA
180.00 0.08333 180.1 0.00062 0 -5.500 -0.9091 -5.500 -0.0002 0 NA
185.00 0.08108 185.1 0.00095 0 -5.500 -0.9091 -5.500 -0.0002 0 NA
190.00 0.07895 190.1 0.00142 0 -5.500 -0.9091 -5.500 -0.0002 0 NA
195.00 0.07692 195.1 0.00205 0 -5.500 -0.9091 -5.500 -0.0001 0 NA
200.00 0.07500 200.1 0.00291 0 -5.500 -0.9091 -5.500 -0.0002 0 NA
205.00 0.07317 205.1 0.00398 0 -5.500 -0.9091 -5.500 -0.0001 0 NA
210.00 0.07143 210.1 0.00536 0 -5.500 -0.9091 -5.500 -0.0001 0 NA
215.00 0.06977 215.1 0.00701 0 -5.500 -0.9091 -5.500 -0.0001 0 NA
220.00 0.06818 220.1 0.00897 0 -5.500 -0.9091 -5.500 -0.0001 0 NA
225.00 0.06667 225.1 0.01125 0 -5.500 -0.9091 -5.500 -0.0001 0 NA
230.00 0.06522 230.1 0.01384 0 -5.500 -0.9091 -5.500 -0.0001 0 NA
235.00 0.06383 235.1 0.01675 0 -5.500 -0.9091 -5.500 -0.0002 0 NA
240.00 0.06250 240.1 0.02001 0 -5.500 -0.9091 -5.500 -0.0001 0 NA
245.00 0.06122 245.1 0.02349 0 -5.500 -0.9091 -5.500 -0.0001 0 NA
250.00 0.06000 250.1 0.02724 0 -5.500 -0.9091 -5.500 -0.0002 0 NA
255.00 0.05882 255.1 0.03128 0 -5.500 -0.9091 -5.500 -0.0001 0 NA
260.00 0.05769 260.1 0.03540 0 -5.500 -0.9091 -5.500 -0.0001 0 NA
265.00 0.05660 265.1 0.03967 0 -5.500 -0.9091 -5.500 -0.0002 0 NA
270.00 0.05556 270.1 0.04405 0 -5.500 -0.9091 -5.500 -0.0001 0 NA
275.00 0.05455 275.1 0.04870 0 -5.500 -0.9091 -5.500 -0.0002 0 NA
280.00 0.05357 280.1 0.05326 0 -5.500 -0.9091 -5.500 -0.0001 0 NA
285.00 0.05263 285.1 0.05785 1 -5.500 -0.9091 -5.500 -0.0001 0 NA
0.00 0.10000 0.1 0.00000 0 -6.000 -0.8333 -6.000 -0.0002 0 NA
5.00 0.10000 5.1 0.00000 0 -6.000 -0.8333 -6.000 -0.0001 0 NA
10.00 0.10000 10.1 0.00000 0 -6.000 -0.8333 -6.000 -0.0002 0 NA
15.00 0.10000 15.1 0.00000 0 -6.000 -0.8333 -6.000 -0.0001 0 NA
20.00 0.10000 20.1 0.00000 0 -6.000 -0.8333 -6.000 -0.0002 0 NA
25.00 0.10000 25.1 0.00000 0 -6.000 -0.8333 -6.000 -0.0001 0 NA
30.00 0.10000 30.1 0.00000 0 -6.000 -0.8333 -6.000 -0.0001 0 NA
35.00 0.10000 35.1 0.00000 0 -6.000 -0.8333 -6.000 -0.0001 0 NA
40.00 0.10000 40.0 0.00000 0 -6.000 -0.8333 -6.000 -0.0001 0 NA
45.00 0.10000 45.0 0.00000 0 -6.000 -0.8333 -6.000 -0.0001 0 NA
50.00 0.10000 50.0 0.00000 0 -6.000 -0.8333 -6.000 -0.0001 0 NA
55.00 0.10000 55.0 0.00000 0 -6.000 -0.8333 -6.000 -0.0002 0 NA
60.00 0.10000 60.0 0.00000 0 -6.000 -0.8333 -6.000 -0.0001 0 NA
65.00 0.10000 65.0 0.00000 0 -6.000 -0.8333 -6.000 -0.0001 0 NA
70.00 0.10000 70.1 0.00000 0 -6.000 -0.8333 -6.000 -0.0002 0 NA
75.00 0.10000 75.1 0.00000 0 -6.000 -0.8333 -6.000 -0.0002 0 NA
80.00 0.10000 80.1 0.00000 0 -6.000 -0.8333 -6.000 -0.0001 0 NA
85.00 0.10000 85.1 0.00000 0 -6.000 -0.8333 -6.000 -0.0002 0 NA
90.00 0.10000 90.1 0.00000 0 -6.000 -0.8333 -6.000 -0.0001 0 NA
95.00 0.10000 95.1 0.00000 0 -6.000 -0.8333 -6.000 -0.0001 0 NA
100.00 0.10000 100.1 0.00000 0 -6.000 -0.8333 -6.000 -0.0001 0 NA
105.00 0.10000 105.1 0.00000 0 -6.000 -0.8333 -6.000 -0.0001 0 NA
110.00 0.10000 110.1 0.00000 0 -6.000 -0.8333 -6.000 -0.0001 0 NA
115.00 0.10000 115.1 0.00000 0 -6.000 -0.8333 -6.000 -0.0002 0 NA
120.00 0.10000 120.1 0.00000 0 -6.000 -0.8333 -6.000 -0.0001 0 NA
125.00 0.10000 125.1 0.00000 0 -6.000 -0.8333 -6.000 -0.0001 0 NA
130.00 0.10000 130.1 0.00000 0 -6.000 -0.8333 -6.000 -0.0001 0 NA
135.00 0.10000 135.1 0.00000 0 -6.000 -0.8333 -6.000 -0.0001 0 NA
140.00 0.10000 140.1 0.00000 0 -6.000 -0.8333 -6.000 -0.0001 0 NA
145.00 0.10000 145.1 0.00000 0 -6.000 -0.8333 -6.000 -0.0001 0 NA
150.00 0.10000 150.1 0.00000 0 -6.000 -0.8333 -6.000 -0.0001 0 NA
155.00 0.09677 155.1 0.00000 0 -6.000 -0.8333 -6.000 -0.0002 0 NA
160.00 0.09375 160.1 0.00005 0 -6.000 -0.8333 -6.000 -0.0001 0 NA
165.00 0.09091 165.1 0.00006 0 -6.000 -0.8333 -6.000 -0.0001 0 NA
170.00 0.08824 170.1 0.00007 0 -6.000 -0.8333 -6.000 -0.0002 0 NA
175.00 0.08571 175.1 0.00012 0 -6.000 -0.8333 -6.000 -0.0001 0 NA
180.00 0.08333 180.1 0.00017 0 -6.000 -0.8333 -6.000 -0.0002 0 NA
185.00 0.08108 185.1 0.00027 0 -6.000 -0.8333 -6.000 -0.0001 0 NA
190.00 0.07895 190.1 0.00042 0 -6.000 -0.8333 -6.000 -0.0001 0 NA
195.00 0.07692 195.1 0.00063 0 -6.000 -0.8333 -6.000 -0.0002 0 NA
200.00 0.07500 200.1 0.00095 0 -6.000 -0.8333 -6.000 -0.0001 0 NA
205.00 0.07317 205.1 0.00141 0 -6.000 -0.8333 -6.000 -0.0001 0 NA
210.00 0.07143 210.1 0.00201 0 -6.000 -0.8333 -6.000 -0.0002 0 NA
215.00 0.06977 215.1 0.00282 0 -6.000 -0.8333 -6.000 -0.0001 0 NA
220.00 0.06818 220.1 0.00384 0 -6.000 -0.8333 -6.000 -0.0001 0 NA
225.00 0.06667 225.1 0.00512 0 -6.000 -0.8333 -6.000 -0.0001 0 NA
230.00 0.06522 230.1 0.00668 0 -6.000 -0.8333 -6.000 -0.0002 0 NA
235.00 0.06383 235.1 0.00854 0 -6.000 -0.8333 -6.000 -0.0001 0 NA
240.00 0.06250 240.1 0.01068 0 -6.000 -0.8333 -6.000 -0.0002 0 NA
245.00 0.06122 245.1 0.01310 0 -6.000 -0.8333 -6.000 -0.0002 0 NA
250.00 0.06000 250.1 0.01589 0 -6.000 -0.8333 -6.000 -0.0001 0 NA
255.00 0.05882 255.1 0.01889 0 -6.000 -0.8333 -6.000 -0.0002 0 NA
260.00 0.05769 260.1 0.02218 0 -6.000 -0.8333 -6.000 -0.0002 0 NA
265.00 0.05660 265.1 0.02571 0 -6.000 -0.8333 -6.000 -0.0002 0 NA
270.00 0.05556 270.1 0.02959 0 -6.000 -0.8333 -5.999 -0.0001 0 NA
275.00 0.05455 275.1 0.03351 0 -6.000 -0.8333 -6.000 -0.0001 0 NA
280.00 0.05357 280.1 0.03759 0 -6.000 -0.8333 -6.000 -0.0001 0 NA
285.00 0.05263 285.1 0.04194 0 -6.000 -0.8333 -6.000 -0.0001 0 NA
290.00 0.05172 290.1 0.04623 0 -6.000 -0.8333 -6.000 -0.0002 0 NA
295.00 0.05085 295.1 0.05060 0 -6.000 -0.8333 -6.000 -0.0002 0 NA
300.00 0.05000 284.4 0.04002 1 -6.000 -0.8333 -6.000 -0.0001 0 NA
0.00 0.10000 0.1 0.00000 0 -6.500 -0.7692 -6.500 -0.0001 0 NA
5.00 0.10000 5.1 0.00000 0 -6.500 -0.7692 -6.500 -0.0001 0 NA
10.00 0.10000 10.1 0.00000 0 -6.500 -0.7692 -6.500 -0.0002 0 NA
15.00 0.10000 15.1 0.00000 0 -6.500 -0.7692 -6.500 -0.0001 0 NA
20.00 0.10000 20.1 0.00000 0 -6.500 -0.7692 -6.500 -0.0002 0 NA
25.00 0.10000 25.1 0.00000 0 -6.500 -0.7692 -6.500 -0.0001 0 NA
30.00 0.10000 30.1 0.00000 0 -6.500 -0.7692 -6.500 -0.0002 0 NA
35.00 0.10000 35.1 0.00000 0 -6.500 -0.7692 -6.500 -0.0002 0 NA
40.00 0.10000 40.0 0.00000 0 -6.500 -0.7692 -6.500 -0.0002 0 NA
45.00 0.10000 45.0 0.00000 0 -6.500 -0.7692 -6.500 -0.0002 0 NA
50.00 0.10000 50.0 0.00000 0 -6.500 -0.7692 -6.500 -0.0001 0 NA
55.00 0.10000 55.0 0.00000 0 -6.500 -0.7692 -6.500 -0.0001 0 NA
60.00 0.10000 60.0 0.00000 0 -6.500 -0.7692 -6.500 -0.0001 0 NA
65.00 0.10000 65.0 0.00000 0 -6.500 -0.7692 -6.500 -0.0001 0 NA
70.00 0.10000 70.1 0.00000 0 -6.500 -0.7692 -6.500 -0.0001 0 NA
75.00 0.10000 75.1 0.00000 0 -6.500 -0.7692 -6.500 -0.0001 0 NA
80.00 0.10000 80.1 0.00000 0 -6.500 -0.7692 -6.500 -0.0001 0 NA
85.00 0.10000 85.1 0.00000 0 -6.500 -0.7692 -6.500 -0.0002 0 NA
90.00 0.10000 90.1 0.00000 0 -6.500 -0.7692 -6.500 -0.0002 0 NA
95.00 0.10000 95.1 0.00000 0 -6.500 -0.7692 -6.500 -0.0001 0 NA
100.00 0.10000 100.1 0.00000 0 -6.500 -0.7692 -6.500 -0.0001 0 NA
105.00 0.10000 105.1 0.00000 0 -6.500 -0.7692 -6.500 -0.0002 0 NA
110.00 0.10000 110.1 0.00000 0 -6.500 -0.7692 -6.500 -0.0001 0 NA
115.00 0.10000 115.1 0.00000 0 -6.500 -0.7692 -6.500 -0.0001 0 NA
120.00 0.10000 120.1 0.00000 0 -6.500 -0.7692 -6.500 -0.0001 0 NA
125.00 0.10000 125.1 0.00000 0 -6.500 -0.7692 -6.500 -0.0001 0 NA
130.00 0.10000 130.1 0.00000 0 -6.500 -0.7692 -6.500 -0.0002 0 NA
135.00 0.10000 135.1 0.00000 0 -6.500 -0.7692 -6.500 -0.0001 0 NA
140.00 0.10000 140.1 0.00000 0 -6.500 -0.7692 -6.500 -0.0002 0 NA
145.00 0.10000 145.1 0.00000 0 -6.500 -0.7692 -6.500 -0.0002 0 NA
150.00 0.10000 150.1 0.00000 0 -6.500 -0.7692 -6.500 -0.0001 0 NA
155.00 0.09677 155.1 0.00000 0 -6.500 -0.7692 -6.500 -0.0001 0 NA
160.00 0.09375 160.1 0.00000 0 -6.500 -0.7692 -6.500 -0.0001 0 NA
165.00 0.09091 165.1 0.00000 0 -6.500 -0.7692 -6.500 -0.0001 0 NA
170.00 0.08824 170.1 0.00000 0 -6.500 -0.7692 -6.500 -0.0001 0 NA
175.00 0.08571 175.1 0.00005 0 -6.500 -0.7692 -6.500 -0.0001 0 NA
180.00 0.08333 180.1 0.00007 0 -6.500 -0.7692 -6.500 -0.0001 0 NA
185.00 0.08108 185.1 0.00008 0 -6.500 -0.7692 -6.500 -0.0001 0 NA
190.00 0.07895 190.1 0.00013 0 -6.500 -0.7692 -6.500 -0.0001 0 NA
195.00 0.07692 195.1 0.00019 0 -6.500 -0.7692 -6.500 -0.0001 0 NA
200.00 0.07500 200.1 0.00028 0 -6.500 -0.7692 -6.500 -0.0001 0 NA
205.00 0.07317 205.1 0.00043 0 -6.500 -0.7692 -6.500 -0.0001 0 NA
210.00 0.07143 210.1 0.00064 0 -6.500 -0.7692 -6.500 -0.0001 0 NA
215.00 0.06977 215.1 0.00096 0 -6.500 -0.7692 -6.500 -0.0001 0 NA
220.00 0.06818 220.1 0.00139 0 -6.500 -0.7692 -6.500 -0.0002 0 NA
225.00 0.06667 225.1 0.00198 0 -6.500 -0.7692 -6.500 -0.0002 0 NA
230.00 0.06522 230.1 0.00273 0 -6.500 -0.7692 -6.500 -0.0002 0 NA
235.00 0.06383 235.1 0.00370 0 -6.500 -0.7692 -6.500 -0.0001 0 NA
240.00 0.06250 240.1 0.00491 0 -6.500 -0.7692 -6.500 -0.0002 0 NA
245.00 0.06122 245.1 0.00636 0 -6.500 -0.7692 -6.500 -0.0001 0 NA
250.00 0.06000 250.1 0.00809 0 -6.500 -0.7692 -6.500 -0.0001 0 NA
255.00 0.05882 255.1 0.01008 0 -6.500 -0.7692 -6.500 -0.0002 0 NA
260.00 0.05769 260.1 0.01241 0 -6.500 -0.7692 -6.500 -0.0001 0 NA
265.00 0.05660 265.1 0.01497 0 -6.500 -0.7692 -6.500 -0.0001 0 NA
270.00 0.05556 270.1 0.01781 0 -6.500 -0.7692 -6.500 -0.0002 0 NA
275.00 0.05455 275.1 0.02098 0 -6.500 -0.7692 -6.500 -0.0001 0 NA
280.00 0.05357 280.1 0.02434 0 -6.500 -0.7692 -6.500 -0.0002 0 NA
285.00 0.05263 285.1 0.02788 0 -6.500 -0.7692 -6.500 -0.0001 0 NA
290.00 0.05172 290.1 0.03162 0 -6.500 -0.7692 -6.500 -0.0001 0 NA
295.00 0.05085 295.1 0.03565 0 -6.500 -0.7692 -6.500 -0.0001 0 NA
300.00 0.05000 300.1 0.03965 0 -6.500 -0.7692 -6.500 -0.0001 0 NA
305.00 0.04918 301.3 0.04002 1 -6.500 -0.7692 -6.500 -0.0001 0 NA
0.00 0.10000 0.1 0.00000 0 -7.000 -0.7143 -7.000 -0.0001 0 NA
5.00 0.10000 5.1 0.00000 0 -7.000 -0.7143 -7.000 -0.0001 0 NA
10.00 0.10000 10.1 0.00000 0 -7.000 -0.7143 -7.000 -0.0001 0 NA
15.00 0.10000 15.1 0.00000 0 -7.000 -0.7143 -7.000 -0.0002 0 NA
20.00 0.10000 20.1 0.00000 0 -7.000 -0.7143 -7.000 -0.0001 0 NA
25.00 0.10000 25.1 0.00000 0 -7.000 -0.7143 -7.000 -0.0001 0 NA
30.00 0.10000 30.1 0.00000 0 -7.000 -0.7143 -7.000 -0.0001 0 NA
35.00 0.10000 35.1 0.00000 0 -7.000 -0.7143 -7.000 -0.0001 0 NA
40.00 0.10000 40.0 0.00000 0 -7.000 -0.7143 -7.000 -0.0001 0 NA
45.00 0.10000 45.0 0.00000 0 -7.000 -0.7143 -7.000 -0.0002 0 NA
50.00 0.10000 50.0 0.00000 0 -7.000 -0.7143 -7.000 -0.0001 0 NA
55.00 0.10000 55.0 0.00000 0 -7.000 -0.7143 -7.000 -0.0001 0 NA
60.00 0.10000 60.0 0.00000 0 -7.000 -0.7143 -7.000 -0.0002 0 NA
65.00 0.10000 65.0 0.00000 0 -7.000 -0.7143 -7.000 -0.0001 0 NA
70.00 0.10000 70.1 0.00000 0 -7.000 -0.7143 -7.000 -0.0002 0 NA
75.00 0.10000 75.1 0.00000 0 -7.000 -0.7143 -7.000 -0.0001 0 NA
80.00 0.10000 80.1 0.00000 0 -7.000 -0.7143 -7.000 -0.0001 0 NA
85.00 0.10000 85.1 0.00000 0 -7.000 -0.7143 -7.000 -0.0001 0 NA
90.00 0.10000 90.1 0.00000 0 -7.000 -0.7143 -7.000 -0.0002 0 NA
95.00 0.10000 95.1 0.00000 0 -7.000 -0.7143 -7.000 -0.0001 0 NA
100.00 0.10000 100.1 0.00000 0 -7.000 -0.7143 -7.000 -0.0001 0 NA
105.00 0.10000 105.1 0.00000 0 -7.000 -0.7143 -7.000 -0.0002 0 NA
110.00 0.10000 110.1 0.00000 0 -7.000 -0.7143 -7.000 -0.0001 0 NA
115.00 0.10000 115.1 0.00000 0 -7.000 -0.7143 -7.000 -0.0001 0 NA
120.00 0.10000 120.1 0.00000 0 -7.000 -0.7143 -7.000 -0.0002 0 NA
125.00 0.10000 125.1 0.00000 0 -7.000 -0.7143 -7.000 -0.0001 0 NA
130.00 0.10000 130.1 0.00000 0 -7.000 -0.7143 -7.000 -0.0001 0 NA
135.00 0.10000 135.1 0.00000 0 -7.000 -0.7143 -7.000 -0.0002 0 NA
140.00 0.10000 140.1 0.00000 0 -7.000 -0.7143 -7.000 -0.0001 0 NA
145.00 0.10000 145.1 0.00000 0 -7.000 -0.7143 -7.000 -0.0002 0 NA
150.00 0.10000 150.1 0.00000 0 -7.000 -0.7143 -7.000 -0.0002 0 NA
155.00 0.09677 155.1 0.00000 0 -7.000 -0.7143 -7.000 -0.0001 0 NA
160.00 0.09375 160.1 0.00000 0 -7.000 -0.7143 -7.000 -0.0001 0 NA
165.00 0.09091 165.1 0.00000 0 -7.000 -0.7143 -7.000 -0.0001 0 NA
170.00 0.08824 170.1 0.00000 0 -7.000 -0.7143 -7.000 -0.0002 0 NA
175.00 0.08571 175.1 0.00000 0 -7.000 -0.7143 -7.000 -0.0001 0 NA
180.00 0.08333 180.1 0.00000 0 -7.000 -0.7143 -7.000 -0.0001 0 NA
185.00 0.08108 185.1 0.00005 0 -7.000 -0.7143 -7.000 -0.0002 0 NA
190.00 0.07895 190.1 0.00006 0 -7.000 -0.7143 -7.000 -0.0001 0 NA
195.00 0.07692 195.1 0.00007 0 -7.000 -0.7143 -7.000 -0.0001 0 NA
200.00 0.07500 200.1 0.00009 0 -7.000 -0.7143 -7.000 -0.0002 0 NA
205.00 0.07317 205.0 0.00014 0 -7.000 -0.7143 -7.000 -0.0001 0 NA
210.00 0.07143 210.1 0.00020 0 -7.000 -0.7143 -7.000 -0.0001 0 NA
215.00 0.06977 215.1 0.00029 0 -7.000 -0.7143 -7.000 -0.0001 0 NA
220.00 0.06818 220.1 0.00044 0 -7.000 -0.7143 -7.000 -0.0002 0 NA
225.00 0.06667 225.1 0.00066 0 -7.000 -0.7143 -7.000 -0.0001 0 NA
230.00 0.06522 230.1 0.00096 0 -7.000 -0.7143 -7.000 -0.0002 0 NA
235.00 0.06383 235.1 0.00138 0 -7.000 -0.7143 -7.000 -0.0001 0 NA
240.00 0.06250 240.1 0.00193 0 -7.000 -0.7143 -7.000 -0.0001 0 NA
245.00 0.06122 245.1 0.00266 0 -7.000 -0.7143 -7.000 -0.0001 0 NA
250.00 0.06000 250.1 0.00357 0 -7.000 -0.7143 -7.000 -0.0001 0 NA
255.00 0.05882 255.1 0.00470 0 -7.000 -0.7143 -7.000 -0.0001 0 NA
260.00 0.05769 260.1 0.00607 0 -7.000 -0.7143 -7.000 -0.0001 0 NA
265.00 0.05660 265.1 0.00770 0 -7.000 -0.7143 -7.000 -0.0001 0 NA
270.00 0.05556 270.1 0.00958 0 -7.000 -0.7143 -7.000 -0.0001 0 NA
275.00 0.05455 275.1 0.01172 0 -7.000 -0.7143 -7.000 -0.0002 0 NA
280.00 0.05357 280.1 0.01419 0 -7.000 -0.7143 -7.000 -0.0001 0 NA
285.00 0.05263 285.1 0.01686 0 -7.000 -0.7143 -7.000 -0.0001 0 NA
290.00 0.05172 290.1 0.01979 0 -7.000 -0.7143 -7.000 -0.0002 0 NA
295.00 0.05085 295.1 0.02293 0 -7.000 -0.7143 -7.000 -0.0001 0 NA
300.00 0.05000 300.1 0.02642 0 -7.000 -0.7143 -7.000 -0.0001 0 NA
305.00 0.04918 305.1 0.02996 0 -7.000 -0.7143 -7.000 -0.0001 0 NA
310.00 0.04839 310.1 0.03367 0 -7.000 -0.7143 -7.000 -0.0001 0 NA
315.00 0.04762 315.1 0.03769 0 -7.000 -0.7143 -7.000 -0.0001 0 NA
320.00 0.04688 320.1 0.04162 0 -7.000 -0.7143 -7.000 -0.0002 0 NA
325.00 0.04615 319.1 0.04002 1 -7.000 -0.7143 -7.000 -0.0001 0 NA
0.00 0.10000 0.1 0.00000 0 -7.500 -0.6667 -7.499 -0.0001 0 NA
5.00 0.10000 5.1 0.00000 0 -7.500 -0.6667 -7.499 -0.0002 0 NA
10.00 0.10000 10.1 0.00000 0 -7.500 -0.6667 -7.499 -0.0001 0 NA
15.00 0.10000 15.1 0.00000 0 -7.500 -0.6667 -7.499 -0.0001 0 NA
20.00 0.10000 20.1 0.00000 0 -7.500 -0.6667 -7.499 -0.0001 0 NA
25.00 0.10000 25.1 0.00000 0 -7.500 -0.6667 -7.499 -0.0002 0 NA
30.00 0.10000 30.1 0.00000 0 -7.500 -0.6667 -7.499 -0.0001 0 NA
35.00 0.10000 35.1 0.00000 0 -7.500 -0.6667 -7.499 -0.0001 0 NA
40.00 0.10000 40.0 0.00000 0 -7.500 -0.6667 -7.499 -0.0002 0 NA
45.00 0.10000 45.0 0.00000 0 -7.500 -0.6667 -7.499 -0.0001 0 NA
50.00 0.10000 50.0 0.00000 0 -7.500 -0.6667 -7.499 -0.0001 0 NA
55.00 0.10000 55.0 0.00000 0 -7.500 -0.6667 -7.499 -0.0002 0 NA
60.00 0.10000 60.0 0.00000 0 -7.500 -0.6667 -7.499 -0.0001 0 NA
65.00 0.10000 65.0 0.00000 0 -7.500 -0.6667 -7.499 -0.0001 0 NA
70.00 0.10000 70.1 0.00000 0 -7.500 -0.6667 -7.499 -0.0001 0 NA
75.00 0.10000 75.1 0.00000 0 -7.500 -0.6667 -7.499 -0.0001 0 NA
80.00 0.10000 80.1 0.00000 0 -7.500 -0.6667 -7.499 -0.0001 0 NA
85.00 0.10000 85.1 0.00000 0 -7.500 -0.6667 -7.499 -0.0001 0 NA
90.00 0.10000 90.1 0.00000 0 -7.500 -0.6667 -7.499 -0.0002 0 NA
95.00 0.10000 95.1 0.00000 0 -7.500 -0.6667 -7.499 -0.0001 0 NA
100.00 0.10000 100.1 0.00000 0 -7.500 -0.6667 -7.499 -0.0001 0 NA
105.00 0.10000 105.1 0.00000 0 -7.500 -0.6667 -7.499 -0.0001 0 NA
110.00 0.10000 110.1 0.00000 0 -7.500 -0.6667 -7.499 -0.0001 0 NA
115.00 0.10000 115.1 0.00000 0 -7.500 -0.6667 -7.499 -0.0001 0 NA
120.00 0.10000 120.1 0.00000 0 -7.500 -0.6667 -7.499 -0.0002 0 NA
125.00 0.10000 125.1 0.00000 0 -7.500 -0.6667 -7.499 -0.0001 0 NA
130.00 0.10000 130.1 0.00000 0 -7.500 -0.6667 -7.499 -0.0002 0 NA
135.00 0.10000 135.1 0.00000 0 -7.500 -0.6667 -7.499 -0.0001 0 NA
140.00 0.10000 140.1 0.00000 0 -7.500 -0.6667 -7.499 -0.0001 0 NA
145.00 0.10000 145.1 0.00000 0 -7.500 -0.6667 -7.499 -0.0002 0 NA
150.00 0.10000 150.1 0.00000 0 -7.500 -0.6667 -7.499 -0.0001 0 NA
155.00 0.09677 155.1 0.00000 0 -7.500 -0.6667 -7.499 -0.0002 0 NA
160.00 0.09375 160.1 0.00000 0 -7.500 -0.6667 -7.499 -0.0001 0 NA
165.00 0.09091 165.1 0.00000 0 -7.500 -0.6667 -7.499 -0.0001 0 NA
170.00 0.08824 170.1 0.00000 0 -7.500 -0.6667 -7.499 -0.0001 0 NA
175.00 0.08571 175.1 0.00000 0 -7.500 -0.6667 -7.499 -0.0001 0 NA
180.00 0.08333 180.1 0.00000 0 -7.500 -0.6667 -7.499 -0.0001 0 NA
185.00 0.08108 185.1 0.00000 0 -7.500 -0.6667 -7.499 -0.0002 0 NA
190.00 0.07895 190.1 0.00000 0 -7.500 -0.6667 -7.499 -0.0001 0 NA
195.00 0.07692 195.1 0.00000 0 -7.500 -0.6667 -7.499 -0.0001 0 NA
200.00 0.07500 200.1 0.00005 0 -7.500 -0.6667 -7.499 -0.0002 0 NA
205.00 0.07317 205.1 0.00006 0 -7.500 -0.6667 -7.499 -0.0002 0 NA
210.00 0.07143 210.1 0.00007 0 -7.500 -0.6667 -7.499 -0.0001 0 NA
215.00 0.06977 215.1 0.00010 0 -7.500 -0.6667 -7.499 -0.0001 0 NA
220.00 0.06818 220.1 0.00014 0 -7.500 -0.6667 -7.499 -0.0001 0 NA
225.00 0.06667 225.1 0.00021 0 -7.500 -0.6667 -7.499 -0.0001 0 NA
230.00 0.06522 230.1 0.00031 0 -7.500 -0.6667 -7.499 -0.0001 0 NA
235.00 0.06383 235.1 0.00046 0 -7.500 -0.6667 -7.499 -0.0001 0 NA
240.00 0.06250 240.1 0.00067 0 -7.500 -0.6667 -7.499 -0.0001 0 NA
245.00 0.06122 245.1 0.00097 0 -7.500 -0.6667 -7.499 -0.0002 0 NA
250.00 0.06000 250.1 0.00137 0 -7.500 -0.6667 -7.499 -0.0001 0 NA
255.00 0.05882 255.1 0.00191 0 -7.500 -0.6667 -7.499 -0.0002 0 NA
260.00 0.05769 260.1 0.00259 0 -7.500 -0.6667 -7.499 -0.0002 0 NA
265.00 0.05660 265.1 0.00346 0 -7.500 -0.6667 -7.499 -0.0001 0 NA
270.00 0.05556 270.1 0.00454 0 -7.500 -0.6667 -7.499 -0.0001 0 NA
275.00 0.05455 275.1 0.00582 0 -7.500 -0.6667 -7.499 -0.0001 0 NA
280.00 0.05357 280.1 0.00735 0 -7.500 -0.6667 -7.499 -0.0001 0 NA
285.00 0.05263 285.1 0.00912 0 -7.500 -0.6667 -7.499 -0.0001 0 NA
290.00 0.05172 290.1 0.01118 0 -7.500 -0.6667 -7.499 -0.0001 0 NA
295.00 0.05085 295.1 0.01345 0 -7.500 -0.6667 -7.499 -0.0001 0 NA
300.00 0.05000 300.1 0.01597 0 -7.500 -0.6667 -7.499 -0.0001 0 NA
305.00 0.04918 305.1 0.01881 0 -7.500 -0.6667 -7.499 -0.0001 0 NA
310.00 0.04839 310.1 0.02180 0 -7.500 -0.6667 -7.499 -0.0001 0 NA
315.00 0.04762 315.1 0.02498 0 -7.500 -0.6667 -7.499 -0.0002 0 NA
320.00 0.04688 320.1 0.02837 0 -7.500 -0.6667 -7.499 -0.0001 0 NA
325.00 0.04615 325.1 0.03207 0 -7.500 -0.6667 -7.499 -0.0001 0 NA
330.00 0.04545 330.1 0.03571 0 -7.500 -0.6667 -7.500 -0.0001 0 NA
335.00 0.04478 335.1 0.03948 0 -7.500 -0.6667 -7.499 -0.0001 0 NA
340.00 0.04412 336.7 0.04002 1 -7.500 -0.6667 -7.499 -0.0001 0 NA
0.00 0.10000 0.1 0.00000 0 -8.000 -0.6250 -7.999 -0.0001 0 NA
5.00 0.10000 5.1 0.00000 0 -8.000 -0.6250 -7.999 -0.0002 0 NA
10.00 0.10000 10.1 0.00000 0 -8.000 -0.6250 -7.999 -0.0001 0 NA
15.00 0.10000 15.1 0.00000 0 -8.000 -0.6250 -7.999 -0.0002 0 NA
20.00 0.10000 20.1 0.00000 0 -8.000 -0.6250 -7.999 -0.0001 0 NA
25.00 0.10000 25.1 0.00000 0 -8.000 -0.6250 -7.999 -0.0001 0 NA
30.00 0.10000 30.1 0.00000 0 -8.000 -0.6250 -7.999 -0.0001 0 NA
35.00 0.10000 35.1 0.00000 0 -8.000 -0.6250 -7.999 -0.0001 0 NA
40.00 0.10000 40.0 0.00000 0 -8.000 -0.6250 -7.999 -0.0001 0 NA
45.00 0.10000 45.0 0.00000 0 -8.000 -0.6250 -7.999 -0.0001 0 NA
50.00 0.10000 50.0 0.00000 0 -8.000 -0.6250 -7.999 -0.0001 0 NA
55.00 0.10000 55.0 0.00000 0 -8.000 -0.6250 -7.999 -0.0001 0 NA
60.00 0.10000 60.0 0.00000 0 -8.000 -0.6250 -7.999 -0.0001 0 NA
65.00 0.10000 65.0 0.00000 0 -8.000 -0.6250 -7.999 -0.0002 0 NA
70.00 0.10000 70.1 0.00000 0 -8.000 -0.6250 -7.999 -0.0001 0 NA
75.00 0.10000 75.1 0.00000 0 -8.000 -0.6250 -7.999 -0.0001 0 NA
80.00 0.10000 80.1 0.00000 0 -8.000 -0.6250 -7.999 -0.0002 0 NA
85.00 0.10000 85.1 0.00000 0 -8.000 -0.6250 -7.999 -0.0002 0 NA
90.00 0.10000 90.1 0.00000 0 -8.000 -0.6250 -7.999 -0.0001 0 NA
95.00 0.10000 95.1 0.00000 0 -8.000 -0.6250 -7.999 -0.0001 0 NA
100.00 0.10000 100.1 0.00000 0 -8.000 -0.6250 -8.000 -0.0001 0 NA
105.00 0.10000 105.1 0.00000 0 -8.000 -0.6250 -7.999 -0.0001 0 NA
110.00 0.10000 110.1 0.00000 0 -8.000 -0.6250 -7.999 -0.0001 0 NA
115.00 0.10000 115.1 0.00000 0 -8.000 -0.6250 -7.999 -0.0001 0 NA
120.00 0.10000 120.1 0.00000 0 -8.000 -0.6250 -7.999 -0.0001 0 NA
125.00 0.10000 125.1 0.00000 0 -8.000 -0.6250 -7.999 -0.0001 0 NA
130.00 0.10000 130.1 0.00000 0 -8.000 -0.6250 -7.999 -0.0001 0 NA
135.00 0.10000 135.1 0.00000 0 -8.000 -0.6250 -7.999 -0.0001 0 NA
140.00 0.10000 140.1 0.00000 0 -8.000 -0.6250 -7.999 -0.0002 0 NA
145.00 0.10000 145.1 0.00000 0 -8.000 -0.6250 -7.999 -0.0001 0 NA
150.00 0.10000 150.1 0.00000 0 -8.000 -0.6250 -7.999 -0.0002 0 NA
155.00 0.09677 155.1 0.00000 0 -8.000 -0.6250 -7.999 -0.0002 0 NA
160.00 0.09375 160.1 0.00000 0 -8.000 -0.6250 -7.999 -0.0001 0 NA
165.00 0.09091 165.1 0.00000 0 -8.000 -0.6250 -7.999 -0.0001 0 NA
170.00 0.08824 170.1 0.00000 0 -8.000 -0.6250 -7.999 -0.0001 0 NA
175.00 0.08571 175.1 0.00000 0 -8.000 -0.6250 -7.999 -0.0002 0 NA
180.00 0.08333 180.1 0.00000 0 -8.000 -0.6250 -7.999 -0.0002 0 NA
185.00 0.08108 185.1 0.00000 0 -8.000 -0.6250 -7.999 -0.0001 0 NA
190.00 0.07895 190.1 0.00000 0 -8.000 -0.6250 -7.999 -0.0001 0 NA
195.00 0.07692 195.1 0.00000 0 -8.000 -0.6250 -7.999 -0.0002 0 NA
200.00 0.07500 200.1 0.00000 0 -8.000 -0.6250 -7.999 -0.0001 0 NA
205.00 0.07317 205.1 0.00000 0 -8.000 -0.6250 -7.999 -0.0001 0 NA
210.00 0.07143 210.1 0.00005 0 -8.000 -0.6250 -7.999 -0.0001 0 NA
215.00 0.06977 215.1 0.00005 0 -8.000 -0.6250 -7.999 -0.0001 0 NA
220.00 0.06818 220.1 0.00007 0 -8.000 -0.6250 -7.999 -0.0002 0 NA
225.00 0.06667 225.1 0.00008 0 -8.000 -0.6250 -7.999 -0.0001 0 NA
230.00 0.06522 230.1 0.00011 0 -8.000 -0.6250 -7.999 -0.0001 0 NA
235.00 0.06383 235.1 0.00015 0 -8.000 -0.6250 -7.999 -0.0002 0 NA
240.00 0.06250 240.1 0.00022 0 -8.000 -0.6250 -7.999 -0.0001 0 NA
245.00 0.06122 245.1 0.00033 0 -8.000 -0.6250 -7.999 -0.0002 0 NA
250.00 0.06000 250.1 0.00048 0 -8.000 -0.6250 -8.000 -0.0001 0 NA
255.00 0.05882 255.1 0.00069 0 -8.000 -0.6250 -7.999 -0.0001 0 NA
260.00 0.05769 260.1 0.00098 0 -8.000 -0.6250 -7.999 -0.0001 0 NA
265.00 0.05660 265.1 0.00136 0 -8.000 -0.6250 -7.999 -0.0001 0 NA
270.00 0.05556 270.1 0.00188 0 -8.000 -0.6250 -7.999 -0.0001 0 NA
275.00 0.05455 275.1 0.00254 0 -8.000 -0.6250 -7.999 -0.0001 0 NA
280.00 0.05357 280.1 0.00336 0 -8.000 -0.6250 -7.999 -0.0001 0 NA
285.00 0.05263 285.1 0.00437 0 -8.000 -0.6250 -7.999 -0.0001 0 NA
290.00 0.05172 290.1 0.00559 0 -8.000 -0.6250 -7.999 -0.0001 0 NA
295.00 0.05085 295.1 0.00704 0 -8.000 -0.6250 -7.999 -0.0001 0 NA
300.00 0.05000 300.1 0.00871 0 -8.000 -0.6250 -7.999 -0.0001 0 NA
305.00 0.04918 305.1 0.01062 0 -8.000 -0.6250 -7.999 -0.0001 0 NA
310.00 0.04839 310.1 0.01282 0 -8.000 -0.6250 -7.999 -0.0001 0 NA
315.00 0.04762 315.1 0.01520 0 -8.000 -0.6250 -7.999 -0.0002 0 NA
320.00 0.04688 320.1 0.01781 0 -8.000 -0.6250 -7.999 -0.0001 0 NA
325.00 0.04615 325.1 0.02063 0 -8.000 -0.6250 -7.999 -0.0001 0 NA
330.00 0.04545 330.1 0.02376 0 -8.000 -0.6250 -7.999 -0.0001 0 NA
335.00 0.04478 335.1 0.02696 0 -8.000 -0.6250 -7.999 -0.0002 0 NA
340.00 0.04412 340.1 0.03030 0 -8.000 -0.6250 -7.999 -0.0001 0 NA
345.00 0.04348 345.1 0.03399 0 -8.000 -0.6250 -7.999 -0.0001 0 NA
350.00 0.04286 350.1 0.03728 0 -8.000 -0.6250 -7.999 -0.0001 0 NA
355.00 0.04225 355.1 0.04102 0 -8.000 -0.6250 -7.999 -0.0001 0 NA
360.00 0.04167 354.8 0.04002 1 -8.000 -0.6250 -7.999 -0.0001 0 NA
