% * Sample: 6E5P_18
% * Date / time: 2024-02-04 19:11:52.012581
% * R2CONTROL =  NOT SPECIFIED
% Column 1:  PSU1 nominal voltage setting (V)
% Column 2:  PSU1 nominal current setting (A)
% Column 3:  PSU1 voltage measurement (V)
% Column 4:  PSU1 current measurement (I)
% Column 5:  PSU1 limiter flag
% Column 6:  PSU2 nominal voltage setting (V)
% Column 7:  PSU2 nominal current setting (A)
% Column 8:  PSU2 voltage measurement (V)
% Column 9:  PSU2 current measurement (I)
% Column 10: PSU2 limiter flag
% Column 11: Heaterblock temperature (°C)
% * OPERATING POINT AT END OF PREHEAT / IDLE: U1 = 200.1 V  I1 = 0.03001 A  U2 = -3.624 V  I2 = -0.0002 A  T = NA °C
0.00 0.10000 0.2 0.00000 0 -0.000 -1.0000 -0.000 -0.0001 0 NA
5.00 0.10000 5.1 0.00000 0 -0.000 -1.0000 -0.000 -0.0001 0 NA
10.00 0.10000 10.1 0.00007 0 -0.000 -1.0000 -0.000 -0.0001 0 NA
15.00 0.10000 15.1 0.00015 0 -0.000 -1.0000 -0.000 -0.0001 0 NA
20.00 0.10000 20.1 0.00038 0 -0.000 -1.0000 -0.000 -0.0001 0 NA
25.00 0.10000 25.1 0.00087 0 -0.000 -1.0000 -0.000 -0.0001 0 NA
30.00 0.10000 30.1 0.00177 0 -0.000 -1.0000 -0.000 -0.0001 0 NA
35.00 0.10000 35.1 0.00323 0 -0.000 -1.0000 -0.000 -0.0001 0 NA
40.00 0.10000 40.1 0.00531 0 -0.000 -1.0000 -0.000 -0.0001 0 NA
45.00 0.10000 45.0 0.00801 0 -0.000 -1.0000 -0.000 -0.0001 0 NA
50.00 0.10000 50.1 0.01125 0 -0.000 -1.0000 -0.000 -0.0001 0 NA
55.00 0.10000 55.0 0.01487 0 -0.000 -1.0000 -0.000 -0.0001 0 NA
60.00 0.10000 60.0 0.01881 0 -0.000 -1.0000 -0.000 -0.0002 0 NA
65.00 0.10000 65.0 0.02305 0 -0.000 -1.0000 -0.000 -0.0001 0 NA
70.00 0.10000 70.1 0.02754 0 -0.000 -1.0000 -0.000 -0.0001 0 NA
75.00 0.10000 75.1 0.03222 0 -0.000 -1.0000 -0.000 -0.0001 0 NA
80.00 0.10000 80.1 0.03709 0 -0.000 -1.0000 -0.000 -0.0001 0 NA
85.00 0.10000 85.1 0.04210 0 -0.000 -1.0000 -0.000 -0.0001 0 NA
90.00 0.10000 90.1 0.04728 0 -0.000 -1.0000 -0.000 -0.0002 0 NA
95.00 0.10000 95.1 0.05252 0 -0.000 -1.0000 -0.000 -0.0001 0 NA
100.00 0.10000 100.1 0.05786 0 -0.000 -1.0000 -0.000 -0.0002 0 NA
105.00 0.10000 105.1 0.06337 0 -0.000 -1.0000 -0.000 -0.0001 0 NA
110.00 0.10000 110.1 0.06890 0 -0.000 -1.0000 -0.000 -0.0001 0 NA
115.00 0.10000 115.1 0.07447 0 -0.000 -1.0000 -0.000 -0.0001 0 NA
120.00 0.10000 120.1 0.08027 0 -0.000 -1.0000 -0.000 -0.0002 0 NA
125.00 0.10000 125.1 0.08635 0 -0.000 -1.0000 -0.000 -0.0001 0 NA
130.00 0.10000 130.1 0.09216 0 -0.000 -1.0000 -0.000 -0.0002 0 NA
135.00 0.10000 135.1 0.09822 0 -0.000 -1.0000 -0.000 -0.0001 0 NA
140.00 0.10000 136.9 0.10005 1 -0.000 -1.0000 -0.000 -0.0001 0 NA
0.00 0.10000 0.2 0.00000 0 -0.500 -1.0000 -0.499 -0.0002 0 NA
5.00 0.10000 5.1 0.00000 0 -0.500 -1.0000 -0.499 -0.0002 0 NA
10.00 0.10000 10.1 0.00000 0 -0.500 -1.0000 -0.499 -0.0002 0 NA
15.00 0.10000 15.1 0.00000 0 -0.500 -1.0000 -0.499 -0.0001 0 NA
20.00 0.10000 20.1 0.00005 0 -0.500 -1.0000 -0.499 -0.0002 0 NA
25.00 0.10000 25.1 0.00009 0 -0.500 -1.0000 -0.499 -0.0001 0 NA
30.00 0.10000 30.1 0.00021 0 -0.500 -1.0000 -0.499 -0.0002 0 NA
35.00 0.10000 35.1 0.00046 0 -0.500 -1.0000 -0.499 -0.0002 0 NA
40.00 0.10000 40.1 0.00096 0 -0.500 -1.0000 -0.499 -0.0002 0 NA
45.00 0.10000 45.0 0.00180 0 -0.500 -1.0000 -0.499 -0.0001 0 NA
50.00 0.10000 50.1 0.00309 0 -0.500 -1.0000 -0.499 -0.0001 0 NA
55.00 0.10000 55.0 0.00487 0 -0.500 -1.0000 -0.499 -0.0001 0 NA
60.00 0.10000 60.0 0.00718 0 -0.500 -1.0000 -0.499 -0.0001 0 NA
65.00 0.10000 65.0 0.01006 0 -0.500 -1.0000 -0.499 -0.0002 0 NA
70.00 0.10000 70.1 0.01341 0 -0.500 -1.0000 -0.499 -0.0002 0 NA
75.00 0.10000 75.1 0.01708 0 -0.500 -1.0000 -0.499 -0.0001 0 NA
80.00 0.10000 80.1 0.02106 0 -0.500 -1.0000 -0.499 -0.0002 0 NA
85.00 0.10000 85.1 0.02530 0 -0.500 -1.0000 -0.499 -0.0002 0 NA
90.00 0.10000 90.1 0.02980 0 -0.500 -1.0000 -0.499 -0.0001 0 NA
95.00 0.10000 95.1 0.03445 0 -0.500 -1.0000 -0.499 -0.0001 0 NA
100.00 0.10000 100.1 0.03927 0 -0.500 -1.0000 -0.499 -0.0001 0 NA
105.00 0.10000 105.1 0.04429 0 -0.500 -1.0000 -0.499 -0.0001 0 NA
110.00 0.10000 110.1 0.04940 0 -0.500 -1.0000 -0.499 -0.0001 0 NA
115.00 0.10000 115.1 0.05459 0 -0.500 -1.0000 -0.499 -0.0002 0 NA
120.00 0.10000 120.1 0.05990 0 -0.500 -1.0000 -0.499 -0.0002 0 NA
125.00 0.10000 125.1 0.06572 0 -0.500 -1.0000 -0.500 -0.0002 0 NA
130.00 0.10000 130.1 0.07122 0 -0.500 -1.0000 -0.499 -0.0001 0 NA
135.00 0.10000 135.1 0.07691 0 -0.500 -1.0000 -0.499 -0.0002 0 NA
140.00 0.10000 140.1 0.08276 0 -0.500 -1.0000 -0.499 -0.0002 0 NA
145.00 0.10000 145.1 0.08851 0 -0.500 -1.0000 -0.499 -0.0001 0 NA
150.00 0.10000 150.1 0.09428 0 -0.500 -1.0000 -0.499 -0.0002 0 NA
155.00 0.09677 155.1 0.10018 1 -0.500 -1.0000 -0.499 -0.0002 0 NA
0.00 0.10000 0.1 0.00000 0 -1.000 -1.0000 -1.000 -0.0001 0 NA
5.00 0.10000 5.1 0.00000 0 -1.000 -1.0000 -0.999 -0.0001 0 NA
10.00 0.10000 10.1 0.00000 0 -1.000 -1.0000 -0.999 -0.0001 0 NA
15.00 0.10000 15.1 0.00000 0 -1.000 -1.0000 -0.999 -0.0002 0 NA
20.00 0.10000 20.1 0.00000 0 -1.000 -1.0000 -1.000 -0.0002 0 NA
25.00 0.10000 25.1 0.00000 0 -1.000 -1.0000 -1.000 -0.0001 0 NA
30.00 0.10000 30.1 0.00000 0 -1.000 -1.0000 -0.999 -0.0001 0 NA
35.00 0.10000 35.1 0.00007 0 -1.000 -1.0000 -0.999 -0.0002 0 NA
40.00 0.10000 40.1 0.00012 0 -1.000 -1.0000 -0.999 -0.0002 0 NA
45.00 0.10000 45.0 0.00025 0 -1.000 -1.0000 -0.999 -0.0002 0 NA
50.00 0.10000 50.1 0.00050 0 -1.000 -1.0000 -0.999 -0.0001 0 NA
55.00 0.10000 55.0 0.00097 0 -1.000 -1.0000 -1.000 -0.0002 0 NA
60.00 0.10000 60.0 0.00172 0 -1.000 -1.0000 -1.000 -0.0002 0 NA
65.00 0.10000 65.0 0.00283 0 -1.000 -1.0000 -1.000 -0.0001 0 NA
70.00 0.10000 70.1 0.00438 0 -1.000 -1.0000 -0.999 -0.0001 0 NA
75.00 0.10000 75.1 0.00639 0 -1.000 -1.0000 -0.999 -0.0001 0 NA
80.00 0.10000 80.1 0.00891 0 -1.000 -1.0000 -0.999 -0.0001 0 NA
85.00 0.10000 85.1 0.01193 0 -1.000 -1.0000 -1.000 -0.0001 0 NA
90.00 0.10000 90.1 0.01535 0 -1.000 -1.0000 -1.000 -0.0002 0 NA
95.00 0.10000 95.1 0.01908 0 -1.000 -1.0000 -1.000 -0.0002 0 NA
100.00 0.10000 100.1 0.02309 0 -1.000 -1.0000 -0.999 -0.0001 0 NA
105.00 0.10000 105.1 0.02732 0 -1.000 -1.0000 -0.999 -0.0001 0 NA
110.00 0.10000 110.1 0.03178 0 -1.000 -1.0000 -1.000 -0.0001 0 NA
115.00 0.10000 115.1 0.03641 0 -1.000 -1.0000 -1.000 -0.0001 0 NA
120.00 0.10000 120.1 0.04125 0 -1.000 -1.0000 -0.999 -0.0002 0 NA
125.00 0.10000 125.1 0.04647 0 -1.000 -1.0000 -0.999 -0.0002 0 NA
130.00 0.10000 130.1 0.05158 0 -1.000 -1.0000 -0.999 -0.0001 0 NA
135.00 0.10000 135.1 0.05692 0 -1.000 -1.0000 -1.000 -0.0001 0 NA
140.00 0.10000 140.1 0.06239 0 -1.000 -1.0000 -1.000 -0.0001 0 NA
145.00 0.10000 145.1 0.06778 0 -1.000 -1.0000 -0.999 -0.0002 0 NA
150.00 0.10000 150.1 0.07335 0 -1.000 -1.0000 -1.000 -0.0002 0 NA
155.00 0.09677 155.1 0.07888 0 -1.000 -1.0000 -0.999 -0.0001 0 NA
160.00 0.09375 160.1 0.08452 0 -1.000 -1.0000 -0.999 -0.0001 0 NA
165.00 0.09091 165.1 0.09024 0 -1.000 -1.0000 -0.999 -0.0001 0 NA
170.00 0.08824 156.6 0.08004 1 -1.000 -1.0000 -0.999 -0.0001 0 NA
0.00 0.10000 0.2 0.00000 0 -1.500 -1.0000 -1.499 -0.0001 0 NA
5.00 0.10000 5.1 0.00000 0 -1.500 -1.0000 -1.499 -0.0002 0 NA
10.00 0.10000 10.1 0.00000 0 -1.500 -1.0000 -1.499 -0.0002 0 NA
15.00 0.10000 15.1 0.00000 0 -1.500 -1.0000 -1.499 -0.0001 0 NA
20.00 0.10000 20.1 0.00000 0 -1.500 -1.0000 -1.499 -0.0001 0 NA
25.00 0.10000 25.1 0.00000 0 -1.500 -1.0000 -1.499 -0.0002 0 NA
30.00 0.10000 30.1 0.00000 0 -1.500 -1.0000 -1.499 -0.0001 0 NA
35.00 0.10000 35.1 0.00000 0 -1.500 -1.0000 -1.499 -0.0001 0 NA
40.00 0.10000 40.1 0.00000 0 -1.500 -1.0000 -1.499 -0.0001 0 NA
45.00 0.10000 45.0 0.00005 0 -1.500 -1.0000 -1.499 -0.0001 0 NA
50.00 0.10000 50.1 0.00008 0 -1.500 -1.0000 -1.499 -0.0002 0 NA
55.00 0.10000 55.0 0.00014 0 -1.500 -1.0000 -1.500 -0.0001 0 NA
60.00 0.10000 60.0 0.00028 0 -1.500 -1.0000 -1.499 -0.0002 0 NA
65.00 0.10000 65.0 0.00053 0 -1.500 -1.0000 -1.500 -0.0002 0 NA
70.00 0.10000 70.1 0.00097 0 -1.500 -1.0000 -1.499 -0.0002 0 NA
75.00 0.10000 75.1 0.00163 0 -1.500 -1.0000 -1.499 -0.0001 0 NA
80.00 0.10000 80.1 0.00262 0 -1.500 -1.0000 -1.499 -0.0001 0 NA
85.00 0.10000 85.1 0.00397 0 -1.500 -1.0000 -1.500 -0.0002 0 NA
90.00 0.10000 90.1 0.00573 0 -1.500 -1.0000 -1.499 -0.0001 0 NA
95.00 0.10000 95.1 0.00793 0 -1.500 -1.0000 -1.500 -0.0001 0 NA
100.00 0.10000 100.1 0.01058 0 -1.500 -1.0000 -1.499 -0.0002 0 NA
105.00 0.10000 105.1 0.01370 0 -1.500 -1.0000 -1.499 -0.0002 0 NA
110.00 0.10000 110.1 0.01718 0 -1.500 -1.0000 -1.499 -0.0001 0 NA
115.00 0.10000 115.1 0.02093 0 -1.500 -1.0000 -1.499 -0.0001 0 NA
120.00 0.10000 120.1 0.02492 0 -1.500 -1.0000 -1.500 -0.0001 0 NA
125.00 0.10000 125.1 0.02945 0 -1.500 -1.0000 -1.500 -0.0002 0 NA
130.00 0.10000 130.1 0.03392 0 -1.500 -1.0000 -1.500 -0.0002 0 NA
135.00 0.10000 135.1 0.03863 0 -1.500 -1.0000 -1.500 -0.0001 0 NA
140.00 0.10000 140.1 0.04349 0 -1.500 -1.0000 -1.499 -0.0002 0 NA
145.00 0.10000 145.1 0.04839 0 -1.500 -1.0000 -1.500 -0.0001 0 NA
150.00 0.10000 150.1 0.05341 0 -1.500 -1.0000 -1.499 -0.0001 0 NA
155.00 0.09677 155.1 0.05864 0 -1.500 -1.0000 -1.500 -0.0001 0 NA
160.00 0.09375 160.1 0.06412 0 -1.500 -1.0000 -1.499 -0.0001 0 NA
165.00 0.09091 165.1 0.06942 0 -1.500 -1.0000 -1.499 -0.0001 0 NA
170.00 0.08824 170.1 0.07481 0 -1.500 -1.0000 -1.499 -0.0001 0 NA
175.00 0.08571 175.1 0.08039 0 -1.500 -1.0000 -1.499 -0.0001 0 NA
180.00 0.08333 175.2 0.08004 1 -1.500 -1.0000 -1.500 -0.0001 0 NA
0.00 0.10000 0.1 0.00000 0 -2.000 -1.0000 -1.999 -0.0002 0 NA
5.00 0.10000 5.1 0.00000 0 -2.000 -1.0000 -1.999 -0.0002 0 NA
10.00 0.10000 10.1 0.00000 0 -2.000 -1.0000 -1.999 -0.0002 0 NA
15.00 0.10000 15.1 0.00000 0 -2.000 -1.0000 -1.999 -0.0001 0 NA
20.00 0.10000 20.1 0.00000 0 -2.000 -1.0000 -1.999 -0.0001 0 NA
25.00 0.10000 25.1 0.00000 0 -2.000 -1.0000 -1.999 -0.0001 0 NA
30.00 0.10000 30.1 0.00000 0 -2.000 -1.0000 -1.999 -0.0002 0 NA
35.00 0.10000 35.1 0.00000 0 -2.000 -1.0000 -1.999 -0.0001 0 NA
40.00 0.10000 40.1 0.00000 0 -2.000 -1.0000 -1.999 -0.0001 0 NA
45.00 0.10000 45.0 0.00000 0 -2.000 -1.0000 -1.999 -0.0001 0 NA
50.00 0.10000 50.1 0.00000 0 -2.000 -1.0000 -1.999 -0.0001 0 NA
55.00 0.10000 55.0 0.00000 0 -2.000 -1.0000 -1.999 -0.0002 0 NA
60.00 0.10000 60.0 0.00006 0 -2.000 -1.0000 -2.000 -0.0001 0 NA
65.00 0.10000 65.0 0.00009 0 -2.000 -1.0000 -1.999 -0.0002 0 NA
70.00 0.10000 70.1 0.00017 0 -2.000 -1.0000 -1.999 -0.0001 0 NA
75.00 0.10000 75.1 0.00030 0 -2.000 -1.0000 -1.999 -0.0001 0 NA
80.00 0.10000 80.1 0.00055 0 -2.000 -1.0000 -1.999 -0.0002 0 NA
85.00 0.10000 85.1 0.00094 0 -2.000 -1.0000 -1.999 -0.0001 0 NA
90.00 0.10000 90.1 0.00155 0 -2.000 -1.0000 -1.999 -0.0001 0 NA
95.00 0.10000 95.1 0.00241 0 -2.000 -1.0000 -1.999 -0.0002 0 NA
100.00 0.10000 100.1 0.00357 0 -2.000 -1.0000 -1.999 -0.0001 0 NA
105.00 0.10000 105.1 0.00511 0 -2.000 -1.0000 -1.999 -0.0001 0 NA
110.00 0.10000 110.1 0.00704 0 -2.000 -1.0000 -1.999 -0.0001 0 NA
115.00 0.10000 115.1 0.00938 0 -2.000 -1.0000 -1.999 -0.0001 0 NA
120.00 0.10000 120.1 0.01233 0 -2.000 -1.0000 -1.999 -0.0001 0 NA
125.00 0.10000 125.1 0.01561 0 -2.000 -1.0000 -1.999 -0.0001 0 NA
130.00 0.10000 130.1 0.01916 0 -2.000 -1.0000 -1.999 -0.0002 0 NA
135.00 0.10000 135.1 0.02298 0 -2.000 -1.0000 -1.999 -0.0002 0 NA
140.00 0.10000 140.1 0.02704 0 -2.000 -1.0000 -1.999 -0.0001 0 NA
145.00 0.10000 145.1 0.03144 0 -2.000 -1.0000 -1.999 -0.0002 0 NA
150.00 0.10000 150.1 0.03587 0 -2.000 -1.0000 -1.999 -0.0002 0 NA
155.00 0.09677 155.1 0.04053 0 -2.000 -1.0000 -1.999 -0.0001 0 NA
160.00 0.09375 160.1 0.04528 0 -2.000 -1.0000 -1.999 -0.0001 0 NA
165.00 0.09091 165.1 0.05012 0 -2.000 -1.0000 -1.999 -0.0001 0 NA
170.00 0.08824 170.1 0.05509 0 -2.000 -1.0000 -1.999 -0.0001 0 NA
175.00 0.08571 175.1 0.06023 0 -2.000 -1.0000 -1.999 -0.0001 0 NA
180.00 0.08333 180.1 0.06537 0 -2.000 -1.0000 -1.999 -0.0001 0 NA
185.00 0.08108 185.1 0.07057 0 -2.000 -1.0000 -2.000 -0.0001 0 NA
190.00 0.07895 190.1 0.07601 0 -2.000 -1.0000 -1.999 -0.0002 0 NA
195.00 0.07692 195.1 0.08134 1 -2.000 -1.0000 -1.999 -0.0001 0 NA
0.00 0.10000 0.1 0.00000 0 -2.500 -1.0000 -2.499 -0.0001 0 NA
5.00 0.10000 5.1 0.00000 0 -2.500 -1.0000 -2.499 -0.0001 0 NA
10.00 0.10000 10.1 0.00000 0 -2.500 -1.0000 -2.499 -0.0001 0 NA
15.00 0.10000 15.1 0.00000 0 -2.500 -1.0000 -2.499 -0.0001 0 NA
20.00 0.10000 20.1 0.00000 0 -2.500 -1.0000 -2.499 -0.0001 0 NA
25.00 0.10000 25.1 0.00000 0 -2.500 -1.0000 -2.499 -0.0002 0 NA
30.00 0.10000 30.1 0.00000 0 -2.500 -1.0000 -2.499 -0.0001 0 NA
35.00 0.10000 35.1 0.00000 0 -2.500 -1.0000 -2.499 -0.0002 0 NA
40.00 0.10000 40.1 0.00000 0 -2.500 -1.0000 -2.499 -0.0002 0 NA
45.00 0.10000 45.0 0.00000 0 -2.500 -1.0000 -2.499 -0.0002 0 NA
50.00 0.10000 50.1 0.00000 0 -2.500 -1.0000 -2.499 -0.0001 0 NA
55.00 0.10000 55.0 0.00000 0 -2.500 -1.0000 -2.499 -0.0002 0 NA
60.00 0.10000 60.0 0.00000 0 -2.500 -1.0000 -2.499 -0.0002 0 NA
65.00 0.10000 65.0 0.00000 0 -2.500 -1.0000 -2.499 -0.0002 0 NA
70.00 0.10000 70.1 0.00005 0 -2.500 -1.0000 -2.499 -0.0001 0 NA
75.00 0.10000 75.1 0.00007 0 -2.500 -1.0000 -2.499 -0.0001 0 NA
80.00 0.10000 80.1 0.00011 0 -2.500 -1.0000 -2.499 -0.0001 0 NA
85.00 0.10000 85.1 0.00019 0 -2.500 -1.0000 -2.499 -0.0001 0 NA
90.00 0.10000 90.1 0.00033 0 -2.500 -1.0000 -2.499 -0.0001 0 NA
95.00 0.10000 95.1 0.00056 0 -2.500 -1.0000 -2.499 -0.0001 0 NA
100.00 0.10000 100.1 0.00094 0 -2.500 -1.0000 -2.499 -0.0002 0 NA
105.00 0.10000 105.1 0.00149 0 -2.500 -1.0000 -2.499 -0.0001 0 NA
110.00 0.10000 110.1 0.00228 0 -2.500 -1.0000 -2.499 -0.0002 0 NA
115.00 0.10000 115.1 0.00333 0 -2.500 -1.0000 -2.499 -0.0001 0 NA
120.00 0.10000 120.1 0.00472 0 -2.500 -1.0000 -2.499 -0.0002 0 NA
125.00 0.10000 125.1 0.00646 0 -2.500 -1.0000 -2.499 -0.0002 0 NA
130.00 0.10000 130.1 0.00872 0 -2.500 -1.0000 -2.499 -0.0002 0 NA
135.00 0.10000 135.1 0.01126 0 -2.500 -1.0000 -2.499 -0.0002 0 NA
140.00 0.10000 140.1 0.01422 0 -2.500 -1.0000 -2.499 -0.0002 0 NA
145.00 0.10000 145.1 0.01752 0 -2.500 -1.0000 -2.499 -0.0002 0 NA
150.00 0.10000 150.1 0.02112 0 -2.500 -1.0000 -2.499 -0.0001 0 NA
155.00 0.09677 155.1 0.02500 0 -2.500 -1.0000 -2.499 -0.0001 0 NA
160.00 0.09375 160.1 0.02905 0 -2.500 -1.0000 -2.499 -0.0001 0 NA
165.00 0.09091 165.1 0.03327 0 -2.500 -1.0000 -2.499 -0.0001 0 NA
170.00 0.08824 170.1 0.03767 0 -2.500 -1.0000 -2.499 -0.0002 0 NA
175.00 0.08571 175.1 0.04227 0 -2.500 -1.0000 -2.499 -0.0001 0 NA
180.00 0.08333 180.1 0.04694 0 -2.500 -1.0000 -2.499 -0.0001 0 NA
185.00 0.08108 185.1 0.05171 0 -2.500 -1.0000 -2.499 -0.0002 0 NA
190.00 0.07895 190.1 0.05672 0 -2.500 -1.0000 -2.499 -0.0001 0 NA
195.00 0.07692 195.1 0.06168 0 -2.500 -1.0000 -2.499 -0.0001 0 NA
200.00 0.07500 200.1 0.06672 0 -2.500 -1.0000 -2.499 -0.0002 0 NA
205.00 0.07317 205.1 0.07190 0 -2.500 -1.0000 -2.499 -0.0002 0 NA
210.00 0.07143 210.1 0.07720 1 -2.500 -1.0000 -2.499 -0.0001 0 NA
0.00 0.10000 0.1 0.00000 0 -3.000 -1.0000 -3.000 -0.0002 0 NA
5.00 0.10000 5.1 0.00000 0 -3.000 -1.0000 -3.000 -0.0002 0 NA
10.00 0.10000 10.1 0.00000 0 -3.000 -1.0000 -3.000 -0.0002 0 NA
15.00 0.10000 15.1 0.00000 0 -3.000 -1.0000 -3.000 -0.0002 0 NA
20.00 0.10000 20.1 0.00000 0 -3.000 -1.0000 -3.000 -0.0001 0 NA
25.00 0.10000 25.1 0.00000 0 -3.000 -1.0000 -3.000 -0.0001 0 NA
30.00 0.10000 30.1 0.00000 0 -3.000 -1.0000 -3.000 -0.0002 0 NA
35.00 0.10000 35.1 0.00000 0 -3.000 -1.0000 -3.000 -0.0001 0 NA
40.00 0.10000 40.1 0.00000 0 -3.000 -1.0000 -3.000 -0.0001 0 NA
45.00 0.10000 45.0 0.00000 0 -3.000 -1.0000 -3.000 -0.0001 0 NA
50.00 0.10000 50.1 0.00000 0 -3.000 -1.0000 -3.000 -0.0001 0 NA
55.00 0.10000 55.0 0.00000 0 -3.000 -1.0000 -3.000 -0.0001 0 NA
60.00 0.10000 60.0 0.00000 0 -3.000 -1.0000 -3.000 -0.0001 0 NA
65.00 0.10000 65.0 0.00000 0 -3.000 -1.0000 -3.000 -0.0001 0 NA
70.00 0.10000 70.1 0.00000 0 -3.000 -1.0000 -3.000 -0.0001 0 NA
75.00 0.10000 75.1 0.00000 0 -3.000 -1.0000 -3.000 -0.0001 0 NA
80.00 0.10000 80.1 0.00000 0 -3.000 -1.0000 -3.000 -0.0001 0 NA
85.00 0.10000 85.1 0.00005 0 -3.000 -1.0000 -3.000 -0.0001 0 NA
90.00 0.10000 90.1 0.00007 0 -3.000 -1.0000 -3.000 -0.0001 0 NA
95.00 0.10000 95.1 0.00013 0 -3.000 -1.0000 -3.000 -0.0001 0 NA
100.00 0.10000 100.1 0.00021 0 -3.000 -1.0000 -3.000 -0.0001 0 NA
105.00 0.10000 105.1 0.00035 0 -3.000 -1.0000 -3.000 -0.0002 0 NA
110.00 0.10000 110.1 0.00057 0 -3.000 -1.0000 -3.000 -0.0001 0 NA
115.00 0.10000 115.1 0.00092 0 -3.000 -1.0000 -3.000 -0.0002 0 NA
120.00 0.10000 120.1 0.00143 0 -3.000 -1.0000 -3.000 -0.0002 0 NA
125.00 0.10000 125.1 0.00214 0 -3.000 -1.0000 -3.000 -0.0002 0 NA
130.00 0.10000 130.1 0.00309 0 -3.000 -1.0000 -3.000 -0.0001 0 NA
135.00 0.10000 135.1 0.00439 0 -3.000 -1.0000 -3.000 -0.0001 0 NA
140.00 0.10000 140.1 0.00598 0 -3.000 -1.0000 -3.000 -0.0002 0 NA
145.00 0.10000 145.1 0.00789 0 -3.000 -1.0000 -3.000 -0.0002 0 NA
150.00 0.10000 150.1 0.01019 0 -3.000 -1.0000 -3.000 -0.0002 0 NA
155.00 0.09677 155.1 0.01287 0 -3.000 -1.0000 -3.000 -0.0002 0 NA
160.00 0.09375 160.1 0.01591 0 -3.000 -1.0000 -3.000 -0.0002 0 NA
165.00 0.09091 165.1 0.01926 0 -3.000 -1.0000 -3.000 -0.0002 0 NA
170.00 0.08824 170.1 0.02289 0 -3.000 -1.0000 -3.000 -0.0001 0 NA
175.00 0.08571 175.1 0.02676 0 -3.000 -1.0000 -3.000 -0.0002 0 NA
180.00 0.08333 180.1 0.03079 0 -3.000 -1.0000 -3.000 -0.0001 0 NA
185.00 0.08108 185.1 0.03497 0 -3.000 -1.0000 -3.000 -0.0002 0 NA
190.00 0.07895 190.1 0.03940 0 -3.000 -1.0000 -3.000 -0.0001 0 NA
195.00 0.07692 195.1 0.04385 0 -3.000 -1.0000 -3.000 -0.0002 0 NA
200.00 0.07500 200.1 0.04843 0 -3.000 -1.0000 -3.000 -0.0001 0 NA
205.00 0.07317 205.1 0.05316 0 -3.000 -1.0000 -3.000 -0.0002 0 NA
210.00 0.07143 210.1 0.05803 0 -3.000 -1.0000 -3.000 -0.0002 0 NA
215.00 0.06977 212.6 0.06003 1 -3.000 -1.0000 -3.000 -0.0002 0 NA
0.00 0.10000 0.1 0.00000 0 -3.500 -1.0000 -3.500 -0.0001 0 NA
5.00 0.10000 5.1 0.00000 0 -3.500 -1.0000 -3.500 -0.0002 0 NA
10.00 0.10000 10.1 0.00000 0 -3.500 -1.0000 -3.500 -0.0001 0 NA
15.00 0.10000 15.1 0.00000 0 -3.500 -1.0000 -3.500 -0.0001 0 NA
20.00 0.10000 20.1 0.00000 0 -3.500 -1.0000 -3.500 -0.0001 0 NA
25.00 0.10000 25.1 0.00000 0 -3.500 -1.0000 -3.500 -0.0002 0 NA
30.00 0.10000 30.1 0.00000 0 -3.500 -1.0000 -3.500 -0.0001 0 NA
35.00 0.10000 35.1 0.00000 0 -3.500 -1.0000 -3.500 -0.0001 0 NA
40.00 0.10000 40.1 0.00000 0 -3.500 -1.0000 -3.500 -0.0001 0 NA
45.00 0.10000 45.0 0.00000 0 -3.500 -1.0000 -3.500 -0.0001 0 NA
50.00 0.10000 50.1 0.00000 0 -3.500 -1.0000 -3.500 -0.0001 0 NA
55.00 0.10000 55.0 0.00000 0 -3.500 -1.0000 -3.500 -0.0001 0 NA
60.00 0.10000 60.0 0.00000 0 -3.500 -1.0000 -3.500 -0.0002 0 NA
65.00 0.10000 65.0 0.00000 0 -3.500 -1.0000 -3.500 -0.0002 0 NA
70.00 0.10000 70.1 0.00000 0 -3.500 -1.0000 -3.500 -0.0001 0 NA
75.00 0.10000 75.1 0.00000 0 -3.500 -1.0000 -3.500 -0.0001 0 NA
80.00 0.10000 80.1 0.00000 0 -3.500 -1.0000 -3.500 -0.0001 0 NA
85.00 0.10000 85.1 0.00000 0 -3.500 -1.0000 -3.500 -0.0001 0 NA
90.00 0.10000 90.1 0.00000 0 -3.500 -1.0000 -3.500 -0.0001 0 NA
95.00 0.10000 95.1 0.00000 0 -3.500 -1.0000 -3.500 -0.0001 0 NA
100.00 0.10000 100.1 0.00006 0 -3.500 -1.0000 -3.500 -0.0001 0 NA
105.00 0.10000 105.1 0.00008 0 -3.500 -1.0000 -3.500 -0.0002 0 NA
110.00 0.10000 110.1 0.00014 0 -3.500 -1.0000 -3.500 -0.0001 0 NA
115.00 0.10000 115.1 0.00021 0 -3.500 -1.0000 -3.500 -0.0002 0 NA
120.00 0.10000 120.1 0.00036 0 -3.500 -1.0000 -3.500 -0.0001 0 NA
125.00 0.10000 125.1 0.00058 0 -3.500 -1.0000 -3.500 -0.0002 0 NA
130.00 0.10000 130.1 0.00092 0 -3.500 -1.0000 -3.500 -0.0001 0 NA
135.00 0.10000 135.1 0.00140 0 -3.500 -1.0000 -3.500 -0.0002 0 NA
140.00 0.10000 140.1 0.00209 0 -3.500 -1.0000 -3.500 -0.0001 0 NA
145.00 0.10000 145.1 0.00297 0 -3.500 -1.0000 -3.500 -0.0001 0 NA
150.00 0.10000 150.1 0.00410 0 -3.500 -1.0000 -3.500 -0.0002 0 NA
155.00 0.09677 155.1 0.00551 0 -3.500 -1.0000 -3.500 -0.0001 0 NA
160.00 0.09375 160.1 0.00724 0 -3.500 -1.0000 -3.500 -0.0002 0 NA
165.00 0.09091 165.1 0.00930 0 -3.500 -1.0000 -3.500 -0.0002 0 NA
170.00 0.08824 170.1 0.01175 0 -3.500 -1.0000 -3.500 -0.0002 0 NA
175.00 0.08571 175.1 0.01451 0 -3.500 -1.0000 -3.500 -0.0002 0 NA
180.00 0.08333 180.1 0.01762 0 -3.500 -1.0000 -3.500 -0.0001 0 NA
185.00 0.08108 185.1 0.02106 0 -3.500 -1.0000 -3.500 -0.0001 0 NA
190.00 0.07895 190.1 0.02470 0 -3.500 -1.0000 -3.500 -0.0002 0 NA
195.00 0.07692 195.1 0.02852 0 -3.500 -1.0000 -3.500 -0.0001 0 NA
200.00 0.07500 200.1 0.03250 0 -3.500 -1.0000 -3.500 -0.0002 0 NA
205.00 0.07317 205.1 0.03677 0 -3.500 -1.0000 -3.500 -0.0001 0 NA
210.00 0.07143 210.1 0.04099 0 -3.500 -1.0000 -3.500 -0.0002 0 NA
215.00 0.06977 215.1 0.04537 0 -3.500 -1.0000 -3.500 -0.0001 0 NA
220.00 0.06818 220.1 0.05000 0 -3.500 -1.0000 -3.500 -0.0001 0 NA
225.00 0.06667 225.1 0.05459 0 -3.500 -1.0000 -3.500 -0.0002 0 NA
230.00 0.06522 230.1 0.05926 0 -3.500 -1.0000 -3.500 -0.0001 0 NA
235.00 0.06383 231.4 0.06003 1 -3.500 -1.0000 -3.500 -0.0002 0 NA
0.00 0.10000 0.1 0.00000 0 -4.000 -1.0000 -4.000 -0.0001 0 NA
5.00 0.10000 5.1 0.00000 0 -4.000 -1.0000 -4.000 -0.0002 0 NA
10.00 0.10000 10.1 0.00000 0 -4.000 -1.0000 -4.000 -0.0001 0 NA
15.00 0.10000 15.1 0.00000 0 -4.000 -1.0000 -4.000 -0.0002 0 NA
20.00 0.10000 20.1 0.00000 0 -4.000 -1.0000 -4.000 -0.0002 0 NA
25.00 0.10000 25.1 0.00000 0 -4.000 -1.0000 -4.000 -0.0001 0 NA
30.00 0.10000 30.1 0.00000 0 -4.000 -1.0000 -4.000 -0.0001 0 NA
35.00 0.10000 35.1 0.00000 0 -4.000 -1.0000 -4.000 -0.0001 0 NA
40.00 0.10000 40.1 0.00000 0 -4.000 -1.0000 -4.000 -0.0002 0 NA
45.00 0.10000 45.0 0.00000 0 -4.000 -1.0000 -4.000 -0.0002 0 NA
50.00 0.10000 50.1 0.00000 0 -4.000 -1.0000 -4.000 -0.0001 0 NA
55.00 0.10000 55.0 0.00000 0 -4.000 -1.0000 -4.000 -0.0001 0 NA
60.00 0.10000 60.0 0.00000 0 -4.000 -1.0000 -4.000 -0.0002 0 NA
65.00 0.10000 65.0 0.00000 0 -4.000 -1.0000 -4.000 -0.0002 0 NA
70.00 0.10000 70.1 0.00000 0 -4.000 -1.0000 -4.000 -0.0002 0 NA
75.00 0.10000 75.1 0.00000 0 -4.000 -1.0000 -4.000 -0.0001 0 NA
80.00 0.10000 80.1 0.00000 0 -4.000 -1.0000 -4.000 -0.0002 0 NA
85.00 0.10000 85.1 0.00000 0 -4.000 -1.0000 -4.000 -0.0002 0 NA
90.00 0.10000 90.1 0.00000 0 -4.000 -1.0000 -4.000 -0.0001 0 NA
95.00 0.10000 95.1 0.00000 0 -4.000 -1.0000 -4.000 -0.0001 0 NA
100.00 0.10000 100.1 0.00000 0 -4.000 -1.0000 -4.000 -0.0001 0 NA
105.00 0.10000 105.1 0.00000 0 -4.000 -1.0000 -4.000 -0.0001 0 NA
110.00 0.10000 110.1 0.00005 0 -4.000 -1.0000 -4.000 -0.0002 0 NA
115.00 0.10000 115.1 0.00007 0 -4.000 -1.0000 -4.000 -0.0001 0 NA
120.00 0.10000 120.1 0.00010 0 -4.000 -1.0000 -4.000 -0.0002 0 NA
125.00 0.10000 125.1 0.00015 0 -4.000 -1.0000 -4.000 -0.0002 0 NA
130.00 0.10000 130.1 0.00025 0 -4.000 -1.0000 -4.000 -0.0002 0 NA
135.00 0.10000 135.1 0.00040 0 -4.000 -1.0000 -4.000 -0.0001 0 NA
140.00 0.10000 140.1 0.00063 0 -4.000 -1.0000 -4.000 -0.0002 0 NA
145.00 0.10000 145.1 0.00095 0 -4.000 -1.0000 -4.000 -0.0002 0 NA
150.00 0.10000 150.1 0.00141 0 -4.000 -1.0000 -4.000 -0.0002 0 NA
155.00 0.09677 155.1 0.00202 0 -4.000 -1.0000 -4.001 -0.0001 0 NA
160.00 0.09375 160.1 0.00283 0 -4.000 -1.0000 -4.000 -0.0001 0 NA
165.00 0.09091 165.1 0.00385 0 -4.000 -1.0000 -4.000 -0.0001 0 NA
170.00 0.08824 170.1 0.00514 0 -4.000 -1.0000 -4.000 -0.0001 0 NA
175.00 0.08571 175.1 0.00671 0 -4.000 -1.0000 -4.000 -0.0002 0 NA
180.00 0.08333 180.1 0.00859 0 -4.000 -1.0000 -4.000 -0.0002 0 NA
185.00 0.08108 185.1 0.01077 0 -4.000 -1.0000 -4.000 -0.0002 0 NA
190.00 0.07895 190.1 0.01334 0 -4.000 -1.0000 -4.000 -0.0002 0 NA
195.00 0.07692 195.1 0.01618 0 -4.000 -1.0000 -4.000 -0.0001 0 NA
200.00 0.07500 200.1 0.01936 0 -4.000 -1.0000 -4.000 -0.0002 0 NA
205.00 0.07317 205.1 0.02286 0 -4.000 -1.0000 -4.000 -0.0001 0 NA
210.00 0.07143 210.1 0.02647 0 -4.000 -1.0000 -4.000 -0.0002 0 NA
215.00 0.06977 215.1 0.03026 0 -4.000 -1.0000 -4.000 -0.0001 0 NA
220.00 0.06818 220.1 0.03408 0 -4.000 -1.0000 -4.000 -0.0001 0 NA
225.00 0.06667 225.1 0.03829 0 -4.000 -1.0000 -4.000 -0.0002 0 NA
230.00 0.06522 230.1 0.04251 0 -4.000 -1.0000 -4.000 -0.0001 0 NA
235.00 0.06383 235.1 0.04682 0 -4.000 -1.0000 -4.000 -0.0001 0 NA
240.00 0.06250 240.1 0.05138 0 -4.000 -1.0000 -4.000 -0.0001 0 NA
245.00 0.06122 245.1 0.05586 0 -4.000 -1.0000 -4.000 -0.0001 0 NA
250.00 0.06000 250.1 0.06047 1 -4.000 -1.0000 -4.000 -0.0001 0 NA
0.00 0.10000 0.1 0.00000 0 -4.500 -1.0000 -4.500 -0.0001 0 NA
5.00 0.10000 5.1 0.00000 0 -4.500 -1.0000 -4.500 -0.0001 0 NA
10.00 0.10000 10.1 0.00000 0 -4.500 -1.0000 -4.500 -0.0002 0 NA
15.00 0.10000 15.1 0.00000 0 -4.500 -1.0000 -4.500 -0.0001 0 NA
20.00 0.10000 20.1 0.00000 0 -4.500 -1.0000 -4.500 -0.0001 0 NA
25.00 0.10000 25.1 0.00000 0 -4.500 -1.0000 -4.500 -0.0001 0 NA
30.00 0.10000 30.1 0.00000 0 -4.500 -1.0000 -4.499 -0.0002 0 NA
35.00 0.10000 35.1 0.00000 0 -4.500 -1.0000 -4.499 -0.0001 0 NA
40.00 0.10000 40.1 0.00000 0 -4.500 -1.0000 -4.500 -0.0002 0 NA
45.00 0.10000 45.0 0.00000 0 -4.500 -1.0000 -4.499 -0.0001 0 NA
50.00 0.10000 50.1 0.00000 0 -4.500 -1.0000 -4.500 -0.0001 0 NA
55.00 0.10000 55.0 0.00000 0 -4.500 -1.0000 -4.500 -0.0001 0 NA
60.00 0.10000 60.0 0.00000 0 -4.500 -1.0000 -4.500 -0.0002 0 NA
65.00 0.10000 65.0 0.00000 0 -4.500 -1.0000 -4.500 -0.0001 0 NA
70.00 0.10000 70.1 0.00000 0 -4.500 -1.0000 -4.500 -0.0001 0 NA
75.00 0.10000 75.1 0.00000 0 -4.500 -1.0000 -4.500 -0.0001 0 NA
80.00 0.10000 80.1 0.00000 0 -4.500 -1.0000 -4.500 -0.0001 0 NA
85.00 0.10000 85.1 0.00000 0 -4.500 -1.0000 -4.499 -0.0001 0 NA
90.00 0.10000 90.1 0.00000 0 -4.500 -1.0000 -4.500 -0.0001 0 NA
95.00 0.10000 95.1 0.00000 0 -4.500 -1.0000 -4.500 -0.0002 0 NA
100.00 0.10000 100.1 0.00000 0 -4.500 -1.0000 -4.500 -0.0002 0 NA
105.00 0.10000 105.1 0.00000 0 -4.500 -1.0000 -4.499 -0.0002 0 NA
110.00 0.10000 110.1 0.00000 0 -4.500 -1.0000 -4.500 -0.0002 0 NA
115.00 0.10000 115.1 0.00000 0 -4.500 -1.0000 -4.499 -0.0001 0 NA
120.00 0.10000 120.1 0.00000 0 -4.500 -1.0000 -4.499 -0.0002 0 NA
125.00 0.10000 125.1 0.00006 0 -4.500 -1.0000 -4.499 -0.0002 0 NA
130.00 0.10000 130.1 0.00007 0 -4.500 -1.0000 -4.500 -0.0001 0 NA
135.00 0.10000 135.1 0.00011 0 -4.500 -1.0000 -4.500 -0.0001 0 NA
140.00 0.10000 140.1 0.00017 0 -4.500 -1.0000 -4.500 -0.0001 0 NA
145.00 0.10000 145.1 0.00027 0 -4.500 -1.0000 -4.499 -0.0002 0 NA
150.00 0.10000 150.1 0.00042 0 -4.500 -1.0000 -4.500 -0.0002 0 NA
155.00 0.09677 155.1 0.00063 0 -4.500 -1.0000 -4.500 -0.0001 0 NA
160.00 0.09375 160.1 0.00095 0 -4.500 -1.0000 -4.499 -0.0001 0 NA
165.00 0.09091 165.1 0.00139 0 -4.500 -1.0000 -4.499 -0.0002 0 NA
170.00 0.08824 170.1 0.00197 0 -4.500 -1.0000 -4.499 -0.0001 0 NA
175.00 0.08571 175.1 0.00271 0 -4.500 -1.0000 -4.499 -0.0002 0 NA
180.00 0.08333 180.1 0.00366 0 -4.500 -1.0000 -4.500 -0.0001 0 NA
185.00 0.08108 185.1 0.00483 0 -4.500 -1.0000 -4.500 -0.0001 0 NA
190.00 0.07895 190.1 0.00627 0 -4.500 -1.0000 -4.500 -0.0001 0 NA
195.00 0.07692 195.1 0.00799 0 -4.500 -1.0000 -4.500 -0.0002 0 NA
200.00 0.07500 200.1 0.01000 0 -4.500 -1.0000 -4.500 -0.0002 0 NA
205.00 0.07317 205.1 0.01237 0 -4.500 -1.0000 -4.499 -0.0002 0 NA
210.00 0.07143 210.1 0.01498 0 -4.500 -1.0000 -4.500 -0.0001 0 NA
215.00 0.06977 215.1 0.01791 0 -4.500 -1.0000 -4.500 -0.0002 0 NA
220.00 0.06818 220.1 0.02117 0 -4.500 -1.0000 -4.500 -0.0002 0 NA
225.00 0.06667 225.1 0.02461 0 -4.500 -1.0000 -4.500 -0.0001 0 NA
230.00 0.06522 230.1 0.02823 0 -4.500 -1.0000 -4.500 -0.0001 0 NA
235.00 0.06383 235.1 0.03199 0 -4.500 -1.0000 -4.500 -0.0001 0 NA
240.00 0.06250 240.1 0.03600 0 -4.500 -1.0000 -4.499 -0.0002 0 NA
245.00 0.06122 245.1 0.04002 0 -4.500 -1.0000 -4.500 -0.0002 0 NA
250.00 0.06000 250.1 0.04414 0 -4.500 -1.0000 -4.500 -0.0002 0 NA
255.00 0.05882 255.1 0.04848 0 -4.500 -1.0000 -4.500 -0.0002 0 NA
260.00 0.05769 260.1 0.05279 0 -4.500 -1.0000 -4.500 -0.0001 0 NA
265.00 0.05660 265.1 0.05714 1 -4.500 -1.0000 -4.500 -0.0002 0 NA
0.00 0.10000 0.2 0.00000 0 -5.000 -1.0000 -5.000 -0.0001 0 NA
5.00 0.10000 5.1 0.00000 0 -5.000 -1.0000 -5.000 -0.0001 0 NA
10.00 0.10000 10.1 0.00000 0 -5.000 -1.0000 -4.999 -0.0002 0 NA
15.00 0.10000 15.1 0.00000 0 -5.000 -1.0000 -4.999 -0.0002 0 NA
20.00 0.10000 20.1 0.00000 0 -5.000 -1.0000 -5.000 -0.0002 0 NA
25.00 0.10000 25.1 0.00000 0 -5.000 -1.0000 -4.999 -0.0002 0 NA
30.00 0.10000 30.1 0.00000 0 -5.000 -1.0000 -5.000 -0.0002 0 NA
35.00 0.10000 35.1 0.00000 0 -5.000 -1.0000 -4.999 -0.0001 0 NA
40.00 0.10000 40.1 0.00000 0 -5.000 -1.0000 -4.999 -0.0001 0 NA
45.00 0.10000 45.0 0.00000 0 -5.000 -1.0000 -5.000 -0.0001 0 NA
50.00 0.10000 50.1 0.00000 0 -5.000 -1.0000 -4.999 -0.0002 0 NA
55.00 0.10000 55.0 0.00000 0 -5.000 -1.0000 -5.000 -0.0002 0 NA
60.00 0.10000 60.0 0.00000 0 -5.000 -1.0000 -5.000 -0.0002 0 NA
65.00 0.10000 65.0 0.00000 0 -5.000 -1.0000 -5.000 -0.0001 0 NA
70.00 0.10000 70.1 0.00000 0 -5.000 -1.0000 -4.999 -0.0001 0 NA
75.00 0.10000 75.1 0.00000 0 -5.000 -1.0000 -5.000 -0.0001 0 NA
80.00 0.10000 80.1 0.00000 0 -5.000 -1.0000 -4.999 -0.0002 0 NA
85.00 0.10000 85.1 0.00000 0 -5.000 -1.0000 -4.999 -0.0002 0 NA
90.00 0.10000 90.1 0.00000 0 -5.000 -1.0000 -5.000 -0.0002 0 NA
95.00 0.10000 95.1 0.00000 0 -5.000 -1.0000 -4.999 -0.0001 0 NA
100.00 0.10000 100.1 0.00000 0 -5.000 -1.0000 -4.999 -0.0002 0 NA
105.00 0.10000 105.1 0.00000 0 -5.000 -1.0000 -5.000 -0.0002 0 NA
110.00 0.10000 110.1 0.00000 0 -5.000 -1.0000 -5.000 -0.0001 0 NA
115.00 0.10000 115.1 0.00000 0 -5.000 -1.0000 -4.999 -0.0001 0 NA
120.00 0.10000 120.1 0.00000 0 -5.000 -1.0000 -4.999 -0.0001 0 NA
125.00 0.10000 125.1 0.00000 0 -5.000 -1.0000 -4.999 -0.0001 0 NA
130.00 0.10000 130.1 0.00000 0 -5.000 -1.0000 -5.000 -0.0001 0 NA
135.00 0.10000 135.1 0.00005 0 -5.000 -1.0000 -5.000 -0.0002 0 NA
140.00 0.10000 140.1 0.00006 0 -5.000 -1.0000 -5.000 -0.0001 0 NA
145.00 0.10000 145.1 0.00008 0 -5.000 -1.0000 -4.999 -0.0001 0 NA
150.00 0.10000 150.1 0.00012 0 -5.000 -1.0000 -4.999 -0.0002 0 NA
155.00 0.09677 155.1 0.00019 0 -5.000 -1.0000 -5.000 -0.0002 0 NA
160.00 0.09375 160.1 0.00028 0 -5.000 -1.0000 -5.000 -0.0002 0 NA
165.00 0.09091 165.1 0.00043 0 -5.000 -1.0000 -4.999 -0.0001 0 NA
170.00 0.08824 170.1 0.00066 0 -5.000 -1.0000 -4.999 -0.0002 0 NA
175.00 0.08571 175.1 0.00096 0 -5.000 -1.0000 -4.999 -0.0001 0 NA
180.00 0.08333 180.1 0.00137 0 -5.000 -1.0000 -4.999 -0.0002 0 NA
185.00 0.08108 185.1 0.00191 0 -5.000 -1.0000 -4.999 -0.0002 0 NA
190.00 0.07895 190.1 0.00262 0 -5.000 -1.0000 -5.000 -0.0002 0 NA
195.00 0.07692 195.1 0.00349 0 -5.000 -1.0000 -5.000 -0.0001 0 NA
200.00 0.07500 200.1 0.00457 0 -5.000 -1.0000 -4.999 -0.0002 0 NA
205.00 0.07317 205.1 0.00590 0 -5.000 -1.0000 -4.999 -0.0001 0 NA
210.00 0.07143 210.1 0.00747 0 -5.000 -1.0000 -4.999 -0.0001 0 NA
215.00 0.06977 215.1 0.00932 0 -5.000 -1.0000 -4.999 -0.0001 0 NA
220.00 0.06818 220.1 0.01146 0 -5.000 -1.0000 -5.000 -0.0001 0 NA
225.00 0.06667 225.1 0.01392 0 -5.000 -1.0000 -5.000 -0.0001 0 NA
230.00 0.06522 230.1 0.01663 0 -5.000 -1.0000 -4.999 -0.0001 0 NA
235.00 0.06383 235.1 0.01960 0 -5.000 -1.0000 -5.000 -0.0002 0 NA
240.00 0.06250 240.1 0.02289 0 -5.000 -1.0000 -4.999 -0.0001 0 NA
245.00 0.06122 245.1 0.02632 0 -5.000 -1.0000 -5.000 -0.0002 0 NA
250.00 0.06000 250.1 0.02991 0 -5.000 -1.0000 -5.000 -0.0001 0 NA
255.00 0.05882 255.1 0.03362 0 -5.000 -1.0000 -4.999 -0.0001 0 NA
260.00 0.05769 260.1 0.03759 0 -5.000 -1.0000 -4.999 -0.0002 0 NA
265.00 0.05660 265.1 0.04152 0 -5.000 -1.0000 -4.999 -0.0001 0 NA
270.00 0.05556 270.1 0.04555 0 -5.000 -1.0000 -5.000 -0.0001 0 NA
275.00 0.05455 275.1 0.04982 0 -5.000 -1.0000 -5.000 -0.0001 0 NA
280.00 0.05357 280.1 0.05402 1 -5.000 -1.0000 -5.000 -0.0002 0 NA
0.00 0.10000 0.1 0.00000 0 -5.500 -0.9091 -5.500 -0.0001 0 NA
5.00 0.10000 5.1 0.00000 0 -5.500 -0.9091 -5.500 -0.0001 0 NA
10.00 0.10000 10.1 0.00000 0 -5.500 -0.9091 -5.500 -0.0001 0 NA
15.00 0.10000 15.1 0.00000 0 -5.500 -0.9091 -5.500 -0.0001 0 NA
20.00 0.10000 20.1 0.00000 0 -5.500 -0.9091 -5.500 -0.0001 0 NA
25.00 0.10000 25.1 0.00000 0 -5.500 -0.9091 -5.500 -0.0001 0 NA
30.00 0.10000 30.1 0.00000 0 -5.500 -0.9091 -5.500 -0.0002 0 NA
35.00 0.10000 35.1 0.00000 0 -5.500 -0.9091 -5.500 -0.0002 0 NA
40.00 0.10000 40.1 0.00000 0 -5.500 -0.9091 -5.500 -0.0001 0 NA
45.00 0.10000 45.0 0.00000 0 -5.500 -0.9091 -5.500 -0.0001 0 NA
50.00 0.10000 50.1 0.00000 0 -5.500 -0.9091 -5.500 -0.0002 0 NA
55.00 0.10000 55.0 0.00000 0 -5.500 -0.9091 -5.500 -0.0001 0 NA
60.00 0.10000 60.0 0.00000 0 -5.500 -0.9091 -5.500 -0.0001 0 NA
65.00 0.10000 65.0 0.00000 0 -5.500 -0.9091 -5.500 -0.0002 0 NA
70.00 0.10000 70.1 0.00000 0 -5.500 -0.9091 -5.500 -0.0001 0 NA
75.00 0.10000 75.1 0.00000 0 -5.500 -0.9091 -5.500 -0.0001 0 NA
80.00 0.10000 80.1 0.00000 0 -5.500 -0.9091 -5.500 -0.0002 0 NA
85.00 0.10000 85.1 0.00000 0 -5.500 -0.9091 -5.500 -0.0002 0 NA
90.00 0.10000 90.1 0.00000 0 -5.500 -0.9091 -5.500 -0.0001 0 NA
95.00 0.10000 95.1 0.00000 0 -5.500 -0.9091 -5.500 -0.0001 0 NA
100.00 0.10000 100.1 0.00000 0 -5.500 -0.9091 -5.500 -0.0002 0 NA
105.00 0.10000 105.1 0.00000 0 -5.500 -0.9091 -5.500 -0.0001 0 NA
110.00 0.10000 110.1 0.00000 0 -5.500 -0.9091 -5.500 -0.0001 0 NA
115.00 0.10000 115.1 0.00000 0 -5.500 -0.9091 -5.500 -0.0002 0 NA
120.00 0.10000 120.1 0.00000 0 -5.500 -0.9091 -5.500 -0.0001 0 NA
125.00 0.10000 125.1 0.00000 0 -5.500 -0.9091 -5.500 -0.0001 0 NA
130.00 0.10000 130.1 0.00000 0 -5.500 -0.9091 -5.500 -0.0001 0 NA
135.00 0.10000 135.1 0.00000 0 -5.500 -0.9091 -5.500 -0.0002 0 NA
140.00 0.10000 140.1 0.00000 0 -5.500 -0.9091 -5.500 -0.0001 0 NA
145.00 0.10000 145.1 0.00000 0 -5.500 -0.9091 -5.500 -0.0001 0 NA
150.00 0.10000 150.1 0.00005 0 -5.500 -0.9091 -5.500 -0.0002 0 NA
155.00 0.09677 155.1 0.00007 0 -5.500 -0.9091 -5.500 -0.0002 0 NA
160.00 0.09375 160.1 0.00009 0 -5.500 -0.9091 -5.500 -0.0001 0 NA
165.00 0.09091 165.1 0.00014 0 -5.500 -0.9091 -5.500 -0.0002 0 NA
170.00 0.08824 170.1 0.00021 0 -5.500 -0.9091 -5.500 -0.0001 0 NA
175.00 0.08571 175.1 0.00030 0 -5.500 -0.9091 -5.500 -0.0001 0 NA
180.00 0.08333 180.1 0.00046 0 -5.500 -0.9091 -5.500 -0.0001 0 NA
185.00 0.08108 185.1 0.00068 0 -5.500 -0.9091 -5.500 -0.0001 0 NA
190.00 0.07895 190.1 0.00098 0 -5.500 -0.9091 -5.500 -0.0002 0 NA
195.00 0.07692 195.1 0.00137 0 -5.500 -0.9091 -5.500 -0.0001 0 NA
200.00 0.07500 200.1 0.00189 0 -5.500 -0.9091 -5.500 -0.0002 0 NA
205.00 0.07317 205.1 0.00253 0 -5.500 -0.9091 -5.500 -0.0002 0 NA
210.00 0.07143 210.1 0.00335 0 -5.500 -0.9091 -5.500 -0.0002 0 NA
215.00 0.06977 215.1 0.00435 0 -5.500 -0.9091 -5.500 -0.0002 0 NA
220.00 0.06818 220.1 0.00557 0 -5.500 -0.9091 -5.500 -0.0002 0 NA
225.00 0.06667 225.1 0.00702 0 -5.500 -0.9091 -5.500 -0.0001 0 NA
230.00 0.06522 230.1 0.00873 0 -5.500 -0.9091 -5.500 -0.0001 0 NA
235.00 0.06383 235.1 0.01069 0 -5.500 -0.9091 -5.500 -0.0001 0 NA
240.00 0.06250 240.1 0.01296 0 -5.500 -0.9091 -5.500 -0.0002 0 NA
245.00 0.06122 245.1 0.01547 0 -5.500 -0.9091 -5.500 -0.0001 0 NA
250.00 0.06000 250.1 0.01824 0 -5.500 -0.9091 -5.500 -0.0001 0 NA
255.00 0.05882 255.1 0.02124 0 -5.500 -0.9091 -5.500 -0.0001 0 NA
260.00 0.05769 260.1 0.02455 0 -5.500 -0.9091 -5.500 -0.0002 0 NA
265.00 0.05660 265.1 0.02794 0 -5.500 -0.9091 -5.500 -0.0001 0 NA
270.00 0.05556 270.1 0.03150 0 -5.500 -0.9091 -5.500 -0.0001 0 NA
275.00 0.05455 275.1 0.03528 0 -5.500 -0.9091 -5.500 -0.0001 0 NA
280.00 0.05357 280.1 0.03906 0 -5.500 -0.9091 -5.500 -0.0002 0 NA
285.00 0.05263 285.1 0.04292 0 -5.500 -0.9091 -5.500 -0.0001 0 NA
290.00 0.05172 290.1 0.04686 0 -5.500 -0.9091 -5.500 -0.0001 0 NA
295.00 0.05085 295.1 0.05106 1 -5.500 -0.9091 -5.500 -0.0001 0 NA
0.00 0.10000 0.1 0.00000 0 -6.000 -0.8333 -6.000 -0.0002 0 NA
5.00 0.10000 5.1 0.00000 0 -6.000 -0.8333 -6.000 -0.0002 0 NA
10.00 0.10000 10.1 0.00000 0 -6.000 -0.8333 -6.000 -0.0001 0 NA
15.00 0.10000 15.1 0.00000 0 -6.000 -0.8333 -6.000 -0.0002 0 NA
20.00 0.10000 20.1 0.00000 0 -6.000 -0.8333 -6.000 -0.0001 0 NA
25.00 0.10000 25.1 0.00000 0 -6.000 -0.8333 -6.000 -0.0001 0 NA
30.00 0.10000 30.1 0.00000 0 -6.000 -0.8333 -6.000 -0.0001 0 NA
35.00 0.10000 35.1 0.00000 0 -6.000 -0.8333 -6.000 -0.0001 0 NA
40.00 0.10000 40.1 0.00000 0 -6.000 -0.8333 -6.000 -0.0001 0 NA
45.00 0.10000 45.0 0.00000 0 -6.000 -0.8333 -6.000 -0.0001 0 NA
50.00 0.10000 50.0 0.00000 0 -6.000 -0.8333 -6.000 -0.0001 0 NA
55.00 0.10000 55.0 0.00000 0 -6.000 -0.8333 -6.000 -0.0001 0 NA
60.00 0.10000 60.0 0.00000 0 -6.000 -0.8333 -6.000 -0.0001 0 NA
65.00 0.10000 65.0 0.00000 0 -6.000 -0.8333 -6.000 -0.0001 0 NA
70.00 0.10000 70.1 0.00000 0 -6.000 -0.8333 -6.000 -0.0001 0 NA
75.00 0.10000 75.1 0.00000 0 -6.000 -0.8333 -6.000 -0.0001 0 NA
80.00 0.10000 80.1 0.00000 0 -6.000 -0.8333 -6.000 -0.0001 0 NA
85.00 0.10000 85.1 0.00000 0 -6.000 -0.8333 -6.000 -0.0001 0 NA
90.00 0.10000 90.1 0.00000 0 -6.000 -0.8333 -6.000 -0.0001 0 NA
95.00 0.10000 95.1 0.00000 0 -6.000 -0.8333 -6.000 -0.0002 0 NA
100.00 0.10000 100.1 0.00000 0 -6.000 -0.8333 -6.000 -0.0002 0 NA
105.00 0.10000 105.1 0.00000 0 -6.000 -0.8333 -6.000 -0.0001 0 NA
110.00 0.10000 110.1 0.00000 0 -6.000 -0.8333 -6.000 -0.0002 0 NA
115.00 0.10000 115.1 0.00000 0 -6.000 -0.8333 -6.000 -0.0002 0 NA
120.00 0.10000 120.1 0.00000 0 -6.000 -0.8333 -6.000 -0.0002 0 NA
125.00 0.10000 125.1 0.00000 0 -6.000 -0.8333 -6.000 -0.0001 0 NA
130.00 0.10000 130.1 0.00000 0 -6.000 -0.8333 -6.000 -0.0002 0 NA
135.00 0.10000 135.1 0.00000 0 -6.000 -0.8333 -6.000 -0.0001 0 NA
140.00 0.10000 140.1 0.00000 0 -6.000 -0.8333 -6.000 -0.0002 0 NA
145.00 0.10000 145.1 0.00000 0 -6.000 -0.8333 -6.000 -0.0001 0 NA
150.00 0.10000 150.1 0.00000 0 -6.000 -0.8333 -6.000 -0.0002 0 NA
155.00 0.09677 155.1 0.00000 0 -6.000 -0.8333 -6.000 -0.0001 0 NA
160.00 0.09375 160.1 0.00000 0 -6.000 -0.8333 -6.000 -0.0001 0 NA
165.00 0.09091 165.1 0.00006 0 -6.000 -0.8333 -6.000 -0.0001 0 NA
170.00 0.08824 170.1 0.00007 0 -6.000 -0.8333 -6.000 -0.0001 0 NA
175.00 0.08571 175.1 0.00010 0 -6.000 -0.8333 -6.000 -0.0002 0 NA
180.00 0.08333 180.1 0.00015 0 -6.000 -0.8333 -6.000 -0.0001 0 NA
185.00 0.08108 185.1 0.00022 0 -6.000 -0.8333 -6.000 -0.0001 0 NA
190.00 0.07895 190.1 0.00033 0 -6.000 -0.8333 -6.000 -0.0001 0 NA
195.00 0.07692 195.1 0.00049 0 -6.000 -0.8333 -6.000 -0.0001 0 NA
200.00 0.07500 200.1 0.00070 0 -6.000 -0.8333 -6.000 -0.0001 0 NA
205.00 0.07317 205.1 0.00099 0 -6.000 -0.8333 -6.000 -0.0001 0 NA
210.00 0.07143 210.1 0.00137 0 -6.000 -0.8333 -6.000 -0.0001 0 NA
215.00 0.06977 215.1 0.00185 0 -6.000 -0.8333 -6.000 -0.0001 0 NA
220.00 0.06818 220.1 0.00248 0 -6.000 -0.8333 -6.000 -0.0002 0 NA
225.00 0.06667 225.1 0.00324 0 -6.000 -0.8333 -6.000 -0.0002 0 NA
230.00 0.06522 230.1 0.00418 0 -6.000 -0.8333 -6.000 -0.0002 0 NA
235.00 0.06383 235.1 0.00531 0 -6.000 -0.8333 -6.000 -0.0001 0 NA
240.00 0.06250 240.1 0.00664 0 -6.000 -0.8333 -6.000 -0.0001 0 NA
245.00 0.06122 245.1 0.00823 0 -6.000 -0.8333 -6.000 -0.0002 0 NA
250.00 0.06000 250.1 0.01004 0 -6.000 -0.8333 -6.000 -0.0001 0 NA
255.00 0.05882 255.1 0.01210 0 -6.000 -0.8333 -6.000 -0.0001 0 NA
260.00 0.05769 260.1 0.01442 0 -6.000 -0.8333 -6.000 -0.0001 0 NA
265.00 0.05660 265.1 0.01703 0 -6.000 -0.8333 -6.000 -0.0002 0 NA
270.00 0.05556 270.1 0.01985 0 -6.000 -0.8333 -6.000 -0.0001 0 NA
275.00 0.05455 275.1 0.02288 0 -6.000 -0.8333 -6.000 -0.0001 0 NA
280.00 0.05357 280.1 0.02620 0 -6.000 -0.8333 -6.000 -0.0001 0 NA
285.00 0.05263 285.1 0.02956 0 -6.000 -0.8333 -6.000 -0.0001 0 NA
290.00 0.05172 290.1 0.03307 0 -6.000 -0.8333 -6.000 -0.0001 0 NA
295.00 0.05085 295.1 0.03667 0 -6.000 -0.8333 -6.000 -0.0001 0 NA
300.00 0.05000 300.1 0.04028 0 -6.000 -0.8333 -6.000 -0.0001 0 NA
305.00 0.04918 300.5 0.04002 1 -6.000 -0.8333 -6.000 -0.0001 0 NA
0.00 0.10000 0.2 0.00000 0 -6.500 -0.7692 -6.500 -0.0002 0 NA
5.00 0.10000 5.1 0.00000 0 -6.500 -0.7692 -6.500 -0.0001 0 NA
10.00 0.10000 10.1 0.00000 0 -6.500 -0.7692 -6.500 -0.0002 0 NA
15.00 0.10000 15.1 0.00000 0 -6.500 -0.7692 -6.500 -0.0001 0 NA
20.00 0.10000 20.1 0.00000 0 -6.500 -0.7692 -6.500 -0.0002 0 NA
25.00 0.10000 25.1 0.00000 0 -6.500 -0.7692 -6.500 -0.0001 0 NA
30.00 0.10000 30.1 0.00000 0 -6.500 -0.7692 -6.500 -0.0001 0 NA
35.00 0.10000 35.1 0.00000 0 -6.500 -0.7692 -6.500 -0.0002 0 NA
40.00 0.10000 40.0 0.00000 0 -6.500 -0.7692 -6.500 -0.0001 0 NA
45.00 0.10000 45.0 0.00000 0 -6.500 -0.7692 -6.500 -0.0002 0 NA
50.00 0.10000 50.1 0.00000 0 -6.500 -0.7692 -6.500 -0.0001 0 NA
55.00 0.10000 55.0 0.00000 0 -6.500 -0.7692 -6.500 -0.0001 0 NA
60.00 0.10000 60.0 0.00000 0 -6.500 -0.7692 -6.500 -0.0001 0 NA
65.00 0.10000 65.0 0.00000 0 -6.500 -0.7692 -6.500 -0.0001 0 NA
70.00 0.10000 70.1 0.00000 0 -6.500 -0.7692 -6.500 -0.0001 0 NA
75.00 0.10000 75.1 0.00000 0 -6.500 -0.7692 -6.500 -0.0002 0 NA
80.00 0.10000 80.1 0.00000 0 -6.500 -0.7692 -6.500 -0.0001 0 NA
85.00 0.10000 85.1 0.00000 0 -6.500 -0.7692 -6.500 -0.0001 0 NA
90.00 0.10000 90.1 0.00000 0 -6.500 -0.7692 -6.500 -0.0001 0 NA
95.00 0.10000 95.1 0.00000 0 -6.500 -0.7692 -6.500 -0.0002 0 NA
100.00 0.10000 100.1 0.00000 0 -6.500 -0.7692 -6.500 -0.0001 0 NA
105.00 0.10000 105.1 0.00000 0 -6.500 -0.7692 -6.500 -0.0001 0 NA
110.00 0.10000 110.1 0.00000 0 -6.500 -0.7692 -6.500 -0.0001 0 NA
115.00 0.10000 115.1 0.00000 0 -6.500 -0.7692 -6.500 -0.0002 0 NA
120.00 0.10000 120.1 0.00000 0 -6.500 -0.7692 -6.500 -0.0001 0 NA
125.00 0.10000 125.1 0.00000 0 -6.500 -0.7692 -6.500 -0.0001 0 NA
130.00 0.10000 130.1 0.00000 0 -6.500 -0.7692 -6.500 -0.0001 0 NA
135.00 0.10000 135.1 0.00000 0 -6.500 -0.7692 -6.500 -0.0001 0 NA
140.00 0.10000 140.1 0.00000 0 -6.500 -0.7692 -6.500 -0.0002 0 NA
145.00 0.10000 145.1 0.00000 0 -6.500 -0.7692 -6.500 -0.0001 0 NA
150.00 0.10000 150.1 0.00000 0 -6.500 -0.7692 -6.500 -0.0002 0 NA
155.00 0.09677 155.1 0.00000 0 -6.500 -0.7692 -6.500 -0.0001 0 NA
160.00 0.09375 160.1 0.00000 0 -6.500 -0.7692 -6.500 -0.0002 0 NA
165.00 0.09091 165.1 0.00000 0 -6.500 -0.7692 -6.500 -0.0001 0 NA
170.00 0.08824 170.1 0.00000 0 -6.500 -0.7692 -6.500 -0.0002 0 NA
175.00 0.08571 175.1 0.00005 0 -6.500 -0.7692 -6.500 -0.0001 0 NA
180.00 0.08333 180.1 0.00007 0 -6.500 -0.7692 -6.500 -0.0001 0 NA
185.00 0.08108 185.1 0.00008 0 -6.500 -0.7692 -6.500 -0.0002 0 NA
190.00 0.07895 190.1 0.00012 0 -6.500 -0.7692 -6.500 -0.0001 0 NA
195.00 0.07692 195.1 0.00016 0 -6.500 -0.7692 -6.500 -0.0002 0 NA
200.00 0.07500 200.1 0.00024 0 -6.500 -0.7692 -6.500 -0.0002 0 NA
205.00 0.07317 205.1 0.00035 0 -6.500 -0.7692 -6.500 -0.0001 0 NA
210.00 0.07143 210.1 0.00050 0 -6.500 -0.7692 -6.500 -0.0002 0 NA
215.00 0.06977 215.1 0.00072 0 -6.500 -0.7692 -6.500 -0.0002 0 NA
220.00 0.06818 220.1 0.00100 0 -6.500 -0.7692 -6.500 -0.0001 0 NA
225.00 0.06667 225.1 0.00137 0 -6.500 -0.7692 -6.500 -0.0002 0 NA
230.00 0.06522 230.1 0.00184 0 -6.500 -0.7692 -6.500 -0.0001 0 NA
235.00 0.06383 235.1 0.00242 0 -6.500 -0.7692 -6.500 -0.0002 0 NA
240.00 0.06250 240.1 0.00315 0 -6.500 -0.7692 -6.500 -0.0001 0 NA
245.00 0.06122 245.1 0.00402 0 -6.500 -0.7692 -6.500 -0.0002 0 NA
250.00 0.06000 250.1 0.00507 0 -6.500 -0.7692 -6.500 -0.0001 0 NA
255.00 0.05882 255.1 0.00630 0 -6.500 -0.7692 -6.500 -0.0001 0 NA
260.00 0.05769 260.1 0.00777 0 -6.500 -0.7692 -6.500 -0.0002 0 NA
265.00 0.05660 265.1 0.00944 0 -6.500 -0.7692 -6.500 -0.0001 0 NA
270.00 0.05556 270.1 0.01135 0 -6.500 -0.7692 -6.500 -0.0002 0 NA
275.00 0.05455 275.1 0.01350 0 -6.500 -0.7692 -6.500 -0.0002 0 NA
280.00 0.05357 280.1 0.01595 0 -6.500 -0.7692 -6.500 -0.0001 0 NA
285.00 0.05263 285.1 0.01858 0 -6.500 -0.7692 -6.500 -0.0001 0 NA
290.00 0.05172 290.1 0.02143 0 -6.500 -0.7692 -6.500 -0.0002 0 NA
295.00 0.05085 295.1 0.02457 0 -6.500 -0.7692 -6.500 -0.0001 0 NA
300.00 0.05000 300.1 0.02765 0 -6.500 -0.7692 -6.500 -0.0001 0 NA
305.00 0.04918 305.1 0.03101 0 -6.500 -0.7692 -6.500 -0.0002 0 NA
310.00 0.04839 310.1 0.03464 0 -6.500 -0.7692 -6.500 -0.0001 0 NA
315.00 0.04762 315.1 0.03820 0 -6.500 -0.7692 -6.500 -0.0001 0 NA
320.00 0.04688 320.0 0.04168 0 -6.500 -0.7692 -6.500 -0.0002 0 NA
325.00 0.04615 318.5 0.04002 1 -6.500 -0.7692 -6.500 -0.0001 0 NA
0.00 0.10000 0.1 0.00000 0 -7.000 -0.7143 -7.000 -0.0002 0 NA
5.00 0.10000 5.1 0.00000 0 -7.000 -0.7143 -7.000 -0.0002 0 NA
10.00 0.10000 10.1 0.00000 0 -7.000 -0.7143 -7.000 -0.0001 0 NA
15.00 0.10000 15.1 0.00000 0 -7.000 -0.7143 -7.000 -0.0001 0 NA
20.00 0.10000 20.1 0.00000 0 -7.000 -0.7143 -7.000 -0.0001 0 NA
25.00 0.10000 25.1 0.00000 0 -7.000 -0.7143 -7.000 -0.0001 0 NA
30.00 0.10000 30.1 0.00000 0 -7.000 -0.7143 -7.000 -0.0001 0 NA
35.00 0.10000 35.1 0.00000 0 -7.000 -0.7143 -7.000 -0.0001 0 NA
40.00 0.10000 40.1 0.00000 0 -7.000 -0.7143 -7.000 -0.0001 0 NA
45.00 0.10000 45.0 0.00000 0 -7.000 -0.7143 -7.000 -0.0001 0 NA
50.00 0.10000 50.1 0.00000 0 -7.000 -0.7143 -7.000 -0.0002 0 NA
55.00 0.10000 55.0 0.00000 0 -7.000 -0.7143 -7.000 -0.0001 0 NA
60.00 0.10000 60.0 0.00000 0 -7.000 -0.7143 -7.000 -0.0002 0 NA
65.00 0.10000 65.0 0.00000 0 -7.000 -0.7143 -7.000 -0.0001 0 NA
70.00 0.10000 70.1 0.00000 0 -7.000 -0.7143 -7.000 -0.0001 0 NA
75.00 0.10000 75.1 0.00000 0 -7.000 -0.7143 -7.000 -0.0001 0 NA
80.00 0.10000 80.1 0.00000 0 -7.000 -0.7143 -7.000 -0.0001 0 NA
85.00 0.10000 85.1 0.00000 0 -7.000 -0.7143 -7.000 -0.0001 0 NA
90.00 0.10000 90.1 0.00000 0 -7.000 -0.7143 -7.000 -0.0001 0 NA
95.00 0.10000 95.1 0.00000 0 -7.000 -0.7143 -7.000 -0.0001 0 NA
100.00 0.10000 100.1 0.00000 0 -7.000 -0.7143 -7.000 -0.0002 0 NA
105.00 0.10000 105.1 0.00000 0 -7.000 -0.7143 -7.000 -0.0001 0 NA
110.00 0.10000 110.1 0.00000 0 -7.000 -0.7143 -7.000 -0.0001 0 NA
115.00 0.10000 115.1 0.00000 0 -7.000 -0.7143 -7.000 -0.0001 0 NA
120.00 0.10000 120.1 0.00000 0 -7.000 -0.7143 -7.000 -0.0002 0 NA
125.00 0.10000 125.1 0.00000 0 -7.000 -0.7143 -7.000 -0.0002 0 NA
130.00 0.10000 130.1 0.00000 0 -7.000 -0.7143 -7.000 -0.0001 0 NA
135.00 0.10000 135.1 0.00000 0 -7.000 -0.7143 -7.000 -0.0001 0 NA
140.00 0.10000 140.1 0.00000 0 -7.000 -0.7143 -7.000 -0.0001 0 NA
145.00 0.10000 145.1 0.00000 0 -7.000 -0.7143 -7.000 -0.0001 0 NA
150.00 0.10000 150.1 0.00000 0 -7.000 -0.7143 -7.000 -0.0001 0 NA
155.00 0.09677 155.1 0.00000 0 -7.000 -0.7143 -7.000 -0.0001 0 NA
160.00 0.09375 160.1 0.00000 0 -7.000 -0.7143 -7.000 -0.0001 0 NA
165.00 0.09091 165.1 0.00000 0 -7.000 -0.7143 -6.999 -0.0001 0 NA
170.00 0.08824 170.1 0.00000 0 -7.000 -0.7143 -7.000 -0.0001 0 NA
175.00 0.08571 175.1 0.00000 0 -7.000 -0.7143 -7.000 -0.0002 0 NA
180.00 0.08333 180.1 0.00000 0 -7.000 -0.7143 -7.000 -0.0001 0 NA
185.00 0.08108 185.1 0.00000 0 -7.000 -0.7143 -7.000 -0.0001 0 NA
190.00 0.07895 190.1 0.00005 0 -7.000 -0.7143 -7.000 -0.0001 0 NA
195.00 0.07692 195.1 0.00007 0 -7.000 -0.7143 -7.000 -0.0001 0 NA
200.00 0.07500 200.1 0.00009 0 -7.000 -0.7143 -7.000 -0.0002 0 NA
205.00 0.07317 205.1 0.00013 0 -7.000 -0.7143 -7.000 -0.0001 0 NA
210.00 0.07143 210.1 0.00018 0 -7.000 -0.7143 -7.000 -0.0002 0 NA
215.00 0.06977 215.1 0.00026 0 -7.000 -0.7143 -7.000 -0.0001 0 NA
220.00 0.06818 220.1 0.00037 0 -7.000 -0.7143 -7.000 -0.0001 0 NA
225.00 0.06667 225.1 0.00053 0 -7.000 -0.7143 -7.000 -0.0001 0 NA
230.00 0.06522 230.1 0.00075 0 -7.000 -0.7143 -7.000 -0.0002 0 NA
235.00 0.06383 235.1 0.00102 0 -7.000 -0.7143 -6.999 -0.0002 0 NA
240.00 0.06250 240.1 0.00138 0 -7.000 -0.7143 -7.000 -0.0001 0 NA
245.00 0.06122 245.1 0.00184 0 -7.000 -0.7143 -7.000 -0.0001 0 NA
250.00 0.06000 250.1 0.00240 0 -7.000 -0.7143 -7.000 -0.0001 0 NA
255.00 0.05882 255.1 0.00307 0 -7.000 -0.7143 -7.000 -0.0002 0 NA
260.00 0.05769 260.1 0.00390 0 -7.000 -0.7143 -7.000 -0.0002 0 NA
265.00 0.05660 265.1 0.00489 0 -7.000 -0.7143 -7.000 -0.0002 0 NA
270.00 0.05556 270.1 0.00604 0 -7.000 -0.7143 -7.000 -0.0002 0 NA
275.00 0.05455 275.1 0.00742 0 -7.000 -0.7143 -7.000 -0.0001 0 NA
280.00 0.05357 280.1 0.00898 0 -7.000 -0.7143 -7.000 -0.0001 0 NA
285.00 0.05263 285.1 0.01076 0 -7.000 -0.7143 -7.000 -0.0002 0 NA
290.00 0.05172 290.1 0.01277 0 -7.000 -0.7143 -7.000 -0.0001 0 NA
295.00 0.05085 295.1 0.01504 0 -7.000 -0.7143 -7.000 -0.0002 0 NA
300.00 0.05000 300.1 0.01749 0 -7.000 -0.7143 -7.000 -0.0001 0 NA
305.00 0.04918 305.1 0.02015 0 -7.000 -0.7143 -7.000 -0.0001 0 NA
310.00 0.04839 310.1 0.02311 0 -7.000 -0.7143 -7.000 -0.0002 0 NA
315.00 0.04762 315.1 0.02613 0 -7.000 -0.7143 -7.000 -0.0002 0 NA
320.00 0.04688 320.1 0.02931 0 -7.000 -0.7143 -6.999 -0.0001 0 NA
325.00 0.04615 325.1 0.03262 0 -7.000 -0.7143 -7.000 -0.0002 0 NA
330.00 0.04545 330.1 0.03618 0 -7.000 -0.7143 -7.000 -0.0002 0 NA
335.00 0.04478 335.1 0.03968 0 -7.000 -0.7143 -7.000 -0.0001 0 NA
340.00 0.04412 336.5 0.04002 1 -7.000 -0.7143 -7.000 -0.0001 0 NA
0.00 0.10000 0.1 0.00000 0 -7.500 -0.6667 -7.500 -0.0001 0 NA
5.00 0.10000 5.1 0.00000 0 -7.500 -0.6667 -7.499 -0.0001 0 NA
10.00 0.10000 10.1 0.00000 0 -7.500 -0.6667 -7.499 -0.0001 0 NA
15.00 0.10000 15.1 0.00000 0 -7.500 -0.6667 -7.499 -0.0001 0 NA
20.00 0.10000 20.1 0.00000 0 -7.500 -0.6667 -7.499 -0.0001 0 NA
25.00 0.10000 25.1 0.00000 0 -7.500 -0.6667 -7.499 -0.0002 0 NA
30.00 0.10000 30.1 0.00000 0 -7.500 -0.6667 -7.499 -0.0002 0 NA
35.00 0.10000 35.1 0.00000 0 -7.500 -0.6667 -7.499 -0.0001 0 NA
40.00 0.10000 40.1 0.00000 0 -7.500 -0.6667 -7.499 -0.0001 0 NA
45.00 0.10000 45.0 0.00000 0 -7.500 -0.6667 -7.499 -0.0001 0 NA
50.00 0.10000 50.1 0.00000 0 -7.500 -0.6667 -7.499 -0.0002 0 NA
55.00 0.10000 55.0 0.00000 0 -7.500 -0.6667 -7.499 -0.0001 0 NA
60.00 0.10000 60.0 0.00000 0 -7.500 -0.6667 -7.499 -0.0001 0 NA
65.00 0.10000 65.0 0.00000 0 -7.500 -0.6667 -7.499 -0.0002 0 NA
70.00 0.10000 70.1 0.00000 0 -7.500 -0.6667 -7.499 -0.0002 0 NA
75.00 0.10000 75.1 0.00000 0 -7.500 -0.6667 -7.499 -0.0001 0 NA
80.00 0.10000 80.1 0.00000 0 -7.500 -0.6667 -7.499 -0.0001 0 NA
85.00 0.10000 85.1 0.00000 0 -7.500 -0.6667 -7.499 -0.0001 0 NA
90.00 0.10000 90.1 0.00000 0 -7.500 -0.6667 -7.499 -0.0002 0 NA
95.00 0.10000 95.1 0.00000 0 -7.500 -0.6667 -7.499 -0.0001 0 NA
100.00 0.10000 100.1 0.00000 0 -7.500 -0.6667 -7.499 -0.0002 0 NA
105.00 0.10000 105.1 0.00000 0 -7.500 -0.6667 -7.499 -0.0002 0 NA
110.00 0.10000 110.1 0.00000 0 -7.500 -0.6667 -7.499 -0.0001 0 NA
115.00 0.10000 115.1 0.00000 0 -7.500 -0.6667 -7.499 -0.0002 0 NA
120.00 0.10000 120.1 0.00000 0 -7.500 -0.6667 -7.499 -0.0001 0 NA
125.00 0.10000 125.1 0.00000 0 -7.500 -0.6667 -7.499 -0.0001 0 NA
130.00 0.10000 130.1 0.00000 0 -7.500 -0.6667 -7.499 -0.0002 0 NA
135.00 0.10000 135.1 0.00000 0 -7.500 -0.6667 -7.499 -0.0002 0 NA
140.00 0.10000 140.1 0.00000 0 -7.500 -0.6667 -7.499 -0.0001 0 NA
145.00 0.10000 145.1 0.00000 0 -7.500 -0.6667 -7.499 -0.0002 0 NA
150.00 0.10000 150.1 0.00000 0 -7.500 -0.6667 -7.499 -0.0001 0 NA
155.00 0.09677 155.1 0.00000 0 -7.500 -0.6667 -7.499 -0.0001 0 NA
160.00 0.09375 160.1 0.00000 0 -7.500 -0.6667 -7.499 -0.0001 0 NA
165.00 0.09091 165.1 0.00000 0 -7.500 -0.6667 -7.499 -0.0001 0 NA
170.00 0.08824 170.1 0.00000 0 -7.500 -0.6667 -7.499 -0.0001 0 NA
175.00 0.08571 175.1 0.00000 0 -7.500 -0.6667 -7.499 -0.0001 0 NA
180.00 0.08333 180.1 0.00000 0 -7.500 -0.6667 -7.499 -0.0002 0 NA
185.00 0.08108 185.1 0.00000 0 -7.500 -0.6667 -7.499 -0.0001 0 NA
190.00 0.07895 190.1 0.00000 0 -7.500 -0.6667 -7.499 -0.0001 0 NA
195.00 0.07692 195.1 0.00000 0 -7.500 -0.6667 -7.499 -0.0001 0 NA
200.00 0.07500 200.1 0.00005 0 -7.500 -0.6667 -7.499 -0.0001 0 NA
205.00 0.07317 205.1 0.00006 0 -7.500 -0.6667 -7.499 -0.0002 0 NA
210.00 0.07143 210.1 0.00007 0 -7.500 -0.6667 -7.499 -0.0001 0 NA
215.00 0.06977 215.1 0.00010 0 -7.500 -0.6667 -7.499 -0.0001 0 NA
220.00 0.06818 220.1 0.00014 0 -7.500 -0.6667 -7.499 -0.0002 0 NA
225.00 0.06667 225.1 0.00020 0 -7.500 -0.6667 -7.499 -0.0001 0 NA
230.00 0.06522 230.1 0.00028 0 -7.500 -0.6667 -7.499 -0.0002 0 NA
235.00 0.06383 235.1 0.00040 0 -7.500 -0.6667 -7.499 -0.0002 0 NA
240.00 0.06250 240.1 0.00056 0 -7.500 -0.6667 -7.499 -0.0001 0 NA
245.00 0.06122 245.1 0.00077 0 -7.500 -0.6667 -7.500 -0.0002 0 NA
250.00 0.06000 250.1 0.00104 0 -7.500 -0.6667 -7.499 -0.0002 0 NA
255.00 0.05882 255.1 0.00139 0 -7.500 -0.6667 -7.499 -0.0002 0 NA
260.00 0.05769 260.1 0.00182 0 -7.500 -0.6667 -7.499 -0.0001 0 NA
265.00 0.05660 265.1 0.00235 0 -7.500 -0.6667 -7.499 -0.0001 0 NA
270.00 0.05556 270.1 0.00300 0 -7.500 -0.6667 -7.499 -0.0001 0 NA
275.00 0.05455 275.1 0.00378 0 -7.500 -0.6667 -7.499 -0.0001 0 NA
280.00 0.05357 280.1 0.00471 0 -7.500 -0.6667 -7.499 -0.0002 0 NA
285.00 0.05263 285.1 0.00579 0 -7.500 -0.6667 -7.499 -0.0001 0 NA
290.00 0.05172 290.1 0.00707 0 -7.500 -0.6667 -7.499 -0.0002 0 NA
295.00 0.05085 295.1 0.00851 0 -7.500 -0.6667 -7.499 -0.0001 0 NA
300.00 0.05000 300.1 0.01017 0 -7.500 -0.6667 -7.499 -0.0001 0 NA
305.00 0.04918 305.1 0.01203 0 -7.500 -0.6667 -7.499 -0.0001 0 NA
310.00 0.04839 310.1 0.01416 0 -7.500 -0.6667 -7.499 -0.0001 0 NA
315.00 0.04762 315.1 0.01645 0 -7.500 -0.6667 -7.499 -0.0002 0 NA
320.00 0.04688 320.1 0.01893 0 -7.500 -0.6667 -7.499 -0.0001 0 NA
325.00 0.04615 325.1 0.02170 0 -7.500 -0.6667 -7.500 -0.0001 0 NA
330.00 0.04545 330.1 0.02455 0 -7.500 -0.6667 -7.500 -0.0002 0 NA
335.00 0.04478 335.1 0.02755 0 -7.500 -0.6667 -7.499 -0.0001 0 NA
340.00 0.04412 340.1 0.03069 0 -7.500 -0.6667 -7.499 -0.0001 0 NA
345.00 0.04348 345.1 0.03409 0 -7.500 -0.6667 -7.499 -0.0001 0 NA
350.00 0.04286 350.1 0.03743 0 -7.500 -0.6667 -7.499 -0.0001 0 NA
355.00 0.04225 355.1 0.04083 0 -7.500 -0.6667 -7.499 -0.0001 0 NA
360.00 0.04167 354.9 0.04002 1 -7.500 -0.6667 -7.499 -0.0001 0 NA
0.00 0.10000 0.1 0.00000 0 -8.000 -0.6250 -7.999 -0.0001 0 NA
5.00 0.10000 5.1 0.00000 0 -8.000 -0.6250 -7.999 -0.0002 0 NA
10.00 0.10000 10.1 0.00000 0 -8.000 -0.6250 -7.999 -0.0001 0 NA
15.00 0.10000 15.1 0.00000 0 -8.000 -0.6250 -7.999 -0.0002 0 NA
20.00 0.10000 20.1 0.00000 0 -8.000 -0.6250 -7.999 -0.0001 0 NA
25.00 0.10000 25.1 0.00000 0 -8.000 -0.6250 -7.999 -0.0002 0 NA
30.00 0.10000 30.1 0.00000 0 -8.000 -0.6250 -7.999 -0.0002 0 NA
35.00 0.10000 35.1 0.00000 0 -8.000 -0.6250 -7.999 -0.0001 0 NA
40.00 0.10000 40.0 0.00000 0 -8.000 -0.6250 -7.999 -0.0001 0 NA
45.00 0.10000 45.0 0.00000 0 -8.000 -0.6250 -7.999 -0.0001 0 NA
50.00 0.10000 50.1 0.00000 0 -8.000 -0.6250 -7.999 -0.0001 0 NA
55.00 0.10000 55.0 0.00000 0 -8.000 -0.6250 -7.999 -0.0001 0 NA
60.00 0.10000 60.0 0.00000 0 -8.000 -0.6250 -7.999 -0.0002 0 NA
65.00 0.10000 65.0 0.00000 0 -8.000 -0.6250 -7.999 -0.0002 0 NA
70.00 0.10000 70.1 0.00000 0 -8.000 -0.6250 -7.999 -0.0001 0 NA
75.00 0.10000 75.1 0.00000 0 -8.000 -0.6250 -7.999 -0.0001 0 NA
80.00 0.10000 80.1 0.00000 0 -8.000 -0.6250 -7.999 -0.0001 0 NA
85.00 0.10000 85.1 0.00000 0 -8.000 -0.6250 -7.999 -0.0001 0 NA
90.00 0.10000 90.1 0.00000 0 -8.000 -0.6250 -7.999 -0.0001 0 NA
95.00 0.10000 95.1 0.00000 0 -8.000 -0.6250 -7.999 -0.0002 0 NA
100.00 0.10000 100.1 0.00000 0 -8.000 -0.6250 -7.999 -0.0002 0 NA
105.00 0.10000 105.1 0.00000 0 -8.000 -0.6250 -7.999 -0.0002 0 NA
110.00 0.10000 110.1 0.00000 0 -8.000 -0.6250 -7.999 -0.0001 0 NA
115.00 0.10000 115.1 0.00000 0 -8.000 -0.6250 -7.999 -0.0001 0 NA
120.00 0.10000 120.1 0.00000 0 -8.000 -0.6250 -7.999 -0.0001 0 NA
125.00 0.10000 125.1 0.00000 0 -8.000 -0.6250 -7.999 -0.0002 0 NA
130.00 0.10000 130.1 0.00000 0 -8.000 -0.6250 -7.999 -0.0002 0 NA
135.00 0.10000 135.1 0.00000 0 -8.000 -0.6250 -7.999 -0.0002 0 NA
140.00 0.10000 140.1 0.00000 0 -8.000 -0.6250 -7.999 -0.0001 0 NA
145.00 0.10000 145.1 0.00000 0 -8.000 -0.6250 -7.999 -0.0001 0 NA
150.00 0.10000 150.1 0.00000 0 -8.000 -0.6250 -7.999 -0.0001 0 NA
155.00 0.09677 155.1 0.00000 0 -8.000 -0.6250 -7.999 -0.0002 0 NA
160.00 0.09375 160.1 0.00000 0 -8.000 -0.6250 -7.999 -0.0001 0 NA
165.00 0.09091 165.1 0.00000 0 -8.000 -0.6250 -7.999 -0.0001 0 NA
170.00 0.08824 170.1 0.00000 0 -8.000 -0.6250 -7.999 -0.0001 0 NA
175.00 0.08571 175.1 0.00000 0 -8.000 -0.6250 -7.999 -0.0001 0 NA
180.00 0.08333 180.1 0.00000 0 -8.000 -0.6250 -7.999 -0.0002 0 NA
185.00 0.08108 185.1 0.00000 0 -8.000 -0.6250 -7.999 -0.0002 0 NA
190.00 0.07895 190.1 0.00000 0 -8.000 -0.6250 -8.000 -0.0001 0 NA
195.00 0.07692 195.1 0.00000 0 -8.000 -0.6250 -7.999 -0.0001 0 NA
200.00 0.07500 200.1 0.00000 0 -8.000 -0.6250 -7.999 -0.0002 0 NA
205.00 0.07317 205.1 0.00000 0 -8.000 -0.6250 -7.999 -0.0002 0 NA
210.00 0.07143 210.1 0.00000 0 -8.000 -0.6250 -7.999 -0.0001 0 NA
215.00 0.06977 215.1 0.00005 0 -8.000 -0.6250 -7.999 -0.0001 0 NA
220.00 0.06818 220.1 0.00007 0 -8.000 -0.6250 -7.999 -0.0001 0 NA
225.00 0.06667 225.1 0.00008 0 -8.000 -0.6250 -7.999 -0.0001 0 NA
230.00 0.06522 230.1 0.00011 0 -8.000 -0.6250 -7.999 -0.0001 0 NA
235.00 0.06383 235.1 0.00015 0 -8.000 -0.6250 -7.999 -0.0001 0 NA
240.00 0.06250 240.1 0.00021 0 -8.000 -0.6250 -7.999 -0.0001 0 NA
245.00 0.06122 245.1 0.00029 0 -8.000 -0.6250 -7.999 -0.0001 0 NA
250.00 0.06000 250.1 0.00042 0 -8.000 -0.6250 -7.999 -0.0001 0 NA
255.00 0.05882 255.1 0.00057 0 -8.000 -0.6250 -7.999 -0.0001 0 NA
260.00 0.05769 260.1 0.00078 0 -8.000 -0.6250 -7.999 -0.0001 0 NA
265.00 0.05660 265.1 0.00105 0 -8.000 -0.6250 -7.999 -0.0002 0 NA
270.00 0.05556 270.1 0.00139 0 -8.000 -0.6250 -7.999 -0.0002 0 NA
275.00 0.05455 275.1 0.00181 0 -8.000 -0.6250 -7.999 -0.0001 0 NA
280.00 0.05357 280.1 0.00232 0 -8.000 -0.6250 -7.999 -0.0001 0 NA
285.00 0.05263 285.1 0.00293 0 -8.000 -0.6250 -7.999 -0.0001 0 NA
290.00 0.05172 290.1 0.00368 0 -8.000 -0.6250 -7.999 -0.0002 0 NA
295.00 0.05085 295.1 0.00454 0 -8.000 -0.6250 -7.999 -0.0001 0 NA
300.00 0.05000 300.1 0.00555 0 -8.000 -0.6250 -7.999 -0.0001 0 NA
305.00 0.04918 305.1 0.00675 0 -8.000 -0.6250 -7.999 -0.0001 0 NA
310.00 0.04839 310.1 0.00810 0 -8.000 -0.6250 -7.999 -0.0001 0 NA
315.00 0.04762 315.1 0.00964 0 -8.000 -0.6250 -7.999 -0.0002 0 NA
320.00 0.04688 320.1 0.01137 0 -8.000 -0.6250 -7.999 -0.0001 0 NA
325.00 0.04615 325.1 0.01335 0 -8.000 -0.6250 -7.999 -0.0001 0 NA
330.00 0.04545 330.1 0.01549 0 -8.000 -0.6250 -7.999 -0.0001 0 NA
335.00 0.04478 335.1 0.01781 0 -8.000 -0.6250 -7.999 -0.0001 0 NA
340.00 0.04412 340.1 0.02032 0 -8.000 -0.6250 -7.999 -0.0001 0 NA
345.00 0.04348 345.1 0.02296 0 -8.000 -0.6250 -7.999 -0.0001 0 NA
350.00 0.04286 350.1 0.02581 0 -8.000 -0.6250 -7.999 -0.0002 0 NA
355.00 0.04225 355.1 0.02879 0 -8.000 -0.6250 -7.999 -0.0001 0 NA
360.00 0.04167 360.1 0.03205 0 -8.000 -0.6250 -7.999 -0.0001 0 NA
365.00 0.04110 365.1 0.03524 0 -8.000 -0.6250 -7.999 -0.0001 0 NA
370.00 0.04054 370.1 0.03851 0 -8.000 -0.6250 -7.999 -0.0001 0 NA
375.00 0.04000 374.2 0.04101 1 -8.000 -0.6250 -7.999 -0.0001 0 NA
