% * Sample: 6E5P_19
% * Date / time: 2024-02-04 19:30:36.299272
% * R2CONTROL =  NOT SPECIFIED
% Column 1:  PSU1 nominal voltage setting (V)
% Column 2:  PSU1 nominal current setting (A)
% Column 3:  PSU1 voltage measurement (V)
% Column 4:  PSU1 current measurement (I)
% Column 5:  PSU1 limiter flag
% Column 6:  PSU2 nominal voltage setting (V)
% Column 7:  PSU2 nominal current setting (A)
% Column 8:  PSU2 voltage measurement (V)
% Column 9:  PSU2 current measurement (I)
% Column 10: PSU2 limiter flag
% Column 11: Heaterblock temperature (°C)
% * OPERATING POINT AT END OF PREHEAT / IDLE: U1 = 200.1 V  I1 = 0.03000 A  U2 = -3.704 V  I2 = -0.0002 A  T = NA °C
0.00 0.10000 0.1 0.00000 0 -0.000 -1.0000 -0.000 -0.0001 0 NA
5.00 0.10000 5.1 0.00005 0 -0.000 -1.0000 -0.000 -0.0001 0 NA
10.00 0.10000 10.1 0.00010 0 -0.000 -1.0000 -0.000 -0.0001 0 NA
15.00 0.10000 15.1 0.00026 0 -0.000 -1.0000 -0.000 -0.0001 0 NA
20.00 0.10000 20.1 0.00064 0 -0.000 -1.0000 -0.000 -0.0001 0 NA
25.00 0.10000 25.1 0.00141 0 -0.000 -1.0000 -0.000 -0.0001 0 NA
30.00 0.10000 30.1 0.00275 0 -0.000 -1.0000 -0.000 -0.0001 0 NA
35.00 0.10000 35.1 0.00482 0 -0.000 -1.0000 -0.000 -0.0001 0 NA
40.00 0.10000 40.1 0.00758 0 -0.000 -1.0000 -0.000 -0.0001 0 NA
45.00 0.10000 45.0 0.01097 0 -0.000 -1.0000 -0.000 -0.0001 0 NA
50.00 0.10000 50.1 0.01481 0 -0.000 -1.0000 -0.000 -0.0001 0 NA
55.00 0.10000 55.0 0.01890 0 -0.000 -1.0000 -0.000 -0.0001 0 NA
60.00 0.10000 60.0 0.02320 0 -0.000 -1.0000 -0.000 -0.0001 0 NA
65.00 0.10000 65.0 0.02765 0 -0.000 -1.0000 -0.000 -0.0001 0 NA
70.00 0.10000 70.1 0.03229 0 -0.000 -1.0000 -0.000 -0.0001 0 NA
75.00 0.10000 75.1 0.03698 0 -0.000 -1.0000 -0.000 -0.0001 0 NA
80.00 0.10000 80.1 0.04187 0 -0.000 -1.0000 -0.000 -0.0001 0 NA
85.00 0.10000 85.1 0.04692 0 -0.000 -1.0000 -0.000 -0.0001 0 NA
90.00 0.10000 90.1 0.05203 0 -0.000 -1.0000 -0.000 -0.0001 0 NA
95.00 0.10000 95.1 0.05722 0 -0.000 -1.0000 -0.000 -0.0001 0 NA
100.00 0.10000 100.1 0.06250 0 -0.000 -1.0000 -0.000 -0.0001 0 NA
105.00 0.10000 105.1 0.06791 0 -0.000 -1.0000 -0.000 -0.0001 0 NA
110.00 0.10000 110.1 0.07315 0 -0.000 -1.0000 -0.000 -0.0001 0 NA
115.00 0.10000 115.1 0.07863 0 -0.000 -1.0000 -0.000 -0.0001 0 NA
120.00 0.10000 120.1 0.08414 0 -0.000 -1.0000 -0.000 -0.0001 0 NA
125.00 0.10000 125.1 0.08976 0 -0.000 -1.0000 -0.000 -0.0001 0 NA
130.00 0.10000 130.1 0.09533 0 -0.000 -1.0000 -0.000 -0.0001 0 NA
135.00 0.10000 135.1 0.10093 1 -0.000 -1.0000 -0.000 -0.0001 0 NA
0.00 0.10000 0.1 0.00000 0 -0.500 -1.0000 -0.499 -0.0001 0 NA
5.00 0.10000 5.1 0.00000 0 -0.500 -1.0000 -0.499 -0.0002 0 NA
10.00 0.10000 10.1 0.00000 0 -0.500 -1.0000 -0.499 -0.0002 0 NA
15.00 0.10000 15.1 0.00000 0 -0.500 -1.0000 -0.500 -0.0001 0 NA
20.00 0.10000 20.1 0.00007 0 -0.500 -1.0000 -0.499 -0.0001 0 NA
25.00 0.10000 25.1 0.00014 0 -0.500 -1.0000 -0.499 -0.0001 0 NA
30.00 0.10000 30.1 0.00033 0 -0.500 -1.0000 -0.499 -0.0001 0 NA
35.00 0.10000 35.1 0.00075 0 -0.500 -1.0000 -0.500 -0.0001 0 NA
40.00 0.10000 40.0 0.00153 0 -0.500 -1.0000 -0.499 -0.0002 0 NA
45.00 0.10000 45.0 0.00279 0 -0.500 -1.0000 -0.499 -0.0001 0 NA
50.00 0.10000 50.1 0.00460 0 -0.500 -1.0000 -0.499 -0.0001 0 NA
55.00 0.10000 55.0 0.00696 0 -0.500 -1.0000 -0.499 -0.0001 0 NA
60.00 0.10000 60.0 0.00993 0 -0.500 -1.0000 -0.499 -0.0001 0 NA
65.00 0.10000 65.0 0.01345 0 -0.500 -1.0000 -0.499 -0.0002 0 NA
70.00 0.10000 70.1 0.01734 0 -0.500 -1.0000 -0.499 -0.0002 0 NA
75.00 0.10000 75.1 0.02147 0 -0.500 -1.0000 -0.499 -0.0002 0 NA
80.00 0.10000 80.1 0.02580 0 -0.500 -1.0000 -0.499 -0.0001 0 NA
85.00 0.10000 85.1 0.03030 0 -0.500 -1.0000 -0.499 -0.0001 0 NA
90.00 0.10000 90.1 0.03492 0 -0.500 -1.0000 -0.499 -0.0001 0 NA
95.00 0.10000 95.1 0.03967 0 -0.500 -1.0000 -0.499 -0.0001 0 NA
100.00 0.10000 100.1 0.04456 0 -0.500 -1.0000 -0.499 -0.0002 0 NA
105.00 0.10000 105.1 0.04953 0 -0.500 -1.0000 -0.499 -0.0001 0 NA
110.00 0.10000 110.1 0.05459 0 -0.500 -1.0000 -0.499 -0.0001 0 NA
115.00 0.10000 115.1 0.05973 0 -0.500 -1.0000 -0.499 -0.0001 0 NA
120.00 0.10000 120.1 0.06501 0 -0.500 -1.0000 -0.499 -0.0002 0 NA
125.00 0.10000 125.1 0.07026 0 -0.500 -1.0000 -0.499 -0.0002 0 NA
130.00 0.10000 130.1 0.07557 0 -0.500 -1.0000 -0.499 -0.0001 0 NA
135.00 0.10000 135.1 0.08101 0 -0.500 -1.0000 -0.499 -0.0001 0 NA
140.00 0.10000 140.1 0.08639 0 -0.500 -1.0000 -0.499 -0.0002 0 NA
145.00 0.10000 145.1 0.09181 0 -0.500 -1.0000 -0.499 -0.0001 0 NA
150.00 0.10000 150.1 0.09728 0 -0.500 -1.0000 -0.499 -0.0001 0 NA
155.00 0.09677 152.9 0.10005 1 -0.500 -1.0000 -0.499 -0.0002 0 NA
0.00 0.10000 0.1 0.00000 0 -1.000 -1.0000 -1.000 -0.0002 0 NA
5.00 0.10000 5.1 0.00000 0 -1.000 -1.0000 -0.999 -0.0002 0 NA
10.00 0.10000 10.1 0.00000 0 -1.000 -1.0000 -1.000 -0.0001 0 NA
15.00 0.10000 15.1 0.00000 0 -1.000 -1.0000 -1.000 -0.0001 0 NA
20.00 0.10000 20.1 0.00000 0 -1.000 -1.0000 -1.000 -0.0002 0 NA
25.00 0.10000 25.1 0.00000 0 -1.000 -1.0000 -1.000 -0.0002 0 NA
30.00 0.10000 30.1 0.00005 0 -1.000 -1.0000 -1.000 -0.0002 0 NA
35.00 0.10000 35.1 0.00007 0 -1.000 -1.0000 -1.000 -0.0001 0 NA
40.00 0.10000 40.0 0.00015 0 -1.000 -1.0000 -1.000 -0.0001 0 NA
45.00 0.10000 45.0 0.00033 0 -1.000 -1.0000 -0.999 -0.0002 0 NA
50.00 0.10000 50.1 0.00071 0 -1.000 -1.0000 -1.000 -0.0001 0 NA
55.00 0.10000 55.0 0.00137 0 -1.000 -1.0000 -0.999 -0.0001 0 NA
60.00 0.10000 60.0 0.00244 0 -1.000 -1.0000 -0.999 -0.0002 0 NA
65.00 0.10000 65.0 0.00397 0 -1.000 -1.0000 -1.000 -0.0001 0 NA
70.00 0.10000 70.1 0.00601 0 -1.000 -1.0000 -0.999 -0.0002 0 NA
75.00 0.10000 75.1 0.00858 0 -1.000 -1.0000 -0.999 -0.0001 0 NA
80.00 0.10000 80.1 0.01171 0 -1.000 -1.0000 -1.000 -0.0002 0 NA
85.00 0.10000 85.1 0.01532 0 -1.000 -1.0000 -1.000 -0.0002 0 NA
90.00 0.10000 90.1 0.01925 0 -1.000 -1.0000 -0.999 -0.0002 0 NA
95.00 0.10000 95.1 0.02342 0 -1.000 -1.0000 -0.999 -0.0002 0 NA
100.00 0.10000 100.1 0.02776 0 -1.000 -1.0000 -1.000 -0.0001 0 NA
105.00 0.10000 105.1 0.03229 0 -1.000 -1.0000 -1.000 -0.0001 0 NA
110.00 0.10000 110.1 0.03693 0 -1.000 -1.0000 -1.000 -0.0002 0 NA
115.00 0.10000 115.1 0.04167 0 -1.000 -1.0000 -1.000 -0.0001 0 NA
120.00 0.10000 120.1 0.04657 0 -1.000 -1.0000 -0.999 -0.0001 0 NA
125.00 0.10000 125.1 0.05151 0 -1.000 -1.0000 -0.999 -0.0002 0 NA
130.00 0.10000 130.1 0.05653 0 -1.000 -1.0000 -1.000 -0.0001 0 NA
135.00 0.10000 135.1 0.06161 0 -1.000 -1.0000 -0.999 -0.0002 0 NA
140.00 0.10000 140.1 0.06684 0 -1.000 -1.0000 -0.999 -0.0001 0 NA
145.00 0.10000 145.1 0.07202 0 -1.000 -1.0000 -0.999 -0.0001 0 NA
150.00 0.10000 150.1 0.07706 0 -1.000 -1.0000 -0.999 -0.0001 0 NA
155.00 0.09677 155.1 0.08249 0 -1.000 -1.0000 -0.999 -0.0002 0 NA
160.00 0.09375 160.1 0.08785 0 -1.000 -1.0000 -1.000 -0.0001 0 NA
165.00 0.09091 165.1 0.09323 1 -1.000 -1.0000 -0.999 -0.0001 0 NA
0.00 0.10000 0.1 0.00000 0 -1.500 -1.0000 -1.499 -0.0001 0 NA
5.00 0.10000 5.1 0.00000 0 -1.500 -1.0000 -1.499 -0.0002 0 NA
10.00 0.10000 10.1 0.00000 0 -1.500 -1.0000 -1.499 -0.0001 0 NA
15.00 0.10000 15.1 0.00000 0 -1.500 -1.0000 -1.499 -0.0001 0 NA
20.00 0.10000 20.1 0.00000 0 -1.500 -1.0000 -1.499 -0.0002 0 NA
25.00 0.10000 25.1 0.00000 0 -1.500 -1.0000 -1.499 -0.0001 0 NA
30.00 0.10000 30.1 0.00000 0 -1.500 -1.0000 -1.499 -0.0001 0 NA
35.00 0.10000 35.1 0.00000 0 -1.500 -1.0000 -1.500 -0.0002 0 NA
40.00 0.10000 40.0 0.00000 0 -1.500 -1.0000 -1.499 -0.0002 0 NA
45.00 0.10000 45.0 0.00005 0 -1.500 -1.0000 -1.499 -0.0001 0 NA
50.00 0.10000 50.0 0.00008 0 -1.500 -1.0000 -1.499 -0.0002 0 NA
55.00 0.10000 55.0 0.00015 0 -1.500 -1.0000 -1.499 -0.0001 0 NA
60.00 0.10000 60.0 0.00031 0 -1.500 -1.0000 -1.499 -0.0002 0 NA
65.00 0.10000 65.0 0.00063 0 -1.500 -1.0000 -1.499 -0.0001 0 NA
70.00 0.10000 70.1 0.00120 0 -1.500 -1.0000 -1.499 -0.0001 0 NA
75.00 0.10000 75.1 0.00210 0 -1.500 -1.0000 -1.499 -0.0002 0 NA
80.00 0.10000 80.1 0.00340 0 -1.500 -1.0000 -1.499 -0.0001 0 NA
85.00 0.10000 85.1 0.00515 0 -1.500 -1.0000 -1.499 -0.0001 0 NA
90.00 0.10000 90.1 0.00738 0 -1.500 -1.0000 -1.499 -0.0002 0 NA
95.00 0.10000 95.1 0.01011 0 -1.500 -1.0000 -1.499 -0.0002 0 NA
100.00 0.10000 100.1 0.01332 0 -1.500 -1.0000 -1.499 -0.0002 0 NA
105.00 0.10000 105.1 0.01696 0 -1.500 -1.0000 -1.499 -0.0001 0 NA
110.00 0.10000 110.1 0.02092 0 -1.500 -1.0000 -1.499 -0.0001 0 NA
115.00 0.10000 115.1 0.02503 0 -1.500 -1.0000 -1.499 -0.0001 0 NA
120.00 0.10000 120.1 0.02939 0 -1.500 -1.0000 -1.499 -0.0001 0 NA
125.00 0.10000 125.1 0.03392 0 -1.500 -1.0000 -1.499 -0.0001 0 NA
130.00 0.10000 130.1 0.03854 0 -1.500 -1.0000 -1.499 -0.0001 0 NA
135.00 0.10000 135.1 0.04326 0 -1.500 -1.0000 -1.499 -0.0001 0 NA
140.00 0.10000 140.1 0.04813 0 -1.500 -1.0000 -1.499 -0.0001 0 NA
145.00 0.10000 145.1 0.05301 0 -1.500 -1.0000 -1.499 -0.0001 0 NA
150.00 0.10000 150.1 0.05796 0 -1.500 -1.0000 -1.499 -0.0001 0 NA
155.00 0.09677 155.1 0.06296 0 -1.500 -1.0000 -1.499 -0.0002 0 NA
160.00 0.09375 160.1 0.06813 0 -1.500 -1.0000 -1.499 -0.0002 0 NA
165.00 0.09091 165.1 0.07322 0 -1.500 -1.0000 -1.499 -0.0001 0 NA
170.00 0.08824 170.1 0.07837 0 -1.500 -1.0000 -1.499 -0.0002 0 NA
175.00 0.08571 172.1 0.08004 1 -1.500 -1.0000 -1.499 -0.0001 0 NA
0.00 0.10000 0.2 0.00000 0 -2.000 -1.0000 -1.999 -0.0002 0 NA
5.00 0.10000 5.1 0.00000 0 -2.000 -1.0000 -1.999 -0.0002 0 NA
10.00 0.10000 10.1 0.00000 0 -2.000 -1.0000 -1.999 -0.0001 0 NA
15.00 0.10000 15.1 0.00000 0 -2.000 -1.0000 -1.999 -0.0001 0 NA
20.00 0.10000 20.1 0.00000 0 -2.000 -1.0000 -1.999 -0.0002 0 NA
25.00 0.10000 25.1 0.00000 0 -2.000 -1.0000 -1.999 -0.0002 0 NA
30.00 0.10000 30.1 0.00000 0 -2.000 -1.0000 -2.000 -0.0001 0 NA
35.00 0.10000 35.1 0.00000 0 -2.000 -1.0000 -1.999 -0.0001 0 NA
40.00 0.10000 40.0 0.00000 0 -2.000 -1.0000 -1.999 -0.0001 0 NA
45.00 0.10000 45.0 0.00000 0 -2.000 -1.0000 -2.000 -0.0001 0 NA
50.00 0.10000 50.1 0.00000 0 -2.000 -1.0000 -1.999 -0.0001 0 NA
55.00 0.10000 55.0 0.00000 0 -2.000 -1.0000 -1.999 -0.0002 0 NA
60.00 0.10000 60.0 0.00005 0 -2.000 -1.0000 -1.999 -0.0001 0 NA
65.00 0.10000 65.0 0.00008 0 -2.000 -1.0000 -1.999 -0.0002 0 NA
70.00 0.10000 70.1 0.00015 0 -2.000 -1.0000 -1.999 -0.0001 0 NA
75.00 0.10000 75.1 0.00028 0 -2.000 -1.0000 -1.999 -0.0002 0 NA
80.00 0.10000 80.1 0.00056 0 -2.000 -1.0000 -1.999 -0.0002 0 NA
85.00 0.10000 85.1 0.00105 0 -2.000 -1.0000 -1.999 -0.0001 0 NA
90.00 0.10000 90.1 0.00180 0 -2.000 -1.0000 -1.999 -0.0002 0 NA
95.00 0.10000 95.1 0.00291 0 -2.000 -1.0000 -1.999 -0.0001 0 NA
100.00 0.10000 100.1 0.00440 0 -2.000 -1.0000 -1.999 -0.0001 0 NA
105.00 0.10000 105.1 0.00633 0 -2.000 -1.0000 -1.999 -0.0001 0 NA
110.00 0.10000 110.1 0.00873 0 -2.000 -1.0000 -1.999 -0.0001 0 NA
115.00 0.10000 115.1 0.01157 0 -2.000 -1.0000 -1.999 -0.0002 0 NA
120.00 0.10000 120.1 0.01482 0 -2.000 -1.0000 -1.999 -0.0002 0 NA
125.00 0.10000 125.1 0.01849 0 -2.000 -1.0000 -2.000 -0.0002 0 NA
130.00 0.10000 130.1 0.02244 0 -2.000 -1.0000 -1.999 -0.0002 0 NA
135.00 0.10000 135.1 0.02661 0 -2.000 -1.0000 -1.999 -0.0001 0 NA
140.00 0.10000 140.1 0.03096 0 -2.000 -1.0000 -1.999 -0.0002 0 NA
145.00 0.10000 145.1 0.03548 0 -2.000 -1.0000 -1.999 -0.0001 0 NA
150.00 0.10000 150.1 0.04005 0 -2.000 -1.0000 -1.999 -0.0002 0 NA
155.00 0.09677 155.1 0.04472 0 -2.000 -1.0000 -1.999 -0.0001 0 NA
160.00 0.09375 160.1 0.04955 0 -2.000 -1.0000 -1.999 -0.0002 0 NA
165.00 0.09091 165.1 0.05435 0 -2.000 -1.0000 -1.999 -0.0002 0 NA
170.00 0.08824 170.1 0.05922 0 -2.000 -1.0000 -1.999 -0.0001 0 NA
175.00 0.08571 175.1 0.06412 0 -2.000 -1.0000 -1.999 -0.0002 0 NA
180.00 0.08333 180.1 0.06920 0 -2.000 -1.0000 -2.000 -0.0001 0 NA
185.00 0.08108 185.1 0.07418 0 -2.000 -1.0000 -1.999 -0.0001 0 NA
190.00 0.07895 190.1 0.07923 1 -2.000 -1.0000 -1.999 -0.0002 0 NA
0.00 0.10000 0.1 0.00000 0 -2.500 -1.0000 -2.499 -0.0001 0 NA
5.00 0.10000 5.1 0.00000 0 -2.500 -1.0000 -2.499 -0.0001 0 NA
10.00 0.10000 10.1 0.00000 0 -2.500 -1.0000 -2.499 -0.0001 0 NA
15.00 0.10000 15.1 0.00000 0 -2.500 -1.0000 -2.499 -0.0001 0 NA
20.00 0.10000 20.1 0.00000 0 -2.500 -1.0000 -2.499 -0.0001 0 NA
25.00 0.10000 25.1 0.00000 0 -2.500 -1.0000 -2.499 -0.0001 0 NA
30.00 0.10000 30.1 0.00000 0 -2.500 -1.0000 -2.499 -0.0002 0 NA
35.00 0.10000 35.1 0.00000 0 -2.500 -1.0000 -2.499 -0.0002 0 NA
40.00 0.10000 40.0 0.00000 0 -2.500 -1.0000 -2.499 -0.0001 0 NA
45.00 0.10000 45.0 0.00000 0 -2.500 -1.0000 -2.499 -0.0002 0 NA
50.00 0.10000 50.0 0.00000 0 -2.500 -1.0000 -2.499 -0.0002 0 NA
55.00 0.10000 55.0 0.00000 0 -2.500 -1.0000 -2.499 -0.0001 0 NA
60.00 0.10000 60.0 0.00000 0 -2.500 -1.0000 -2.499 -0.0001 0 NA
65.00 0.10000 65.0 0.00000 0 -2.500 -1.0000 -2.499 -0.0002 0 NA
70.00 0.10000 70.1 0.00000 0 -2.500 -1.0000 -2.499 -0.0001 0 NA
75.00 0.10000 75.1 0.00005 0 -2.500 -1.0000 -2.499 -0.0001 0 NA
80.00 0.10000 80.1 0.00008 0 -2.500 -1.0000 -2.499 -0.0001 0 NA
85.00 0.10000 85.1 0.00014 0 -2.500 -1.0000 -2.499 -0.0002 0 NA
90.00 0.10000 90.1 0.00027 0 -2.500 -1.0000 -2.499 -0.0002 0 NA
95.00 0.10000 95.1 0.00050 0 -2.500 -1.0000 -2.499 -0.0002 0 NA
100.00 0.10000 100.1 0.00092 0 -2.500 -1.0000 -2.499 -0.0001 0 NA
105.00 0.10000 105.1 0.00156 0 -2.500 -1.0000 -2.499 -0.0001 0 NA
110.00 0.10000 110.1 0.00251 0 -2.500 -1.0000 -2.499 -0.0002 0 NA
115.00 0.10000 115.1 0.00380 0 -2.500 -1.0000 -2.499 -0.0002 0 NA
120.00 0.10000 120.1 0.00549 0 -2.500 -1.0000 -2.499 -0.0001 0 NA
125.00 0.10000 125.1 0.00759 0 -2.500 -1.0000 -2.499 -0.0002 0 NA
130.00 0.10000 130.1 0.01011 0 -2.500 -1.0000 -2.499 -0.0002 0 NA
135.00 0.10000 135.1 0.01306 0 -2.500 -1.0000 -2.499 -0.0002 0 NA
140.00 0.10000 140.1 0.01643 0 -2.500 -1.0000 -2.499 -0.0002 0 NA
145.00 0.10000 145.1 0.02009 0 -2.500 -1.0000 -2.499 -0.0002 0 NA
150.00 0.10000 150.1 0.02405 0 -2.500 -1.0000 -2.499 -0.0001 0 NA
155.00 0.09677 155.1 0.02810 0 -2.500 -1.0000 -2.499 -0.0001 0 NA
160.00 0.09375 160.1 0.03249 0 -2.500 -1.0000 -2.499 -0.0001 0 NA
165.00 0.09091 165.1 0.03691 0 -2.500 -1.0000 -2.499 -0.0001 0 NA
170.00 0.08824 170.1 0.04145 0 -2.500 -1.0000 -2.499 -0.0002 0 NA
175.00 0.08571 175.1 0.04612 0 -2.500 -1.0000 -2.499 -0.0001 0 NA
180.00 0.08333 180.1 0.05080 0 -2.500 -1.0000 -2.499 -0.0002 0 NA
185.00 0.08108 185.1 0.05550 0 -2.500 -1.0000 -2.499 -0.0002 0 NA
190.00 0.07895 190.1 0.06029 0 -2.500 -1.0000 -2.499 -0.0002 0 NA
195.00 0.07692 195.1 0.06519 0 -2.500 -1.0000 -2.499 -0.0001 0 NA
200.00 0.07500 200.1 0.07022 0 -2.500 -1.0000 -2.499 -0.0002 0 NA
205.00 0.07317 205.1 0.07493 1 -2.500 -1.0000 -2.499 -0.0002 0 NA
0.00 0.10000 0.2 0.00000 0 -3.000 -1.0000 -3.000 -0.0001 0 NA
5.00 0.10000 5.1 0.00000 0 -3.000 -1.0000 -3.000 -0.0001 0 NA
10.00 0.10000 10.1 0.00000 0 -3.000 -1.0000 -3.000 -0.0002 0 NA
15.00 0.10000 15.1 0.00000 0 -3.000 -1.0000 -3.000 -0.0001 0 NA
20.00 0.10000 20.1 0.00000 0 -3.000 -1.0000 -3.000 -0.0001 0 NA
25.00 0.10000 25.1 0.00000 0 -3.000 -1.0000 -3.000 -0.0001 0 NA
30.00 0.10000 30.1 0.00000 0 -3.000 -1.0000 -3.000 -0.0001 0 NA
35.00 0.10000 35.1 0.00000 0 -3.000 -1.0000 -3.000 -0.0002 0 NA
40.00 0.10000 40.1 0.00000 0 -3.000 -1.0000 -3.000 -0.0001 0 NA
45.00 0.10000 45.0 0.00000 0 -3.000 -1.0000 -3.000 -0.0001 0 NA
50.00 0.10000 50.0 0.00000 0 -3.000 -1.0000 -3.000 -0.0002 0 NA
55.00 0.10000 55.0 0.00000 0 -3.000 -1.0000 -3.000 -0.0001 0 NA
60.00 0.10000 60.0 0.00000 0 -3.000 -1.0000 -3.000 -0.0001 0 NA
65.00 0.10000 65.0 0.00000 0 -3.000 -1.0000 -3.000 -0.0002 0 NA
70.00 0.10000 70.1 0.00000 0 -3.000 -1.0000 -3.000 -0.0002 0 NA
75.00 0.10000 75.1 0.00000 0 -3.000 -1.0000 -3.000 -0.0002 0 NA
80.00 0.10000 80.1 0.00000 0 -3.000 -1.0000 -3.000 -0.0001 0 NA
85.00 0.10000 85.1 0.00000 0 -3.000 -1.0000 -3.000 -0.0002 0 NA
90.00 0.10000 90.1 0.00006 0 -3.000 -1.0000 -3.000 -0.0002 0 NA
95.00 0.10000 95.1 0.00007 0 -3.000 -1.0000 -3.000 -0.0001 0 NA
100.00 0.10000 100.1 0.00014 0 -3.000 -1.0000 -3.000 -0.0002 0 NA
105.00 0.10000 105.1 0.00025 0 -3.000 -1.0000 -3.000 -0.0001 0 NA
110.00 0.10000 110.1 0.00045 0 -3.000 -1.0000 -3.000 -0.0002 0 NA
115.00 0.10000 115.1 0.00081 0 -3.000 -1.0000 -3.000 -0.0002 0 NA
120.00 0.10000 120.1 0.00137 0 -3.000 -1.0000 -3.000 -0.0001 0 NA
125.00 0.10000 125.1 0.00219 0 -3.000 -1.0000 -3.000 -0.0002 0 NA
130.00 0.10000 130.1 0.00331 0 -3.000 -1.0000 -3.000 -0.0002 0 NA
135.00 0.10000 135.1 0.00479 0 -3.000 -1.0000 -3.000 -0.0002 0 NA
140.00 0.10000 140.1 0.00665 0 -3.000 -1.0000 -3.000 -0.0001 0 NA
145.00 0.10000 145.1 0.00889 0 -3.000 -1.0000 -3.000 -0.0002 0 NA
150.00 0.10000 150.1 0.01155 0 -3.000 -1.0000 -3.000 -0.0002 0 NA
155.00 0.09677 155.1 0.01461 0 -3.000 -1.0000 -3.000 -0.0001 0 NA
160.00 0.09375 160.1 0.01800 0 -3.000 -1.0000 -3.000 -0.0001 0 NA
165.00 0.09091 165.1 0.02168 0 -3.000 -1.0000 -3.000 -0.0002 0 NA
170.00 0.08824 170.1 0.02562 0 -3.000 -1.0000 -3.000 -0.0002 0 NA
175.00 0.08571 175.1 0.02981 0 -3.000 -1.0000 -3.000 -0.0001 0 NA
180.00 0.08333 180.1 0.03408 0 -3.000 -1.0000 -3.000 -0.0001 0 NA
185.00 0.08108 185.1 0.03846 0 -3.000 -1.0000 -3.000 -0.0002 0 NA
190.00 0.07895 190.1 0.04295 0 -3.000 -1.0000 -3.000 -0.0002 0 NA
195.00 0.07692 195.1 0.04756 0 -3.000 -1.0000 -3.000 -0.0001 0 NA
200.00 0.07500 200.1 0.05214 0 -3.000 -1.0000 -3.000 -0.0001 0 NA
205.00 0.07317 205.1 0.05679 0 -3.000 -1.0000 -3.000 -0.0001 0 NA
210.00 0.07143 210.1 0.06180 0 -3.000 -1.0000 -3.000 -0.0001 0 NA
215.00 0.06977 208.9 0.06003 1 -3.000 -1.0000 -3.000 -0.0001 0 NA
0.00 0.10000 0.1 0.00000 0 -3.500 -1.0000 -3.500 -0.0001 0 NA
5.00 0.10000 5.1 0.00000 0 -3.500 -1.0000 -3.500 -0.0001 0 NA
10.00 0.10000 10.1 0.00000 0 -3.500 -1.0000 -3.500 -0.0001 0 NA
15.00 0.10000 15.1 0.00000 0 -3.500 -1.0000 -3.500 -0.0001 0 NA
20.00 0.10000 20.1 0.00000 0 -3.500 -1.0000 -3.500 -0.0001 0 NA
25.00 0.10000 25.1 0.00000 0 -3.500 -1.0000 -3.500 -0.0001 0 NA
30.00 0.10000 30.1 0.00000 0 -3.500 -1.0000 -3.500 -0.0001 0 NA
35.00 0.10000 35.1 0.00000 0 -3.500 -1.0000 -3.500 -0.0002 0 NA
40.00 0.10000 40.0 0.00000 0 -3.500 -1.0000 -3.500 -0.0001 0 NA
45.00 0.10000 45.0 0.00000 0 -3.500 -1.0000 -3.500 -0.0001 0 NA
50.00 0.10000 50.0 0.00000 0 -3.500 -1.0000 -3.500 -0.0002 0 NA
55.00 0.10000 55.0 0.00000 0 -3.500 -1.0000 -3.500 -0.0001 0 NA
60.00 0.10000 60.0 0.00000 0 -3.500 -1.0000 -3.500 -0.0002 0 NA
65.00 0.10000 65.0 0.00000 0 -3.500 -1.0000 -3.500 -0.0001 0 NA
70.00 0.10000 70.1 0.00000 0 -3.500 -1.0000 -3.500 -0.0001 0 NA
75.00 0.10000 75.1 0.00000 0 -3.500 -1.0000 -3.500 -0.0001 0 NA
80.00 0.10000 80.1 0.00000 0 -3.500 -1.0000 -3.500 -0.0001 0 NA
85.00 0.10000 85.1 0.00000 0 -3.500 -1.0000 -3.500 -0.0002 0 NA
90.00 0.10000 90.1 0.00000 0 -3.500 -1.0000 -3.500 -0.0001 0 NA
95.00 0.10000 95.1 0.00000 0 -3.500 -1.0000 -3.500 -0.0001 0 NA
100.00 0.10000 100.1 0.00000 0 -3.500 -1.0000 -3.500 -0.0001 0 NA
105.00 0.10000 105.1 0.00005 0 -3.500 -1.0000 -3.500 -0.0002 0 NA
110.00 0.10000 110.1 0.00007 0 -3.500 -1.0000 -3.500 -0.0002 0 NA
115.00 0.10000 115.1 0.00013 0 -3.500 -1.0000 -3.500 -0.0001 0 NA
120.00 0.10000 120.1 0.00023 0 -3.500 -1.0000 -3.500 -0.0001 0 NA
125.00 0.10000 125.1 0.00042 0 -3.500 -1.0000 -3.500 -0.0001 0 NA
130.00 0.10000 130.1 0.00073 0 -3.500 -1.0000 -3.500 -0.0002 0 NA
135.00 0.10000 135.1 0.00121 0 -3.500 -1.0000 -3.500 -0.0001 0 NA
140.00 0.10000 140.1 0.00193 0 -3.500 -1.0000 -3.500 -0.0001 0 NA
145.00 0.10000 145.1 0.00292 0 -3.500 -1.0000 -3.500 -0.0001 0 NA
150.00 0.10000 150.1 0.00422 0 -3.500 -1.0000 -3.500 -0.0001 0 NA
155.00 0.09677 155.1 0.00587 0 -3.500 -1.0000 -3.500 -0.0002 0 NA
160.00 0.09375 160.1 0.00788 0 -3.500 -1.0000 -3.500 -0.0001 0 NA
165.00 0.09091 165.1 0.01027 0 -3.500 -1.0000 -3.500 -0.0001 0 NA
170.00 0.08824 170.1 0.01306 0 -3.500 -1.0000 -3.500 -0.0001 0 NA
175.00 0.08571 175.1 0.01616 0 -3.500 -1.0000 -3.500 -0.0002 0 NA
180.00 0.08333 180.1 0.01959 0 -3.500 -1.0000 -3.500 -0.0001 0 NA
185.00 0.08108 185.1 0.02328 0 -3.500 -1.0000 -3.500 -0.0001 0 NA
190.00 0.07895 190.1 0.02725 0 -3.500 -1.0000 -3.500 -0.0002 0 NA
195.00 0.07692 195.1 0.03133 0 -3.500 -1.0000 -3.500 -0.0001 0 NA
200.00 0.07500 200.1 0.03555 0 -3.500 -1.0000 -3.500 -0.0001 0 NA
205.00 0.07317 205.1 0.04001 0 -3.500 -1.0000 -3.500 -0.0002 0 NA
210.00 0.07143 210.1 0.04436 0 -3.500 -1.0000 -3.500 -0.0002 0 NA
215.00 0.06977 215.1 0.04879 0 -3.500 -1.0000 -3.500 -0.0002 0 NA
220.00 0.06818 220.1 0.05350 0 -3.500 -1.0000 -3.500 -0.0001 0 NA
225.00 0.06667 225.1 0.05845 0 -3.500 -1.0000 -3.500 -0.0002 0 NA
230.00 0.06522 227.6 0.06003 1 -3.500 -1.0000 -3.500 -0.0001 0 NA
0.00 0.10000 0.1 0.00000 0 -4.000 -1.0000 -4.000 -0.0001 0 NA
5.00 0.10000 5.1 0.00000 0 -4.000 -1.0000 -4.000 -0.0001 0 NA
10.00 0.10000 10.1 0.00000 0 -4.000 -1.0000 -4.000 -0.0001 0 NA
15.00 0.10000 15.1 0.00000 0 -4.000 -1.0000 -4.000 -0.0002 0 NA
20.00 0.10000 20.1 0.00000 0 -4.000 -1.0000 -4.001 -0.0002 0 NA
25.00 0.10000 25.1 0.00000 0 -4.000 -1.0000 -4.000 -0.0001 0 NA
30.00 0.10000 30.1 0.00000 0 -4.000 -1.0000 -4.000 -0.0002 0 NA
35.00 0.10000 35.1 0.00000 0 -4.000 -1.0000 -4.000 -0.0001 0 NA
40.00 0.10000 40.1 0.00000 0 -4.000 -1.0000 -4.000 -0.0001 0 NA
45.00 0.10000 45.0 0.00000 0 -4.000 -1.0000 -4.000 -0.0001 0 NA
50.00 0.10000 50.0 0.00000 0 -4.000 -1.0000 -4.000 -0.0001 0 NA
55.00 0.10000 55.0 0.00000 0 -4.000 -1.0000 -4.000 -0.0001 0 NA
60.00 0.10000 60.0 0.00000 0 -4.000 -1.0000 -4.000 -0.0002 0 NA
65.00 0.10000 65.0 0.00000 0 -4.000 -1.0000 -4.000 -0.0001 0 NA
70.00 0.10000 70.1 0.00000 0 -4.000 -1.0000 -4.000 -0.0002 0 NA
75.00 0.10000 75.1 0.00000 0 -4.000 -1.0000 -4.000 -0.0001 0 NA
80.00 0.10000 80.1 0.00000 0 -4.000 -1.0000 -4.000 -0.0001 0 NA
85.00 0.10000 85.1 0.00000 0 -4.000 -1.0000 -4.000 -0.0001 0 NA
90.00 0.10000 90.1 0.00000 0 -4.000 -1.0000 -4.000 -0.0001 0 NA
95.00 0.10000 95.1 0.00000 0 -4.000 -1.0000 -4.000 -0.0001 0 NA
100.00 0.10000 100.1 0.00000 0 -4.000 -1.0000 -4.001 -0.0001 0 NA
105.00 0.10000 105.1 0.00000 0 -4.000 -1.0000 -4.000 -0.0001 0 NA
110.00 0.10000 110.1 0.00000 0 -4.000 -1.0000 -4.000 -0.0001 0 NA
115.00 0.10000 115.1 0.00000 0 -4.000 -1.0000 -4.000 -0.0002 0 NA
120.00 0.10000 120.1 0.00005 0 -4.000 -1.0000 -4.000 -0.0001 0 NA
125.00 0.10000 125.1 0.00008 0 -4.000 -1.0000 -4.000 -0.0001 0 NA
130.00 0.10000 130.1 0.00013 0 -4.000 -1.0000 -4.000 -0.0002 0 NA
135.00 0.10000 135.1 0.00022 0 -4.000 -1.0000 -4.000 -0.0002 0 NA
140.00 0.10000 140.1 0.00039 0 -4.000 -1.0000 -4.000 -0.0001 0 NA
145.00 0.10000 145.1 0.00066 0 -4.000 -1.0000 -4.000 -0.0002 0 NA
150.00 0.10000 150.1 0.00110 0 -4.000 -1.0000 -4.000 -0.0002 0 NA
155.00 0.09677 155.1 0.00173 0 -4.000 -1.0000 -4.000 -0.0001 0 NA
160.00 0.09375 160.1 0.00262 0 -4.000 -1.0000 -4.000 -0.0002 0 NA
165.00 0.09091 165.1 0.00378 0 -4.000 -1.0000 -4.000 -0.0002 0 NA
170.00 0.08824 170.1 0.00525 0 -4.000 -1.0000 -4.000 -0.0001 0 NA
175.00 0.08571 175.1 0.00707 0 -4.000 -1.0000 -4.000 -0.0002 0 NA
180.00 0.08333 180.1 0.00923 0 -4.000 -1.0000 -4.000 -0.0002 0 NA
185.00 0.08108 185.1 0.01178 0 -4.000 -1.0000 -4.000 -0.0002 0 NA
190.00 0.07895 190.1 0.01465 0 -4.000 -1.0000 -4.000 -0.0001 0 NA
195.00 0.07692 195.1 0.01782 0 -4.000 -1.0000 -4.000 -0.0001 0 NA
200.00 0.07500 200.1 0.02129 0 -4.000 -1.0000 -4.000 -0.0001 0 NA
205.00 0.07317 205.1 0.02509 0 -4.000 -1.0000 -4.000 -0.0001 0 NA
210.00 0.07143 210.1 0.02896 0 -4.000 -1.0000 -4.000 -0.0002 0 NA
215.00 0.06977 215.1 0.03300 0 -4.000 -1.0000 -4.000 -0.0002 0 NA
220.00 0.06818 220.1 0.03729 0 -4.000 -1.0000 -4.000 -0.0002 0 NA
225.00 0.06667 225.1 0.04156 0 -4.000 -1.0000 -4.000 -0.0001 0 NA
230.00 0.06522 230.1 0.04587 0 -4.000 -1.0000 -4.000 -0.0002 0 NA
235.00 0.06383 235.1 0.05024 0 -4.000 -1.0000 -4.000 -0.0001 0 NA
240.00 0.06250 240.1 0.05511 0 -4.000 -1.0000 -4.000 -0.0001 0 NA
245.00 0.06122 245.1 0.05987 0 -4.000 -1.0000 -4.000 -0.0002 0 NA
250.00 0.06000 245.5 0.06003 1 -4.000 -1.0000 -4.000 -0.0001 0 NA
0.00 0.10000 0.1 0.00000 0 -4.500 -1.0000 -4.500 -0.0001 0 NA
5.00 0.10000 5.1 0.00000 0 -4.500 -1.0000 -4.500 -0.0001 0 NA
10.00 0.10000 10.1 0.00000 0 -4.500 -1.0000 -4.500 -0.0001 0 NA
15.00 0.10000 15.1 0.00000 0 -4.500 -1.0000 -4.500 -0.0001 0 NA
20.00 0.10000 20.1 0.00000 0 -4.500 -1.0000 -4.499 -0.0002 0 NA
25.00 0.10000 25.1 0.00000 0 -4.500 -1.0000 -4.499 -0.0002 0 NA
30.00 0.10000 30.1 0.00000 0 -4.500 -1.0000 -4.499 -0.0001 0 NA
35.00 0.10000 35.1 0.00000 0 -4.500 -1.0000 -4.500 -0.0002 0 NA
40.00 0.10000 40.1 0.00000 0 -4.500 -1.0000 -4.499 -0.0002 0 NA
45.00 0.10000 45.0 0.00000 0 -4.500 -1.0000 -4.500 -0.0001 0 NA
50.00 0.10000 50.1 0.00000 0 -4.500 -1.0000 -4.500 -0.0001 0 NA
55.00 0.10000 55.0 0.00000 0 -4.500 -1.0000 -4.500 -0.0001 0 NA
60.00 0.10000 60.0 0.00000 0 -4.500 -1.0000 -4.500 -0.0001 0 NA
65.00 0.10000 65.0 0.00000 0 -4.500 -1.0000 -4.500 -0.0002 0 NA
70.00 0.10000 70.1 0.00000 0 -4.500 -1.0000 -4.500 -0.0002 0 NA
75.00 0.10000 75.1 0.00000 0 -4.500 -1.0000 -4.500 -0.0001 0 NA
80.00 0.10000 80.1 0.00000 0 -4.500 -1.0000 -4.499 -0.0002 0 NA
85.00 0.10000 85.1 0.00000 0 -4.500 -1.0000 -4.500 -0.0001 0 NA
90.00 0.10000 90.1 0.00000 0 -4.500 -1.0000 -4.500 -0.0002 0 NA
95.00 0.10000 95.1 0.00000 0 -4.500 -1.0000 -4.500 -0.0001 0 NA
100.00 0.10000 100.1 0.00000 0 -4.500 -1.0000 -4.500 -0.0001 0 NA
105.00 0.10000 105.1 0.00000 0 -4.500 -1.0000 -4.500 -0.0001 0 NA
110.00 0.10000 110.1 0.00000 0 -4.500 -1.0000 -4.500 -0.0001 0 NA
115.00 0.10000 115.1 0.00000 0 -4.500 -1.0000 -4.500 -0.0002 0 NA
120.00 0.10000 120.1 0.00000 0 -4.500 -1.0000 -4.500 -0.0001 0 NA
125.00 0.10000 125.1 0.00000 0 -4.500 -1.0000 -4.500 -0.0001 0 NA
130.00 0.10000 130.1 0.00000 0 -4.500 -1.0000 -4.499 -0.0002 0 NA
135.00 0.10000 135.1 0.00006 0 -4.500 -1.0000 -4.500 -0.0002 0 NA
140.00 0.10000 140.1 0.00007 0 -4.500 -1.0000 -4.500 -0.0002 0 NA
145.00 0.10000 145.1 0.00013 0 -4.500 -1.0000 -4.500 -0.0001 0 NA
150.00 0.10000 150.1 0.00021 0 -4.500 -1.0000 -4.500 -0.0001 0 NA
155.00 0.09677 155.1 0.00036 0 -4.500 -1.0000 -4.499 -0.0001 0 NA
160.00 0.09375 160.1 0.00062 0 -4.500 -1.0000 -4.500 -0.0002 0 NA
165.00 0.09091 165.1 0.00100 0 -4.500 -1.0000 -4.499 -0.0001 0 NA
170.00 0.08824 170.1 0.00157 0 -4.500 -1.0000 -4.500 -0.0001 0 NA
175.00 0.08571 175.1 0.00235 0 -4.500 -1.0000 -4.500 -0.0001 0 NA
180.00 0.08333 180.1 0.00339 0 -4.500 -1.0000 -4.499 -0.0001 0 NA
185.00 0.08108 185.1 0.00471 0 -4.500 -1.0000 -4.500 -0.0001 0 NA
190.00 0.07895 190.1 0.00635 0 -4.500 -1.0000 -4.500 -0.0002 0 NA
195.00 0.07692 195.1 0.00830 0 -4.500 -1.0000 -4.499 -0.0002 0 NA
200.00 0.07500 200.1 0.01060 0 -4.500 -1.0000 -4.499 -0.0002 0 NA
205.00 0.07317 205.1 0.01323 0 -4.500 -1.0000 -4.500 -0.0002 0 NA
210.00 0.07143 210.1 0.01619 0 -4.500 -1.0000 -4.500 -0.0001 0 NA
215.00 0.06977 215.1 0.01942 0 -4.500 -1.0000 -4.500 -0.0001 0 NA
220.00 0.06818 220.1 0.02289 0 -4.500 -1.0000 -4.499 -0.0001 0 NA
225.00 0.06667 225.1 0.02667 0 -4.500 -1.0000 -4.499 -0.0001 0 NA
230.00 0.06522 230.1 0.03052 0 -4.500 -1.0000 -4.499 -0.0001 0 NA
235.00 0.06383 235.1 0.03452 0 -4.500 -1.0000 -4.500 -0.0001 0 NA
240.00 0.06250 240.1 0.03875 0 -4.500 -1.0000 -4.499 -0.0002 0 NA
245.00 0.06122 245.1 0.04292 0 -4.500 -1.0000 -4.500 -0.0001 0 NA
250.00 0.06000 250.1 0.04716 0 -4.500 -1.0000 -4.500 -0.0001 0 NA
255.00 0.05882 255.1 0.05141 0 -4.500 -1.0000 -4.500 -0.0001 0 NA
260.00 0.05769 260.1 0.05657 0 -4.500 -1.0000 -4.499 -0.0002 0 NA
265.00 0.05660 265.1 0.06096 1 -4.500 -1.0000 -4.500 -0.0002 0 NA
0.00 0.10000 0.1 0.00000 0 -5.000 -1.0000 -5.000 -0.0001 0 NA
5.00 0.10000 5.1 0.00000 0 -5.000 -1.0000 -4.999 -0.0002 0 NA
10.00 0.10000 10.1 0.00000 0 -5.000 -1.0000 -5.000 -0.0001 0 NA
15.00 0.10000 15.1 0.00000 0 -5.000 -1.0000 -5.000 -0.0001 0 NA
20.00 0.10000 20.1 0.00000 0 -5.000 -1.0000 -5.000 -0.0001 0 NA
25.00 0.10000 25.1 0.00000 0 -5.000 -1.0000 -4.999 -0.0001 0 NA
30.00 0.10000 30.1 0.00000 0 -5.000 -1.0000 -5.000 -0.0001 0 NA
35.00 0.10000 35.1 0.00000 0 -5.000 -1.0000 -5.000 -0.0002 0 NA
40.00 0.10000 40.1 0.00000 0 -5.000 -1.0000 -4.999 -0.0001 0 NA
45.00 0.10000 45.0 0.00000 0 -5.000 -1.0000 -5.000 -0.0001 0 NA
50.00 0.10000 50.0 0.00000 0 -5.000 -1.0000 -4.999 -0.0002 0 NA
55.00 0.10000 55.0 0.00000 0 -5.000 -1.0000 -4.999 -0.0001 0 NA
60.00 0.10000 60.0 0.00000 0 -5.000 -1.0000 -5.000 -0.0001 0 NA
65.00 0.10000 65.0 0.00000 0 -5.000 -1.0000 -5.000 -0.0002 0 NA
70.00 0.10000 70.1 0.00000 0 -5.000 -1.0000 -5.000 -0.0002 0 NA
75.00 0.10000 75.1 0.00000 0 -5.000 -1.0000 -5.000 -0.0001 0 NA
80.00 0.10000 80.1 0.00000 0 -5.000 -1.0000 -4.999 -0.0002 0 NA
85.00 0.10000 85.1 0.00000 0 -5.000 -1.0000 -5.000 -0.0002 0 NA
90.00 0.10000 90.1 0.00000 0 -5.000 -1.0000 -5.000 -0.0002 0 NA
95.00 0.10000 95.1 0.00000 0 -5.000 -1.0000 -5.000 -0.0001 0 NA
100.00 0.10000 100.1 0.00000 0 -5.000 -1.0000 -5.000 -0.0002 0 NA
105.00 0.10000 105.1 0.00000 0 -5.000 -1.0000 -4.999 -0.0001 0 NA
110.00 0.10000 110.1 0.00000 0 -5.000 -1.0000 -4.999 -0.0002 0 NA
115.00 0.10000 115.1 0.00000 0 -5.000 -1.0000 -4.999 -0.0001 0 NA
120.00 0.10000 120.1 0.00000 0 -5.000 -1.0000 -5.000 -0.0001 0 NA
125.00 0.10000 125.1 0.00000 0 -5.000 -1.0000 -5.000 -0.0002 0 NA
130.00 0.10000 130.1 0.00000 0 -5.000 -1.0000 -5.000 -0.0001 0 NA
135.00 0.10000 135.1 0.00000 0 -5.000 -1.0000 -4.999 -0.0002 0 NA
140.00 0.10000 140.1 0.00000 0 -5.000 -1.0000 -5.000 -0.0002 0 NA
145.00 0.10000 145.1 0.00005 0 -5.000 -1.0000 -5.000 -0.0001 0 NA
150.00 0.10000 150.1 0.00006 0 -5.000 -1.0000 -5.000 -0.0001 0 NA
155.00 0.09677 155.1 0.00008 0 -5.000 -1.0000 -5.000 -0.0002 0 NA
160.00 0.09375 160.1 0.00013 0 -5.000 -1.0000 -4.999 -0.0001 0 NA
165.00 0.09091 165.1 0.00021 0 -5.000 -1.0000 -4.999 -0.0001 0 NA
170.00 0.08824 170.1 0.00036 0 -5.000 -1.0000 -5.000 -0.0001 0 NA
175.00 0.08571 175.1 0.00059 0 -5.000 -1.0000 -4.999 -0.0002 0 NA
180.00 0.08333 180.1 0.00095 0 -5.000 -1.0000 -4.999 -0.0001 0 NA
185.00 0.08108 185.1 0.00147 0 -5.000 -1.0000 -5.000 -0.0002 0 NA
190.00 0.07895 190.1 0.00219 0 -5.000 -1.0000 -5.000 -0.0001 0 NA
195.00 0.07692 195.1 0.00313 0 -5.000 -1.0000 -4.999 -0.0002 0 NA
200.00 0.07500 200.1 0.00433 0 -5.000 -1.0000 -5.000 -0.0001 0 NA
205.00 0.07317 205.1 0.00583 0 -5.000 -1.0000 -4.999 -0.0001 0 NA
210.00 0.07143 210.1 0.00765 0 -5.000 -1.0000 -5.000 -0.0001 0 NA
215.00 0.06977 215.1 0.00976 0 -5.000 -1.0000 -5.000 -0.0001 0 NA
220.00 0.06818 220.1 0.01218 0 -5.000 -1.0000 -5.000 -0.0001 0 NA
225.00 0.06667 225.1 0.01496 0 -5.000 -1.0000 -4.999 -0.0002 0 NA
230.00 0.06522 230.1 0.01797 0 -5.000 -1.0000 -4.999 -0.0002 0 NA
235.00 0.06383 235.1 0.02123 0 -5.000 -1.0000 -4.999 -0.0001 0 NA
240.00 0.06250 240.1 0.02472 0 -5.000 -1.0000 -5.000 -0.0001 0 NA
245.00 0.06122 245.1 0.02848 0 -5.000 -1.0000 -5.000 -0.0002 0 NA
250.00 0.06000 250.1 0.03233 0 -5.000 -1.0000 -5.000 -0.0001 0 NA
255.00 0.05882 255.1 0.03627 0 -5.000 -1.0000 -5.000 -0.0002 0 NA
260.00 0.05769 260.1 0.04047 0 -5.000 -1.0000 -4.999 -0.0001 0 NA
265.00 0.05660 265.1 0.04428 0 -5.000 -1.0000 -5.000 -0.0001 0 NA
270.00 0.05556 270.1 0.04849 0 -5.000 -1.0000 -4.999 -0.0001 0 NA
275.00 0.05455 275.1 0.05275 0 -5.000 -1.0000 -5.000 -0.0001 0 NA
280.00 0.05357 280.1 0.05752 1 -5.000 -1.0000 -4.999 -0.0001 0 NA
0.00 0.10000 0.1 0.00000 0 -5.500 -0.9091 -5.500 -0.0001 0 NA
5.00 0.10000 5.1 0.00000 0 -5.500 -0.9091 -5.500 -0.0001 0 NA
10.00 0.10000 10.1 0.00000 0 -5.500 -0.9091 -5.500 -0.0001 0 NA
15.00 0.10000 15.1 0.00000 0 -5.500 -0.9091 -5.500 -0.0002 0 NA
20.00 0.10000 20.1 0.00000 0 -5.500 -0.9091 -5.500 -0.0001 0 NA
25.00 0.10000 25.1 0.00000 0 -5.500 -0.9091 -5.500 -0.0001 0 NA
30.00 0.10000 30.1 0.00000 0 -5.500 -0.9091 -5.500 -0.0002 0 NA
35.00 0.10000 35.1 0.00000 0 -5.500 -0.9091 -5.500 -0.0001 0 NA
40.00 0.10000 40.0 0.00000 0 -5.500 -0.9091 -5.500 -0.0001 0 NA
45.00 0.10000 45.0 0.00000 0 -5.500 -0.9091 -5.500 -0.0002 0 NA
50.00 0.10000 50.1 0.00000 0 -5.500 -0.9091 -5.500 -0.0001 0 NA
55.00 0.10000 55.0 0.00000 0 -5.500 -0.9091 -5.500 -0.0001 0 NA
60.00 0.10000 60.0 0.00000 0 -5.500 -0.9091 -5.500 -0.0002 0 NA
65.00 0.10000 65.0 0.00000 0 -5.500 -0.9091 -5.500 -0.0001 0 NA
70.00 0.10000 70.1 0.00000 0 -5.500 -0.9091 -5.500 -0.0001 0 NA
75.00 0.10000 75.1 0.00000 0 -5.500 -0.9091 -5.500 -0.0001 0 NA
80.00 0.10000 80.1 0.00000 0 -5.500 -0.9091 -5.500 -0.0002 0 NA
85.00 0.10000 85.1 0.00000 0 -5.500 -0.9091 -5.500 -0.0002 0 NA
90.00 0.10000 90.1 0.00000 0 -5.500 -0.9091 -5.500 -0.0001 0 NA
95.00 0.10000 95.1 0.00000 0 -5.500 -0.9091 -5.500 -0.0001 0 NA
100.00 0.10000 100.1 0.00000 0 -5.500 -0.9091 -5.500 -0.0002 0 NA
105.00 0.10000 105.1 0.00000 0 -5.500 -0.9091 -5.500 -0.0001 0 NA
110.00 0.10000 110.1 0.00000 0 -5.500 -0.9091 -5.500 -0.0001 0 NA
115.00 0.10000 115.1 0.00000 0 -5.500 -0.9091 -5.500 -0.0001 0 NA
120.00 0.10000 120.1 0.00000 0 -5.500 -0.9091 -5.500 -0.0001 0 NA
125.00 0.10000 125.1 0.00000 0 -5.500 -0.9091 -5.500 -0.0001 0 NA
130.00 0.10000 130.1 0.00000 0 -5.500 -0.9091 -5.500 -0.0002 0 NA
135.00 0.10000 135.1 0.00000 0 -5.500 -0.9091 -5.500 -0.0001 0 NA
140.00 0.10000 140.1 0.00000 0 -5.500 -0.9091 -5.500 -0.0001 0 NA
145.00 0.10000 145.1 0.00000 0 -5.500 -0.9091 -5.500 -0.0001 0 NA
150.00 0.10000 150.1 0.00000 0 -5.500 -0.9091 -5.500 -0.0001 0 NA
155.00 0.09677 155.1 0.00000 0 -5.500 -0.9091 -5.500 -0.0001 0 NA
160.00 0.09375 160.1 0.00000 0 -5.500 -0.9091 -5.500 -0.0001 0 NA
165.00 0.09091 165.1 0.00006 0 -5.500 -0.9091 -5.500 -0.0001 0 NA
170.00 0.08824 170.1 0.00008 0 -5.500 -0.9091 -5.500 -0.0001 0 NA
175.00 0.08571 175.1 0.00013 0 -5.500 -0.9091 -5.500 -0.0001 0 NA
180.00 0.08333 180.1 0.00020 0 -5.500 -0.9091 -5.500 -0.0002 0 NA
185.00 0.08108 185.1 0.00033 0 -5.500 -0.9091 -5.500 -0.0001 0 NA
190.00 0.07895 190.1 0.00055 0 -5.500 -0.9091 -5.500 -0.0001 0 NA
195.00 0.07692 195.1 0.00087 0 -5.500 -0.9091 -5.500 -0.0001 0 NA
200.00 0.07500 200.1 0.00134 0 -5.500 -0.9091 -5.500 -0.0001 0 NA
205.00 0.07317 205.1 0.00198 0 -5.500 -0.9091 -5.500 -0.0002 0 NA
210.00 0.07143 210.1 0.00284 0 -5.500 -0.9091 -5.500 -0.0001 0 NA
215.00 0.06977 215.1 0.00394 0 -5.500 -0.9091 -5.500 -0.0001 0 NA
220.00 0.06818 220.1 0.00531 0 -5.500 -0.9091 -5.500 -0.0001 0 NA
225.00 0.06667 225.1 0.00695 0 -5.500 -0.9091 -5.500 -0.0001 0 NA
230.00 0.06522 230.1 0.00888 0 -5.500 -0.9091 -5.500 -0.0001 0 NA
235.00 0.06383 235.1 0.01115 0 -5.500 -0.9091 -5.500 -0.0001 0 NA
240.00 0.06250 240.1 0.01369 0 -5.500 -0.9091 -5.500 -0.0001 0 NA
245.00 0.06122 245.1 0.01648 0 -5.500 -0.9091 -5.500 -0.0002 0 NA
250.00 0.06000 250.1 0.01954 0 -5.500 -0.9091 -5.500 -0.0002 0 NA
255.00 0.05882 255.1 0.02290 0 -5.500 -0.9091 -5.500 -0.0001 0 NA
260.00 0.05769 260.1 0.02640 0 -5.500 -0.9091 -5.500 -0.0002 0 NA
265.00 0.05660 265.1 0.03004 0 -5.500 -0.9091 -5.500 -0.0001 0 NA
270.00 0.05556 270.1 0.03397 0 -5.500 -0.9091 -5.500 -0.0001 0 NA
275.00 0.05455 275.1 0.03787 0 -5.500 -0.9091 -5.500 -0.0002 0 NA
280.00 0.05357 280.1 0.04187 0 -5.500 -0.9091 -5.500 -0.0002 0 NA
285.00 0.05263 285.1 0.04592 0 -5.500 -0.9091 -5.500 -0.0001 0 NA
290.00 0.05172 290.1 0.05022 0 -5.500 -0.9091 -5.500 -0.0001 0 NA
295.00 0.05085 295.1 0.05432 1 -5.500 -0.9091 -5.500 -0.0002 0 NA
0.00 0.10000 0.1 0.00000 0 -6.000 -0.8333 -6.000 -0.0001 0 NA
5.00 0.10000 5.1 0.00000 0 -6.000 -0.8333 -6.000 -0.0001 0 NA
10.00 0.10000 10.1 0.00000 0 -6.000 -0.8333 -6.000 -0.0002 0 NA
15.00 0.10000 15.1 0.00000 0 -6.000 -0.8333 -6.000 -0.0001 0 NA
20.00 0.10000 20.1 0.00000 0 -6.000 -0.8333 -6.000 -0.0001 0 NA
25.00 0.10000 25.1 0.00000 0 -6.000 -0.8333 -6.000 -0.0001 0 NA
30.00 0.10000 30.1 0.00000 0 -6.000 -0.8333 -6.000 -0.0001 0 NA
35.00 0.10000 35.1 0.00000 0 -6.000 -0.8333 -6.000 -0.0002 0 NA
40.00 0.10000 40.0 0.00000 0 -6.000 -0.8333 -6.000 -0.0001 0 NA
45.00 0.10000 45.0 0.00000 0 -6.000 -0.8333 -6.000 -0.0001 0 NA
50.00 0.10000 50.0 0.00000 0 -6.000 -0.8333 -6.000 -0.0001 0 NA
55.00 0.10000 55.0 0.00000 0 -6.000 -0.8333 -6.000 -0.0002 0 NA
60.00 0.10000 60.0 0.00000 0 -6.000 -0.8333 -6.000 -0.0001 0 NA
65.00 0.10000 65.0 0.00000 0 -6.000 -0.8333 -6.000 -0.0001 0 NA
70.00 0.10000 70.1 0.00000 0 -6.000 -0.8333 -6.000 -0.0001 0 NA
75.00 0.10000 75.1 0.00000 0 -6.000 -0.8333 -6.000 -0.0001 0 NA
80.00 0.10000 80.1 0.00000 0 -6.000 -0.8333 -6.000 -0.0002 0 NA
85.00 0.10000 85.1 0.00000 0 -6.000 -0.8333 -6.000 -0.0001 0 NA
90.00 0.10000 90.1 0.00000 0 -6.000 -0.8333 -6.000 -0.0001 0 NA
95.00 0.10000 95.1 0.00000 0 -6.000 -0.8333 -6.000 -0.0001 0 NA
100.00 0.10000 100.1 0.00000 0 -6.000 -0.8333 -6.000 -0.0001 0 NA
105.00 0.10000 105.1 0.00000 0 -6.000 -0.8333 -6.000 -0.0001 0 NA
110.00 0.10000 110.1 0.00000 0 -6.000 -0.8333 -6.000 -0.0001 0 NA
115.00 0.10000 115.1 0.00000 0 -6.000 -0.8333 -6.000 -0.0001 0 NA
120.00 0.10000 120.1 0.00000 0 -6.000 -0.8333 -6.000 -0.0001 0 NA
125.00 0.10000 125.1 0.00000 0 -6.000 -0.8333 -6.000 -0.0001 0 NA
130.00 0.10000 130.1 0.00000 0 -6.000 -0.8333 -6.000 -0.0002 0 NA
135.00 0.10000 135.1 0.00000 0 -6.000 -0.8333 -6.000 -0.0001 0 NA
140.00 0.10000 140.1 0.00000 0 -6.000 -0.8333 -6.000 -0.0001 0 NA
145.00 0.10000 145.1 0.00000 0 -6.000 -0.8333 -6.000 -0.0001 0 NA
150.00 0.10000 150.1 0.00000 0 -6.000 -0.8333 -6.000 -0.0001 0 NA
155.00 0.09677 155.1 0.00000 0 -6.000 -0.8333 -6.000 -0.0001 0 NA
160.00 0.09375 160.1 0.00000 0 -6.000 -0.8333 -6.000 -0.0002 0 NA
165.00 0.09091 165.1 0.00000 0 -6.000 -0.8333 -6.000 -0.0002 0 NA
170.00 0.08824 170.1 0.00000 0 -6.000 -0.8333 -6.000 -0.0001 0 NA
175.00 0.08571 175.1 0.00005 0 -6.000 -0.8333 -6.000 -0.0001 0 NA
180.00 0.08333 180.1 0.00006 0 -6.000 -0.8333 -6.000 -0.0002 0 NA
185.00 0.08108 185.1 0.00008 0 -6.000 -0.8333 -6.000 -0.0002 0 NA
190.00 0.07895 190.1 0.00013 0 -6.000 -0.8333 -6.000 -0.0002 0 NA
195.00 0.07692 195.1 0.00020 0 -6.000 -0.8333 -6.000 -0.0002 0 NA
200.00 0.07500 200.1 0.00032 0 -6.000 -0.8333 -6.000 -0.0001 0 NA
205.00 0.07317 205.1 0.00051 0 -6.000 -0.8333 -6.000 -0.0001 0 NA
210.00 0.07143 210.1 0.00081 0 -6.000 -0.8333 -6.000 -0.0001 0 NA
215.00 0.06977 215.1 0.00124 0 -6.000 -0.8333 -6.000 -0.0002 0 NA
220.00 0.06818 220.1 0.00183 0 -6.000 -0.8333 -6.000 -0.0002 0 NA
225.00 0.06667 225.1 0.00262 0 -6.000 -0.8333 -6.000 -0.0001 0 NA
230.00 0.06522 230.1 0.00362 0 -6.000 -0.8333 -6.000 -0.0002 0 NA
235.00 0.06383 235.1 0.00485 0 -6.000 -0.8333 -6.000 -0.0002 0 NA
240.00 0.06250 240.1 0.00637 0 -6.000 -0.8333 -6.000 -0.0002 0 NA
245.00 0.06122 245.1 0.00814 0 -6.000 -0.8333 -6.000 -0.0001 0 NA
250.00 0.06000 250.1 0.01020 0 -6.000 -0.8333 -6.000 -0.0002 0 NA
255.00 0.05882 255.1 0.01256 0 -6.000 -0.8333 -6.000 -0.0001 0 NA
260.00 0.05769 260.1 0.01518 0 -6.000 -0.8333 -6.000 -0.0001 0 NA
265.00 0.05660 265.1 0.01802 0 -6.000 -0.8333 -6.000 -0.0002 0 NA
270.00 0.05556 270.1 0.02112 0 -6.000 -0.8333 -6.000 -0.0002 0 NA
275.00 0.05455 275.1 0.02450 0 -6.000 -0.8333 -6.000 -0.0002 0 NA
280.00 0.05357 280.1 0.02798 0 -6.000 -0.8333 -6.000 -0.0001 0 NA
285.00 0.05263 285.1 0.03158 0 -6.000 -0.8333 -6.000 -0.0002 0 NA
290.00 0.05172 290.1 0.03546 0 -6.000 -0.8333 -6.000 -0.0001 0 NA
295.00 0.05085 295.1 0.03928 0 -6.000 -0.8333 -6.000 -0.0001 0 NA
300.00 0.05000 296.8 0.04002 1 -6.000 -0.8333 -6.000 -0.0002 0 NA
0.00 0.10000 0.1 0.00000 0 -6.500 -0.7692 -6.500 -0.0001 0 NA
5.00 0.10000 5.1 0.00000 0 -6.500 -0.7692 -6.500 -0.0001 0 NA
10.00 0.10000 10.1 0.00000 0 -6.500 -0.7692 -6.500 -0.0001 0 NA
15.00 0.10000 15.1 0.00000 0 -6.500 -0.7692 -6.500 -0.0001 0 NA
20.00 0.10000 20.1 0.00000 0 -6.500 -0.7692 -6.500 -0.0001 0 NA
25.00 0.10000 25.1 0.00000 0 -6.500 -0.7692 -6.500 -0.0001 0 NA
30.00 0.10000 30.1 0.00000 0 -6.500 -0.7692 -6.500 -0.0001 0 NA
35.00 0.10000 35.1 0.00000 0 -6.500 -0.7692 -6.500 -0.0001 0 NA
40.00 0.10000 40.0 0.00000 0 -6.500 -0.7692 -6.500 -0.0002 0 NA
45.00 0.10000 45.0 0.00000 0 -6.500 -0.7692 -6.500 -0.0001 0 NA
50.00 0.10000 50.0 0.00000 0 -6.500 -0.7692 -6.500 -0.0001 0 NA
55.00 0.10000 55.0 0.00000 0 -6.500 -0.7692 -6.500 -0.0002 0 NA
60.00 0.10000 60.0 0.00000 0 -6.500 -0.7692 -6.500 -0.0002 0 NA
65.00 0.10000 65.0 0.00000 0 -6.500 -0.7692 -6.500 -0.0002 0 NA
70.00 0.10000 70.1 0.00000 0 -6.500 -0.7692 -6.500 -0.0001 0 NA
75.00 0.10000 75.1 0.00000 0 -6.500 -0.7692 -6.500 -0.0001 0 NA
80.00 0.10000 80.1 0.00000 0 -6.500 -0.7692 -6.500 -0.0001 0 NA
85.00 0.10000 85.1 0.00000 0 -6.500 -0.7692 -6.500 -0.0001 0 NA
90.00 0.10000 90.1 0.00000 0 -6.500 -0.7692 -6.500 -0.0001 0 NA
95.00 0.10000 95.1 0.00000 0 -6.500 -0.7692 -6.500 -0.0001 0 NA
100.00 0.10000 100.1 0.00000 0 -6.500 -0.7692 -6.500 -0.0001 0 NA
105.00 0.10000 105.1 0.00000 0 -6.500 -0.7692 -6.500 -0.0001 0 NA
110.00 0.10000 110.1 0.00000 0 -6.500 -0.7692 -6.500 -0.0002 0 NA
115.00 0.10000 115.1 0.00000 0 -6.500 -0.7692 -6.500 -0.0001 0 NA
120.00 0.10000 120.1 0.00000 0 -6.500 -0.7692 -6.500 -0.0001 0 NA
125.00 0.10000 125.1 0.00000 0 -6.500 -0.7692 -6.500 -0.0001 0 NA
130.00 0.10000 130.1 0.00000 0 -6.500 -0.7692 -6.500 -0.0001 0 NA
135.00 0.10000 135.1 0.00000 0 -6.500 -0.7692 -6.500 -0.0002 0 NA
140.00 0.10000 140.1 0.00000 0 -6.500 -0.7692 -6.500 -0.0002 0 NA
145.00 0.10000 145.1 0.00000 0 -6.500 -0.7692 -6.500 -0.0001 0 NA
150.00 0.10000 150.1 0.00000 0 -6.500 -0.7692 -6.500 -0.0002 0 NA
155.00 0.09677 155.1 0.00000 0 -6.500 -0.7692 -6.500 -0.0002 0 NA
160.00 0.09375 160.1 0.00000 0 -6.500 -0.7692 -6.500 -0.0001 0 NA
165.00 0.09091 165.1 0.00000 0 -6.500 -0.7692 -6.500 -0.0001 0 NA
170.00 0.08824 170.1 0.00000 0 -6.500 -0.7692 -6.500 -0.0001 0 NA
175.00 0.08571 175.1 0.00000 0 -6.500 -0.7692 -6.500 -0.0002 0 NA
180.00 0.08333 180.1 0.00000 0 -6.500 -0.7692 -6.500 -0.0001 0 NA
185.00 0.08108 185.1 0.00000 0 -6.500 -0.7692 -6.500 -0.0001 0 NA
190.00 0.07895 190.1 0.00005 0 -6.500 -0.7692 -6.500 -0.0002 0 NA
195.00 0.07692 195.1 0.00006 0 -6.500 -0.7692 -6.500 -0.0002 0 NA
200.00 0.07500 200.1 0.00008 0 -6.500 -0.7692 -6.500 -0.0001 0 NA
205.00 0.07317 205.1 0.00013 0 -6.500 -0.7692 -6.500 -0.0002 0 NA
210.00 0.07143 210.1 0.00021 0 -6.500 -0.7692 -6.500 -0.0002 0 NA
215.00 0.06977 215.1 0.00032 0 -6.500 -0.7692 -6.500 -0.0001 0 NA
220.00 0.06818 220.1 0.00051 0 -6.500 -0.7692 -6.500 -0.0001 0 NA
225.00 0.06667 225.1 0.00080 0 -6.500 -0.7692 -6.500 -0.0001 0 NA
230.00 0.06522 230.1 0.00121 0 -6.500 -0.7692 -6.500 -0.0002 0 NA
235.00 0.06383 235.1 0.00177 0 -6.500 -0.7692 -6.500 -0.0002 0 NA
240.00 0.06250 240.1 0.00250 0 -6.500 -0.7692 -6.500 -0.0001 0 NA
245.00 0.06122 245.1 0.00343 0 -6.500 -0.7692 -6.500 -0.0001 0 NA
250.00 0.06000 250.1 0.00458 0 -6.500 -0.7692 -6.500 -0.0002 0 NA
255.00 0.05882 255.1 0.00598 0 -6.500 -0.7692 -6.500 -0.0002 0 NA
260.00 0.05769 260.1 0.00764 0 -6.500 -0.7692 -6.500 -0.0002 0 NA
265.00 0.05660 265.1 0.00954 0 -6.500 -0.7692 -6.500 -0.0002 0 NA
270.00 0.05556 270.1 0.01177 0 -6.500 -0.7692 -6.500 -0.0001 0 NA
275.00 0.05455 275.1 0.01419 0 -6.500 -0.7692 -6.500 -0.0002 0 NA
280.00 0.05357 280.1 0.01689 0 -6.500 -0.7692 -6.500 -0.0002 0 NA
285.00 0.05263 285.1 0.01979 0 -6.500 -0.7692 -6.500 -0.0001 0 NA
290.00 0.05172 290.1 0.02301 0 -6.500 -0.7692 -6.500 -0.0001 0 NA
295.00 0.05085 295.1 0.02629 0 -6.500 -0.7692 -6.500 -0.0001 0 NA
300.00 0.05000 300.1 0.02974 0 -6.500 -0.7692 -6.500 -0.0002 0 NA
305.00 0.04918 305.1 0.03347 0 -6.500 -0.7692 -6.500 -0.0001 0 NA
310.00 0.04839 310.1 0.03715 0 -6.500 -0.7692 -6.500 -0.0001 0 NA
315.00 0.04762 315.1 0.04091 0 -6.500 -0.7692 -6.500 -0.0001 0 NA
320.00 0.04688 314.9 0.04002 1 -6.500 -0.7692 -6.500 -0.0001 0 NA
0.00 0.10000 0.1 0.00000 0 -7.000 -0.7143 -7.000 -0.0001 0 NA
5.00 0.10000 5.1 0.00000 0 -7.000 -0.7143 -7.000 -0.0002 0 NA
10.00 0.10000 10.1 0.00000 0 -7.000 -0.7143 -7.000 -0.0001 0 NA
15.00 0.10000 15.1 0.00000 0 -7.000 -0.7143 -7.000 -0.0002 0 NA
20.00 0.10000 20.1 0.00000 0 -7.000 -0.7143 -7.000 -0.0002 0 NA
25.00 0.10000 25.1 0.00000 0 -7.000 -0.7143 -7.000 -0.0002 0 NA
30.00 0.10000 30.1 0.00000 0 -7.000 -0.7143 -7.000 -0.0001 0 NA
35.00 0.10000 35.1 0.00000 0 -7.000 -0.7143 -7.000 -0.0001 0 NA
40.00 0.10000 40.0 0.00000 0 -7.000 -0.7143 -7.000 -0.0001 0 NA
45.00 0.10000 45.0 0.00000 0 -7.000 -0.7143 -7.000 -0.0001 0 NA
50.00 0.10000 50.0 0.00000 0 -7.000 -0.7143 -7.000 -0.0001 0 NA
55.00 0.10000 55.0 0.00000 0 -7.000 -0.7143 -6.999 -0.0002 0 NA
60.00 0.10000 60.0 0.00000 0 -7.000 -0.7143 -7.000 -0.0002 0 NA
65.00 0.10000 65.0 0.00000 0 -7.000 -0.7143 -7.000 -0.0002 0 NA
70.00 0.10000 70.1 0.00000 0 -7.000 -0.7143 -7.000 -0.0001 0 NA
75.00 0.10000 75.1 0.00000 0 -7.000 -0.7143 -7.000 -0.0001 0 NA
80.00 0.10000 80.1 0.00000 0 -7.000 -0.7143 -7.000 -0.0001 0 NA
85.00 0.10000 85.1 0.00000 0 -7.000 -0.7143 -7.000 -0.0001 0 NA
90.00 0.10000 90.1 0.00000 0 -7.000 -0.7143 -7.000 -0.0001 0 NA
95.00 0.10000 95.1 0.00000 0 -7.000 -0.7143 -7.000 -0.0001 0 NA
100.00 0.10000 100.1 0.00000 0 -7.000 -0.7143 -7.000 -0.0001 0 NA
105.00 0.10000 105.1 0.00000 0 -7.000 -0.7143 -7.000 -0.0001 0 NA
110.00 0.10000 110.1 0.00000 0 -7.000 -0.7143 -7.000 -0.0001 0 NA
115.00 0.10000 115.1 0.00000 0 -7.000 -0.7143 -7.000 -0.0001 0 NA
120.00 0.10000 120.1 0.00000 0 -7.000 -0.7143 -7.000 -0.0001 0 NA
125.00 0.10000 125.1 0.00000 0 -7.000 -0.7143 -7.000 -0.0002 0 NA
130.00 0.10000 130.1 0.00000 0 -7.000 -0.7143 -7.000 -0.0001 0 NA
135.00 0.10000 135.1 0.00000 0 -7.000 -0.7143 -7.000 -0.0002 0 NA
140.00 0.10000 140.1 0.00000 0 -7.000 -0.7143 -7.000 -0.0001 0 NA
145.00 0.10000 145.1 0.00000 0 -7.000 -0.7143 -7.000 -0.0001 0 NA
150.00 0.10000 150.1 0.00000 0 -7.000 -0.7143 -7.000 -0.0002 0 NA
155.00 0.09677 155.1 0.00000 0 -7.000 -0.7143 -7.000 -0.0001 0 NA
160.00 0.09375 160.1 0.00000 0 -7.000 -0.7143 -7.000 -0.0001 0 NA
165.00 0.09091 165.1 0.00000 0 -7.000 -0.7143 -7.000 -0.0002 0 NA
170.00 0.08824 170.1 0.00000 0 -7.000 -0.7143 -7.000 -0.0002 0 NA
175.00 0.08571 175.1 0.00000 0 -7.000 -0.7143 -7.000 -0.0002 0 NA
180.00 0.08333 180.1 0.00000 0 -7.000 -0.7143 -7.000 -0.0001 0 NA
185.00 0.08108 185.1 0.00000 0 -7.000 -0.7143 -7.000 -0.0001 0 NA
190.00 0.07895 190.1 0.00000 0 -7.000 -0.7143 -7.000 -0.0002 0 NA
195.00 0.07692 195.1 0.00000 0 -7.000 -0.7143 -7.000 -0.0001 0 NA
200.00 0.07500 200.1 0.00000 0 -7.000 -0.7143 -7.000 -0.0001 0 NA
205.00 0.07317 205.1 0.00005 0 -7.000 -0.7143 -7.000 -0.0002 0 NA
210.00 0.07143 210.1 0.00006 0 -7.000 -0.7143 -7.000 -0.0001 0 NA
215.00 0.06977 215.1 0.00008 0 -7.000 -0.7143 -7.000 -0.0001 0 NA
220.00 0.06818 220.1 0.00013 0 -7.000 -0.7143 -7.000 -0.0002 0 NA
225.00 0.06667 225.1 0.00020 0 -7.000 -0.7143 -7.000 -0.0001 0 NA
230.00 0.06522 230.1 0.00031 0 -7.000 -0.7143 -7.000 -0.0002 0 NA
235.00 0.06383 235.1 0.00049 0 -7.000 -0.7143 -7.000 -0.0002 0 NA
240.00 0.06250 240.1 0.00075 0 -7.000 -0.7143 -7.000 -0.0001 0 NA
245.00 0.06122 245.1 0.00113 0 -7.000 -0.7143 -7.000 -0.0001 0 NA
250.00 0.06000 250.1 0.00163 0 -7.000 -0.7143 -7.000 -0.0001 0 NA
255.00 0.05882 255.1 0.00229 0 -7.000 -0.7143 -7.000 -0.0001 0 NA
260.00 0.05769 260.1 0.00315 0 -7.000 -0.7143 -7.000 -0.0001 0 NA
265.00 0.05660 265.1 0.00420 0 -7.000 -0.7143 -7.000 -0.0002 0 NA
270.00 0.05556 270.1 0.00547 0 -7.000 -0.7143 -7.000 -0.0001 0 NA
275.00 0.05455 275.1 0.00698 0 -7.000 -0.7143 -7.000 -0.0002 0 NA
280.00 0.05357 280.1 0.00877 0 -7.000 -0.7143 -7.000 -0.0001 0 NA
285.00 0.05263 285.1 0.01077 0 -7.000 -0.7143 -7.000 -0.0001 0 NA
290.00 0.05172 290.1 0.01303 0 -7.000 -0.7143 -7.000 -0.0001 0 NA
295.00 0.05085 295.1 0.01551 0 -7.000 -0.7143 -7.000 -0.0002 0 NA
300.00 0.05000 300.1 0.01831 0 -7.000 -0.7143 -7.000 -0.0001 0 NA
305.00 0.04918 305.1 0.02123 0 -7.000 -0.7143 -7.000 -0.0002 0 NA
310.00 0.04839 310.1 0.02434 0 -7.000 -0.7143 -7.000 -0.0002 0 NA
315.00 0.04762 315.1 0.02773 0 -7.000 -0.7143 -7.000 -0.0002 0 NA
320.00 0.04688 320.1 0.03112 0 -7.000 -0.7143 -7.000 -0.0001 0 NA
325.00 0.04615 325.1 0.03463 0 -7.000 -0.7143 -7.000 -0.0001 0 NA
330.00 0.04545 330.1 0.03842 0 -7.000 -0.7143 -7.000 -0.0001 0 NA
335.00 0.04478 335.1 0.04203 0 -7.000 -0.7143 -7.000 -0.0001 0 NA
340.00 0.04412 333.5 0.04002 1 -7.000 -0.7143 -7.000 -0.0002 0 NA
0.00 0.10000 0.1 0.00000 0 -7.500 -0.6667 -7.499 -0.0001 0 NA
5.00 0.10000 5.1 0.00000 0 -7.500 -0.6667 -7.499 -0.0001 0 NA
10.00 0.10000 10.1 0.00000 0 -7.500 -0.6667 -7.499 -0.0001 0 NA
15.00 0.10000 15.1 0.00000 0 -7.500 -0.6667 -7.499 -0.0001 0 NA
20.00 0.10000 20.1 0.00000 0 -7.500 -0.6667 -7.499 -0.0001 0 NA
25.00 0.10000 25.1 0.00000 0 -7.500 -0.6667 -7.499 -0.0001 0 NA
30.00 0.10000 30.1 0.00000 0 -7.500 -0.6667 -7.499 -0.0001 0 NA
35.00 0.10000 35.1 0.00000 0 -7.500 -0.6667 -7.499 -0.0001 0 NA
40.00 0.10000 40.0 0.00000 0 -7.500 -0.6667 -7.499 -0.0001 0 NA
45.00 0.10000 45.0 0.00000 0 -7.500 -0.6667 -7.499 -0.0002 0 NA
50.00 0.10000 50.0 0.00000 0 -7.500 -0.6667 -7.499 -0.0001 0 NA
55.00 0.10000 55.0 0.00000 0 -7.500 -0.6667 -7.499 -0.0002 0 NA
60.00 0.10000 60.0 0.00000 0 -7.500 -0.6667 -7.499 -0.0001 0 NA
65.00 0.10000 65.0 0.00000 0 -7.500 -0.6667 -7.499 -0.0002 0 NA
70.00 0.10000 70.1 0.00000 0 -7.500 -0.6667 -7.499 -0.0001 0 NA
75.00 0.10000 75.1 0.00000 0 -7.500 -0.6667 -7.499 -0.0001 0 NA
80.00 0.10000 80.1 0.00000 0 -7.500 -0.6667 -7.499 -0.0001 0 NA
85.00 0.10000 85.1 0.00000 0 -7.500 -0.6667 -7.499 -0.0001 0 NA
90.00 0.10000 90.1 0.00000 0 -7.500 -0.6667 -7.499 -0.0001 0 NA
95.00 0.10000 95.1 0.00000 0 -7.500 -0.6667 -7.499 -0.0001 0 NA
100.00 0.10000 100.1 0.00000 0 -7.500 -0.6667 -7.499 -0.0001 0 NA
105.00 0.10000 105.1 0.00000 0 -7.500 -0.6667 -7.499 -0.0002 0 NA
110.00 0.10000 110.1 0.00000 0 -7.500 -0.6667 -7.499 -0.0002 0 NA
115.00 0.10000 115.1 0.00000 0 -7.500 -0.6667 -7.499 -0.0001 0 NA
120.00 0.10000 120.1 0.00000 0 -7.500 -0.6667 -7.499 -0.0002 0 NA
125.00 0.10000 125.1 0.00000 0 -7.500 -0.6667 -7.499 -0.0001 0 NA
130.00 0.10000 130.1 0.00000 0 -7.500 -0.6667 -7.499 -0.0001 0 NA
135.00 0.10000 135.1 0.00000 0 -7.500 -0.6667 -7.499 -0.0001 0 NA
140.00 0.10000 140.1 0.00000 0 -7.500 -0.6667 -7.499 -0.0002 0 NA
145.00 0.10000 145.1 0.00000 0 -7.500 -0.6667 -7.499 -0.0001 0 NA
150.00 0.10000 150.1 0.00000 0 -7.500 -0.6667 -7.499 -0.0002 0 NA
155.00 0.09677 155.1 0.00000 0 -7.500 -0.6667 -7.499 -0.0002 0 NA
160.00 0.09375 160.1 0.00000 0 -7.500 -0.6667 -7.499 -0.0001 0 NA
165.00 0.09091 165.1 0.00000 0 -7.500 -0.6667 -7.499 -0.0001 0 NA
170.00 0.08824 170.1 0.00000 0 -7.500 -0.6667 -7.499 -0.0001 0 NA
175.00 0.08571 175.1 0.00000 0 -7.500 -0.6667 -7.499 -0.0001 0 NA
180.00 0.08333 180.1 0.00000 0 -7.500 -0.6667 -7.499 -0.0002 0 NA
185.00 0.08108 185.1 0.00000 0 -7.500 -0.6667 -7.499 -0.0001 0 NA
190.00 0.07895 190.1 0.00000 0 -7.500 -0.6667 -7.500 -0.0001 0 NA
195.00 0.07692 195.1 0.00000 0 -7.500 -0.6667 -7.499 -0.0001 0 NA
200.00 0.07500 200.1 0.00000 0 -7.500 -0.6667 -7.499 -0.0002 0 NA
205.00 0.07317 205.1 0.00000 0 -7.500 -0.6667 -7.499 -0.0001 0 NA
210.00 0.07143 210.1 0.00000 0 -7.500 -0.6667 -7.499 -0.0001 0 NA
215.00 0.06977 215.1 0.00000 0 -7.500 -0.6667 -7.499 -0.0001 0 NA
220.00 0.06818 220.1 0.00005 0 -7.500 -0.6667 -7.499 -0.0001 0 NA
225.00 0.06667 225.1 0.00007 0 -7.500 -0.6667 -7.499 -0.0001 0 NA
230.00 0.06522 230.1 0.00008 0 -7.500 -0.6667 -7.499 -0.0001 0 NA
235.00 0.06383 235.1 0.00013 0 -7.500 -0.6667 -7.499 -0.0002 0 NA
240.00 0.06250 240.1 0.00020 0 -7.500 -0.6667 -7.499 -0.0001 0 NA
245.00 0.06122 245.1 0.00029 0 -7.500 -0.6667 -7.499 -0.0001 0 NA
250.00 0.06000 250.1 0.00046 0 -7.500 -0.6667 -7.499 -0.0002 0 NA
255.00 0.05882 255.1 0.00071 0 -7.500 -0.6667 -7.499 -0.0001 0 NA
260.00 0.05769 260.1 0.00105 0 -7.500 -0.6667 -7.499 -0.0002 0 NA
265.00 0.05660 265.1 0.00150 0 -7.500 -0.6667 -7.499 -0.0001 0 NA
270.00 0.05556 270.1 0.00212 0 -7.500 -0.6667 -7.499 -0.0002 0 NA
275.00 0.05455 275.1 0.00290 0 -7.500 -0.6667 -7.499 -0.0002 0 NA
280.00 0.05357 280.1 0.00386 0 -7.500 -0.6667 -7.499 -0.0001 0 NA
285.00 0.05263 285.1 0.00503 0 -7.500 -0.6667 -7.500 -0.0002 0 NA
290.00 0.05172 290.1 0.00643 0 -7.500 -0.6667 -7.499 -0.0001 0 NA
295.00 0.05085 295.1 0.00804 0 -7.500 -0.6667 -7.499 -0.0001 0 NA
300.00 0.05000 300.1 0.00989 0 -7.500 -0.6667 -7.499 -0.0001 0 NA
305.00 0.04918 305.1 0.01198 0 -7.500 -0.6667 -7.499 -0.0001 0 NA
310.00 0.04839 310.1 0.01436 0 -7.500 -0.6667 -7.499 -0.0001 0 NA
315.00 0.04762 315.1 0.01689 0 -7.500 -0.6667 -7.499 -0.0001 0 NA
320.00 0.04688 320.1 0.01964 0 -7.500 -0.6667 -7.499 -0.0001 0 NA
325.00 0.04615 325.1 0.02255 0 -7.500 -0.6667 -7.499 -0.0002 0 NA
330.00 0.04545 330.1 0.02575 0 -7.500 -0.6667 -7.499 -0.0001 0 NA
335.00 0.04478 335.1 0.02897 0 -7.500 -0.6667 -7.499 -0.0001 0 NA
340.00 0.04412 340.1 0.03231 0 -7.500 -0.6667 -7.499 -0.0001 0 NA
345.00 0.04348 345.1 0.03594 0 -7.500 -0.6667 -7.499 -0.0001 0 NA
350.00 0.04286 350.1 0.03946 0 -7.500 -0.6667 -7.499 -0.0002 0 NA
355.00 0.04225 351.9 0.04002 1 -7.500 -0.6667 -7.499 -0.0002 0 NA
0.00 0.10000 0.1 0.00000 0 -8.000 -0.6250 -7.999 -0.0001 0 NA
5.00 0.10000 5.1 0.00000 0 -8.000 -0.6250 -7.999 -0.0002 0 NA
10.00 0.10000 10.1 0.00000 0 -8.000 -0.6250 -7.999 -0.0002 0 NA
15.00 0.10000 15.1 0.00000 0 -8.000 -0.6250 -7.999 -0.0001 0 NA
20.00 0.10000 20.1 0.00000 0 -8.000 -0.6250 -7.999 -0.0001 0 NA
25.00 0.10000 25.1 0.00000 0 -8.000 -0.6250 -7.999 -0.0001 0 NA
30.00 0.10000 30.1 0.00000 0 -8.000 -0.6250 -8.000 -0.0002 0 NA
35.00 0.10000 35.1 0.00000 0 -8.000 -0.6250 -7.999 -0.0001 0 NA
40.00 0.10000 40.0 0.00000 0 -8.000 -0.6250 -7.999 -0.0001 0 NA
45.00 0.10000 45.0 0.00000 0 -8.000 -0.6250 -7.999 -0.0002 0 NA
50.00 0.10000 50.0 0.00000 0 -8.000 -0.6250 -7.999 -0.0002 0 NA
55.00 0.10000 55.0 0.00000 0 -8.000 -0.6250 -7.999 -0.0001 0 NA
60.00 0.10000 60.0 0.00000 0 -8.000 -0.6250 -7.999 -0.0001 0 NA
65.00 0.10000 65.0 0.00000 0 -8.000 -0.6250 -7.999 -0.0001 0 NA
70.00 0.10000 70.1 0.00000 0 -8.000 -0.6250 -7.999 -0.0001 0 NA
75.00 0.10000 75.1 0.00000 0 -8.000 -0.6250 -7.999 -0.0001 0 NA
80.00 0.10000 80.1 0.00000 0 -8.000 -0.6250 -7.999 -0.0001 0 NA
85.00 0.10000 85.1 0.00000 0 -8.000 -0.6250 -7.999 -0.0001 0 NA
90.00 0.10000 90.1 0.00000 0 -8.000 -0.6250 -7.999 -0.0001 0 NA
95.00 0.10000 95.1 0.00000 0 -8.000 -0.6250 -7.999 -0.0001 0 NA
100.00 0.10000 100.1 0.00000 0 -8.000 -0.6250 -7.999 -0.0001 0 NA
105.00 0.10000 105.1 0.00000 0 -8.000 -0.6250 -7.999 -0.0002 0 NA
110.00 0.10000 110.1 0.00000 0 -8.000 -0.6250 -8.000 -0.0001 0 NA
115.00 0.10000 115.1 0.00000 0 -8.000 -0.6250 -8.000 -0.0001 0 NA
120.00 0.10000 120.1 0.00000 0 -8.000 -0.6250 -7.999 -0.0001 0 NA
125.00 0.10000 125.1 0.00000 0 -8.000 -0.6250 -7.999 -0.0001 0 NA
130.00 0.10000 130.1 0.00000 0 -8.000 -0.6250 -7.999 -0.0001 0 NA
135.00 0.10000 135.1 0.00000 0 -8.000 -0.6250 -7.999 -0.0001 0 NA
140.00 0.10000 140.1 0.00000 0 -8.000 -0.6250 -7.999 -0.0001 0 NA
145.00 0.10000 145.1 0.00000 0 -8.000 -0.6250 -7.999 -0.0001 0 NA
150.00 0.10000 150.1 0.00000 0 -8.000 -0.6250 -7.999 -0.0002 0 NA
155.00 0.09677 155.1 0.00000 0 -8.000 -0.6250 -7.999 -0.0002 0 NA
160.00 0.09375 160.1 0.00000 0 -8.000 -0.6250 -7.999 -0.0002 0 NA
165.00 0.09091 165.1 0.00000 0 -8.000 -0.6250 -7.999 -0.0001 0 NA
170.00 0.08824 170.1 0.00000 0 -8.000 -0.6250 -7.999 -0.0001 0 NA
175.00 0.08571 175.1 0.00000 0 -8.000 -0.6250 -7.999 -0.0002 0 NA
180.00 0.08333 180.1 0.00000 0 -8.000 -0.6250 -7.999 -0.0001 0 NA
185.00 0.08108 185.1 0.00000 0 -8.000 -0.6250 -7.999 -0.0002 0 NA
190.00 0.07895 190.1 0.00000 0 -8.000 -0.6250 -7.999 -0.0002 0 NA
195.00 0.07692 195.1 0.00000 0 -8.000 -0.6250 -7.999 -0.0001 0 NA
200.00 0.07500 200.1 0.00000 0 -8.000 -0.6250 -7.999 -0.0001 0 NA
205.00 0.07317 205.1 0.00000 0 -8.000 -0.6250 -7.999 -0.0001 0 NA
210.00 0.07143 210.1 0.00000 0 -8.000 -0.6250 -7.999 -0.0001 0 NA
215.00 0.06977 215.1 0.00000 0 -8.000 -0.6250 -7.999 -0.0001 0 NA
220.00 0.06818 220.1 0.00000 0 -8.000 -0.6250 -7.999 -0.0001 0 NA
225.00 0.06667 225.1 0.00000 0 -8.000 -0.6250 -7.999 -0.0001 0 NA
230.00 0.06522 230.1 0.00000 0 -8.000 -0.6250 -8.000 -0.0001 0 NA
235.00 0.06383 235.1 0.00005 0 -8.000 -0.6250 -7.999 -0.0001 0 NA
240.00 0.06250 240.1 0.00007 0 -8.000 -0.6250 -7.999 -0.0002 0 NA
245.00 0.06122 245.1 0.00008 0 -8.000 -0.6250 -7.999 -0.0001 0 NA
250.00 0.06000 250.1 0.00013 0 -8.000 -0.6250 -7.999 -0.0001 0 NA
255.00 0.05882 255.1 0.00019 0 -8.000 -0.6250 -7.999 -0.0002 0 NA
260.00 0.05769 260.1 0.00028 0 -8.000 -0.6250 -7.999 -0.0001 0 NA
265.00 0.05660 265.1 0.00044 0 -8.000 -0.6250 -7.999 -0.0002 0 NA
270.00 0.05556 270.1 0.00066 0 -8.000 -0.6250 -7.999 -0.0001 0 NA
275.00 0.05455 275.1 0.00098 0 -8.000 -0.6250 -7.999 -0.0001 0 NA
280.00 0.05357 280.1 0.00141 0 -8.000 -0.6250 -7.999 -0.0001 0 NA
285.00 0.05263 285.1 0.00197 0 -8.000 -0.6250 -7.999 -0.0001 0 NA
290.00 0.05172 290.1 0.00268 0 -8.000 -0.6250 -7.999 -0.0002 0 NA
295.00 0.05085 295.1 0.00357 0 -8.000 -0.6250 -7.999 -0.0001 0 NA
300.00 0.05000 300.1 0.00464 0 -8.000 -0.6250 -7.999 -0.0001 0 NA
305.00 0.04918 305.1 0.00592 0 -8.000 -0.6250 -7.999 -0.0001 0 NA
310.00 0.04839 310.1 0.00741 0 -8.000 -0.6250 -7.999 -0.0001 0 NA
315.00 0.04762 315.1 0.00915 0 -8.000 -0.6250 -7.999 -0.0002 0 NA
320.00 0.04688 320.1 0.01108 0 -8.000 -0.6250 -7.999 -0.0001 0 NA
325.00 0.04615 325.1 0.01323 0 -8.000 -0.6250 -7.999 -0.0002 0 NA
330.00 0.04545 330.1 0.01567 0 -8.000 -0.6250 -7.999 -0.0001 0 NA
335.00 0.04478 335.1 0.01824 0 -8.000 -0.6250 -7.999 -0.0001 0 NA
340.00 0.04412 340.1 0.02098 0 -8.000 -0.6250 -7.999 -0.0001 0 NA
345.00 0.04348 345.1 0.02389 0 -8.000 -0.6250 -7.999 -0.0001 0 NA
350.00 0.04286 350.1 0.02709 0 -8.000 -0.6250 -7.999 -0.0001 0 NA
355.00 0.04225 355.1 0.03026 0 -8.000 -0.6250 -7.999 -0.0001 0 NA
360.00 0.04167 360.1 0.03353 0 -8.000 -0.6250 -7.999 -0.0002 0 NA
365.00 0.04110 365.1 0.03710 0 -8.000 -0.6250 -7.999 -0.0001 0 NA
370.00 0.04054 370.1 0.04052 0 -8.000 -0.6250 -7.999 -0.0001 0 NA
375.00 0.04000 370.6 0.04002 1 -8.000 -0.6250 -7.999 -0.0001 0 NA
