% * Sample: 6E5P_31
% * Date / time: 2024-02-05 20:40:51.465604
% * R2CONTROL =  NOT SPECIFIED
% Column 1:  PSU1 nominal voltage setting (V)
% Column 2:  PSU1 nominal current setting (A)
% Column 3:  PSU1 voltage measurement (V)
% Column 4:  PSU1 current measurement (I)
% Column 5:  PSU1 limiter flag
% Column 6:  PSU2 nominal voltage setting (V)
% Column 7:  PSU2 nominal current setting (A)
% Column 8:  PSU2 voltage measurement (V)
% Column 9:  PSU2 current measurement (I)
% Column 10: PSU2 limiter flag
% Column 11: Heaterblock temperature (°C)
% * OPERATING POINT AT END OF PREHEAT / IDLE: U1 = 200.1 V  I1 = 0.03000 A  U2 = -3.665 V  I2 = -0.0001 A  T = NA °C
0.00 0.10000 0.1 0.00000 0 -0.000 -1.0000 -0.000 -0.0001 0 NA
5.00 0.10000 5.1 0.00000 0 -0.000 -1.0000 -0.000 -0.0001 0 NA
10.00 0.10000 10.1 0.00006 0 -0.000 -1.0000 -0.000 -0.0001 0 NA
15.00 0.10000 15.1 0.00012 0 -0.000 -1.0000 -0.000 -0.0001 0 NA
20.00 0.10000 20.1 0.00028 0 -0.000 -1.0000 -0.000 -0.0001 0 NA
25.00 0.10000 25.1 0.00067 0 -0.000 -1.0000 -0.000 -0.0001 0 NA
30.00 0.10000 30.1 0.00142 0 -0.000 -1.0000 -0.000 -0.0001 0 NA
35.00 0.10000 35.1 0.00270 0 -0.000 -1.0000 -0.000 -0.0001 0 NA
40.00 0.10000 40.1 0.00467 0 -0.000 -1.0000 -0.000 -0.0001 0 NA
45.00 0.10000 45.0 0.00725 0 -0.000 -1.0000 -0.000 -0.0001 0 NA
50.00 0.10000 50.1 0.01044 0 -0.000 -1.0000 -0.000 -0.0001 0 NA
55.00 0.10000 55.1 0.01422 0 -0.000 -1.0000 -0.000 -0.0001 0 NA
60.00 0.10000 60.1 0.01849 0 -0.000 -1.0000 -0.000 -0.0001 0 NA
65.00 0.10000 65.1 0.02314 0 -0.000 -1.0000 -0.000 -0.0001 0 NA
70.00 0.10000 70.1 0.02804 0 -0.000 -1.0000 -0.000 -0.0001 0 NA
75.00 0.10000 75.1 0.03315 0 -0.000 -1.0000 -0.000 -0.0001 0 NA
80.00 0.10000 80.1 0.03849 0 -0.000 -1.0000 -0.000 -0.0001 0 NA
85.00 0.10000 85.1 0.04395 0 -0.000 -1.0000 -0.000 -0.0001 0 NA
90.00 0.10000 90.1 0.04954 0 -0.000 -1.0000 -0.000 -0.0001 0 NA
95.00 0.10000 95.1 0.05525 0 -0.000 -1.0000 -0.000 -0.0001 0 NA
100.00 0.10000 100.1 0.06114 0 -0.000 -1.0000 -0.000 -0.0001 0 NA
105.00 0.10000 105.1 0.06707 0 -0.000 -1.0000 -0.000 -0.0001 0 NA
110.00 0.10000 110.1 0.07311 0 -0.000 -1.0000 -0.000 -0.0001 0 NA
115.00 0.10000 115.1 0.07922 0 -0.000 -1.0000 -0.000 -0.0001 0 NA
120.00 0.10000 120.1 0.08550 0 -0.000 -1.0000 -0.000 -0.0001 0 NA
125.00 0.10000 125.1 0.09174 0 -0.000 -1.0000 -0.000 -0.0001 0 NA
130.00 0.10000 130.1 0.09808 0 -0.000 -1.0000 -0.000 -0.0001 0 NA
135.00 0.10000 131.9 0.10005 1 -0.000 -1.0000 -0.000 -0.0002 0 NA
0.00 0.10000 0.1 0.00000 0 -0.500 -1.0000 -0.499 -0.0002 0 NA
5.00 0.10000 5.1 0.00000 0 -0.500 -1.0000 -0.499 -0.0001 0 NA
10.00 0.10000 10.1 0.00000 0 -0.500 -1.0000 -0.499 -0.0001 0 NA
15.00 0.10000 15.1 0.00000 0 -0.500 -1.0000 -0.499 -0.0001 0 NA
20.00 0.10000 20.1 0.00005 0 -0.500 -1.0000 -0.499 -0.0001 0 NA
25.00 0.10000 25.1 0.00007 0 -0.500 -1.0000 -0.499 -0.0002 0 NA
30.00 0.10000 30.1 0.00016 0 -0.500 -1.0000 -0.499 -0.0001 0 NA
35.00 0.10000 35.1 0.00036 0 -0.500 -1.0000 -0.499 -0.0002 0 NA
40.00 0.10000 40.1 0.00079 0 -0.500 -1.0000 -0.499 -0.0002 0 NA
45.00 0.10000 45.0 0.00157 0 -0.500 -1.0000 -0.500 -0.0001 0 NA
50.00 0.10000 50.1 0.00281 0 -0.500 -1.0000 -0.499 -0.0001 0 NA
55.00 0.10000 55.1 0.00456 0 -0.500 -1.0000 -0.499 -0.0001 0 NA
60.00 0.10000 60.1 0.00686 0 -0.500 -1.0000 -0.499 -0.0002 0 NA
65.00 0.10000 65.1 0.00971 0 -0.500 -1.0000 -0.499 -0.0002 0 NA
70.00 0.10000 70.1 0.01311 0 -0.500 -1.0000 -0.499 -0.0002 0 NA
75.00 0.10000 75.1 0.01702 0 -0.500 -1.0000 -0.499 -0.0002 0 NA
80.00 0.10000 80.1 0.02136 0 -0.500 -1.0000 -0.499 -0.0002 0 NA
85.00 0.10000 85.1 0.02604 0 -0.500 -1.0000 -0.499 -0.0002 0 NA
90.00 0.10000 90.1 0.03098 0 -0.500 -1.0000 -0.499 -0.0002 0 NA
95.00 0.10000 95.1 0.03609 0 -0.500 -1.0000 -0.499 -0.0001 0 NA
100.00 0.10000 100.1 0.04137 0 -0.500 -1.0000 -0.499 -0.0001 0 NA
105.00 0.10000 105.1 0.04684 0 -0.500 -1.0000 -0.499 -0.0001 0 NA
110.00 0.10000 110.1 0.05240 0 -0.500 -1.0000 -0.499 -0.0002 0 NA
115.00 0.10000 115.1 0.05806 0 -0.500 -1.0000 -0.499 -0.0001 0 NA
120.00 0.10000 120.1 0.06382 0 -0.500 -1.0000 -0.499 -0.0002 0 NA
125.00 0.10000 125.1 0.06975 0 -0.500 -1.0000 -0.499 -0.0002 0 NA
130.00 0.10000 130.1 0.07568 0 -0.500 -1.0000 -0.499 -0.0001 0 NA
135.00 0.10000 135.1 0.08169 0 -0.500 -1.0000 -0.499 -0.0002 0 NA
140.00 0.10000 140.1 0.08787 0 -0.500 -1.0000 -0.499 -0.0001 0 NA
145.00 0.10000 145.1 0.09401 0 -0.500 -1.0000 -0.499 -0.0002 0 NA
150.00 0.10000 150.1 0.10024 1 -0.500 -1.0000 -0.499 -0.0001 0 NA
0.00 0.10000 0.2 0.00000 0 -1.000 -1.0000 -1.000 -0.0001 0 NA
5.00 0.10000 5.1 0.00000 0 -1.000 -1.0000 -0.999 -0.0001 0 NA
10.00 0.10000 10.1 0.00000 0 -1.000 -1.0000 -1.000 -0.0001 0 NA
15.00 0.10000 15.1 0.00000 0 -1.000 -1.0000 -0.999 -0.0001 0 NA
20.00 0.10000 20.1 0.00000 0 -1.000 -1.0000 -0.999 -0.0002 0 NA
25.00 0.10000 25.1 0.00000 0 -1.000 -1.0000 -0.999 -0.0001 0 NA
30.00 0.10000 30.1 0.00000 0 -1.000 -1.0000 -0.999 -0.0001 0 NA
35.00 0.10000 35.1 0.00005 0 -1.000 -1.0000 -0.999 -0.0002 0 NA
40.00 0.10000 40.1 0.00008 0 -1.000 -1.0000 -1.000 -0.0001 0 NA
45.00 0.10000 45.0 0.00017 0 -1.000 -1.0000 -0.999 -0.0001 0 NA
50.00 0.10000 50.1 0.00036 0 -1.000 -1.0000 -1.000 -0.0001 0 NA
55.00 0.10000 55.1 0.00075 0 -1.000 -1.0000 -0.999 -0.0002 0 NA
60.00 0.10000 60.1 0.00142 0 -1.000 -1.0000 -0.999 -0.0002 0 NA
65.00 0.10000 65.1 0.00248 0 -1.000 -1.0000 -1.000 -0.0002 0 NA
70.00 0.10000 70.1 0.00401 0 -1.000 -1.0000 -1.000 -0.0001 0 NA
75.00 0.10000 75.1 0.00603 0 -1.000 -1.0000 -0.999 -0.0001 0 NA
80.00 0.10000 80.1 0.00855 0 -1.000 -1.0000 -1.000 -0.0001 0 NA
85.00 0.10000 85.1 0.01159 0 -1.000 -1.0000 -0.999 -0.0002 0 NA
90.00 0.10000 90.1 0.01511 0 -1.000 -1.0000 -0.999 -0.0002 0 NA
95.00 0.10000 95.1 0.01909 0 -1.000 -1.0000 -0.999 -0.0002 0 NA
100.00 0.10000 100.1 0.02346 0 -1.000 -1.0000 -1.000 -0.0001 0 NA
105.00 0.10000 105.1 0.02817 0 -1.000 -1.0000 -1.000 -0.0001 0 NA
110.00 0.10000 110.1 0.03310 0 -1.000 -1.0000 -0.999 -0.0002 0 NA
115.00 0.10000 115.1 0.03820 0 -1.000 -1.0000 -0.999 -0.0002 0 NA
120.00 0.10000 120.1 0.04347 0 -1.000 -1.0000 -1.000 -0.0001 0 NA
125.00 0.10000 125.1 0.04892 0 -1.000 -1.0000 -1.000 -0.0001 0 NA
130.00 0.10000 130.1 0.05443 0 -1.000 -1.0000 -0.999 -0.0002 0 NA
135.00 0.10000 135.1 0.06004 0 -1.000 -1.0000 -0.999 -0.0002 0 NA
140.00 0.10000 140.1 0.06590 0 -1.000 -1.0000 -1.000 -0.0001 0 NA
145.00 0.10000 145.1 0.07178 0 -1.000 -1.0000 -0.999 -0.0002 0 NA
150.00 0.10000 150.1 0.07766 0 -1.000 -1.0000 -1.000 -0.0002 0 NA
155.00 0.09677 155.1 0.08389 0 -1.000 -1.0000 -1.000 -0.0001 0 NA
160.00 0.09375 160.1 0.09011 0 -1.000 -1.0000 -0.999 -0.0002 0 NA
165.00 0.09091 165.1 0.09627 1 -1.000 -1.0000 -0.999 -0.0001 0 NA
0.00 0.10000 0.1 0.00000 0 -1.500 -1.0000 -1.499 -0.0001 0 NA
5.00 0.10000 5.1 0.00000 0 -1.500 -1.0000 -1.499 -0.0001 0 NA
10.00 0.10000 10.1 0.00000 0 -1.500 -1.0000 -1.499 -0.0002 0 NA
15.00 0.10000 15.1 0.00000 0 -1.500 -1.0000 -1.499 -0.0002 0 NA
20.00 0.10000 20.1 0.00000 0 -1.500 -1.0000 -1.500 -0.0001 0 NA
25.00 0.10000 25.1 0.00000 0 -1.500 -1.0000 -1.499 -0.0001 0 NA
30.00 0.10000 30.1 0.00000 0 -1.500 -1.0000 -1.499 -0.0001 0 NA
35.00 0.10000 35.1 0.00000 0 -1.500 -1.0000 -1.499 -0.0001 0 NA
40.00 0.10000 40.1 0.00000 0 -1.500 -1.0000 -1.499 -0.0002 0 NA
45.00 0.10000 45.0 0.00000 0 -1.500 -1.0000 -1.500 -0.0001 0 NA
50.00 0.10000 50.1 0.00006 0 -1.500 -1.0000 -1.499 -0.0001 0 NA
55.00 0.10000 55.1 0.00010 0 -1.500 -1.0000 -1.499 -0.0002 0 NA
60.00 0.10000 60.1 0.00018 0 -1.500 -1.0000 -1.499 -0.0001 0 NA
65.00 0.10000 65.1 0.00036 0 -1.500 -1.0000 -1.499 -0.0001 0 NA
70.00 0.10000 70.1 0.00071 0 -1.500 -1.0000 -1.499 -0.0002 0 NA
75.00 0.10000 75.1 0.00130 0 -1.500 -1.0000 -1.499 -0.0001 0 NA
80.00 0.10000 80.1 0.00224 0 -1.500 -1.0000 -1.499 -0.0002 0 NA
85.00 0.10000 85.1 0.00357 0 -1.500 -1.0000 -1.499 -0.0002 0 NA
90.00 0.10000 90.1 0.00534 0 -1.500 -1.0000 -1.499 -0.0001 0 NA
95.00 0.10000 95.1 0.00759 0 -1.500 -1.0000 -1.499 -0.0001 0 NA
100.00 0.10000 100.1 0.01029 0 -1.500 -1.0000 -1.499 -0.0002 0 NA
105.00 0.10000 105.1 0.01346 0 -1.500 -1.0000 -1.499 -0.0001 0 NA
110.00 0.10000 110.1 0.01707 0 -1.500 -1.0000 -1.499 -0.0002 0 NA
115.00 0.10000 115.1 0.02113 0 -1.500 -1.0000 -1.499 -0.0002 0 NA
120.00 0.10000 120.1 0.02552 0 -1.500 -1.0000 -1.499 -0.0002 0 NA
125.00 0.10000 125.1 0.03018 0 -1.500 -1.0000 -1.499 -0.0002 0 NA
130.00 0.10000 130.1 0.03513 0 -1.500 -1.0000 -1.499 -0.0002 0 NA
135.00 0.10000 135.1 0.04020 0 -1.500 -1.0000 -1.499 -0.0002 0 NA
140.00 0.10000 140.1 0.04542 0 -1.500 -1.0000 -1.499 -0.0002 0 NA
145.00 0.10000 145.1 0.05077 0 -1.500 -1.0000 -1.499 -0.0002 0 NA
150.00 0.10000 150.1 0.05645 0 -1.500 -1.0000 -1.499 -0.0002 0 NA
155.00 0.09677 155.1 0.06226 0 -1.500 -1.0000 -1.499 -0.0001 0 NA
160.00 0.09375 160.1 0.06793 0 -1.500 -1.0000 -1.499 -0.0001 0 NA
165.00 0.09091 165.1 0.07368 0 -1.500 -1.0000 -1.499 -0.0002 0 NA
170.00 0.08824 170.1 0.07989 0 -1.500 -1.0000 -1.499 -0.0002 0 NA
175.00 0.08571 170.6 0.08004 1 -1.500 -1.0000 -1.499 -0.0002 0 NA
0.00 0.10000 0.1 0.00000 0 -2.000 -1.0000 -1.999 -0.0002 0 NA
5.00 0.10000 5.1 0.00000 0 -2.000 -1.0000 -1.999 -0.0001 0 NA
10.00 0.10000 10.1 0.00000 0 -2.000 -1.0000 -1.999 -0.0001 0 NA
15.00 0.10000 15.1 0.00000 0 -2.000 -1.0000 -1.999 -0.0001 0 NA
20.00 0.10000 20.1 0.00000 0 -2.000 -1.0000 -1.999 -0.0002 0 NA
25.00 0.10000 25.1 0.00000 0 -2.000 -1.0000 -1.999 -0.0002 0 NA
30.00 0.10000 30.1 0.00000 0 -2.000 -1.0000 -1.999 -0.0002 0 NA
35.00 0.10000 35.1 0.00000 0 -2.000 -1.0000 -1.999 -0.0001 0 NA
40.00 0.10000 40.1 0.00000 0 -2.000 -1.0000 -2.000 -0.0002 0 NA
45.00 0.10000 45.0 0.00000 0 -2.000 -1.0000 -1.999 -0.0001 0 NA
50.00 0.10000 50.1 0.00000 0 -2.000 -1.0000 -1.999 -0.0001 0 NA
55.00 0.10000 55.1 0.00000 0 -2.000 -1.0000 -1.999 -0.0001 0 NA
60.00 0.10000 60.1 0.00000 0 -2.000 -1.0000 -1.999 -0.0002 0 NA
65.00 0.10000 65.1 0.00006 0 -2.000 -1.0000 -2.000 -0.0002 0 NA
70.00 0.10000 70.1 0.00010 0 -2.000 -1.0000 -1.999 -0.0002 0 NA
75.00 0.10000 75.1 0.00018 0 -2.000 -1.0000 -2.000 -0.0001 0 NA
80.00 0.10000 80.1 0.00035 0 -2.000 -1.0000 -1.999 -0.0001 0 NA
85.00 0.10000 85.1 0.00066 0 -2.000 -1.0000 -1.999 -0.0002 0 NA
90.00 0.10000 90.1 0.00119 0 -2.000 -1.0000 -1.999 -0.0001 0 NA
95.00 0.10000 95.1 0.00199 0 -2.000 -1.0000 -1.999 -0.0001 0 NA
100.00 0.10000 100.1 0.00316 0 -2.000 -1.0000 -2.000 -0.0001 0 NA
105.00 0.10000 105.1 0.00472 0 -2.000 -1.0000 -1.999 -0.0002 0 NA
110.00 0.10000 110.1 0.00671 0 -2.000 -1.0000 -1.999 -0.0002 0 NA
115.00 0.10000 115.1 0.00913 0 -2.000 -1.0000 -1.999 -0.0002 0 NA
120.00 0.10000 120.1 0.01199 0 -2.000 -1.0000 -1.999 -0.0001 0 NA
125.00 0.10000 125.1 0.01527 0 -2.000 -1.0000 -1.999 -0.0001 0 NA
130.00 0.10000 130.1 0.01896 0 -2.000 -1.0000 -1.999 -0.0002 0 NA
135.00 0.10000 135.1 0.02302 0 -2.000 -1.0000 -1.999 -0.0002 0 NA
140.00 0.10000 140.1 0.02746 0 -2.000 -1.0000 -1.999 -0.0001 0 NA
145.00 0.10000 145.1 0.03209 0 -2.000 -1.0000 -1.999 -0.0002 0 NA
150.00 0.10000 150.1 0.03714 0 -2.000 -1.0000 -2.000 -0.0002 0 NA
155.00 0.09677 155.1 0.04227 0 -2.000 -1.0000 -1.999 -0.0002 0 NA
160.00 0.09375 160.1 0.04746 0 -2.000 -1.0000 -1.999 -0.0002 0 NA
165.00 0.09091 165.1 0.05273 0 -2.000 -1.0000 -1.999 -0.0001 0 NA
170.00 0.08824 170.1 0.05814 0 -2.000 -1.0000 -1.999 -0.0002 0 NA
175.00 0.08571 175.1 0.06419 0 -2.000 -1.0000 -1.999 -0.0002 0 NA
180.00 0.08333 180.1 0.06984 0 -2.000 -1.0000 -1.999 -0.0001 0 NA
185.00 0.08108 185.1 0.07555 0 -2.000 -1.0000 -1.999 -0.0002 0 NA
190.00 0.07895 190.1 0.08137 1 -2.000 -1.0000 -1.999 -0.0001 0 NA
0.00 0.10000 0.1 0.00000 0 -2.500 -1.0000 -2.499 -0.0001 0 NA
5.00 0.10000 5.1 0.00000 0 -2.500 -1.0000 -2.499 -0.0002 0 NA
10.00 0.10000 10.1 0.00000 0 -2.500 -1.0000 -2.499 -0.0001 0 NA
15.00 0.10000 15.1 0.00000 0 -2.500 -1.0000 -2.499 -0.0002 0 NA
20.00 0.10000 20.1 0.00000 0 -2.500 -1.0000 -2.499 -0.0002 0 NA
25.00 0.10000 25.1 0.00000 0 -2.500 -1.0000 -2.499 -0.0001 0 NA
30.00 0.10000 30.1 0.00000 0 -2.500 -1.0000 -2.499 -0.0001 0 NA
35.00 0.10000 35.1 0.00000 0 -2.500 -1.0000 -2.499 -0.0001 0 NA
40.00 0.10000 40.1 0.00000 0 -2.500 -1.0000 -2.499 -0.0002 0 NA
45.00 0.10000 45.0 0.00000 0 -2.500 -1.0000 -2.499 -0.0002 0 NA
50.00 0.10000 50.1 0.00000 0 -2.500 -1.0000 -2.499 -0.0001 0 NA
55.00 0.10000 55.1 0.00000 0 -2.500 -1.0000 -2.499 -0.0002 0 NA
60.00 0.10000 60.1 0.00000 0 -2.500 -1.0000 -2.499 -0.0002 0 NA
65.00 0.10000 65.1 0.00000 0 -2.500 -1.0000 -2.499 -0.0001 0 NA
70.00 0.10000 70.1 0.00000 0 -2.500 -1.0000 -2.499 -0.0002 0 NA
75.00 0.10000 75.1 0.00005 0 -2.500 -1.0000 -2.499 -0.0001 0 NA
80.00 0.10000 80.1 0.00007 0 -2.500 -1.0000 -2.499 -0.0001 0 NA
85.00 0.10000 85.1 0.00010 0 -2.500 -1.0000 -2.499 -0.0002 0 NA
90.00 0.10000 90.1 0.00018 0 -2.500 -1.0000 -2.499 -0.0002 0 NA
95.00 0.10000 95.1 0.00034 0 -2.500 -1.0000 -2.499 -0.0001 0 NA
100.00 0.10000 100.1 0.00062 0 -2.500 -1.0000 -2.499 -0.0001 0 NA
105.00 0.10000 105.1 0.00107 0 -2.500 -1.0000 -2.499 -0.0001 0 NA
110.00 0.10000 110.1 0.00178 0 -2.500 -1.0000 -2.499 -0.0002 0 NA
115.00 0.10000 115.1 0.00281 0 -2.500 -1.0000 -2.499 -0.0001 0 NA
120.00 0.10000 120.1 0.00418 0 -2.500 -1.0000 -2.499 -0.0002 0 NA
125.00 0.10000 125.1 0.00595 0 -2.500 -1.0000 -2.499 -0.0001 0 NA
130.00 0.10000 130.1 0.00811 0 -2.500 -1.0000 -2.499 -0.0001 0 NA
135.00 0.10000 135.1 0.01071 0 -2.500 -1.0000 -2.499 -0.0001 0 NA
140.00 0.10000 140.1 0.01369 0 -2.500 -1.0000 -2.499 -0.0002 0 NA
145.00 0.10000 145.1 0.01705 0 -2.500 -1.0000 -2.499 -0.0001 0 NA
150.00 0.10000 150.1 0.02099 0 -2.500 -1.0000 -2.499 -0.0002 0 NA
155.00 0.09677 155.1 0.02511 0 -2.500 -1.0000 -2.499 -0.0001 0 NA
160.00 0.09375 160.1 0.02964 0 -2.500 -1.0000 -2.499 -0.0002 0 NA
165.00 0.09091 165.1 0.03428 0 -2.500 -1.0000 -2.499 -0.0002 0 NA
170.00 0.08824 170.1 0.03920 0 -2.500 -1.0000 -2.499 -0.0002 0 NA
175.00 0.08571 175.1 0.04418 0 -2.500 -1.0000 -2.499 -0.0002 0 NA
180.00 0.08333 180.1 0.04956 0 -2.500 -1.0000 -2.499 -0.0002 0 NA
185.00 0.08108 185.1 0.05481 0 -2.500 -1.0000 -2.499 -0.0002 0 NA
190.00 0.07895 190.1 0.06031 0 -2.500 -1.0000 -2.499 -0.0001 0 NA
195.00 0.07692 195.1 0.06574 0 -2.500 -1.0000 -2.499 -0.0001 0 NA
200.00 0.07500 200.1 0.07127 0 -2.500 -1.0000 -2.499 -0.0002 0 NA
205.00 0.07317 205.1 0.07714 1 -2.500 -1.0000 -2.499 -0.0002 0 NA
0.00 0.10000 0.1 0.00000 0 -3.000 -1.0000 -3.000 -0.0002 0 NA
5.00 0.10000 5.1 0.00000 0 -3.000 -1.0000 -3.000 -0.0002 0 NA
10.00 0.10000 10.1 0.00000 0 -3.000 -1.0000 -3.000 -0.0002 0 NA
15.00 0.10000 15.1 0.00000 0 -3.000 -1.0000 -3.000 -0.0002 0 NA
20.00 0.10000 20.1 0.00000 0 -3.000 -1.0000 -3.000 -0.0002 0 NA
25.00 0.10000 25.1 0.00000 0 -3.000 -1.0000 -3.000 -0.0001 0 NA
30.00 0.10000 30.1 0.00000 0 -3.000 -1.0000 -3.000 -0.0001 0 NA
35.00 0.10000 35.1 0.00000 0 -3.000 -1.0000 -3.000 -0.0001 0 NA
40.00 0.10000 40.1 0.00000 0 -3.000 -1.0000 -3.000 -0.0002 0 NA
45.00 0.10000 45.0 0.00000 0 -3.000 -1.0000 -3.000 -0.0002 0 NA
50.00 0.10000 50.1 0.00000 0 -3.000 -1.0000 -3.000 -0.0001 0 NA
55.00 0.10000 55.1 0.00000 0 -3.000 -1.0000 -3.000 -0.0002 0 NA
60.00 0.10000 60.1 0.00000 0 -3.000 -1.0000 -3.000 -0.0001 0 NA
65.00 0.10000 65.1 0.00000 0 -3.000 -1.0000 -3.000 -0.0002 0 NA
70.00 0.10000 70.1 0.00000 0 -3.000 -1.0000 -3.000 -0.0002 0 NA
75.00 0.10000 75.1 0.00000 0 -3.000 -1.0000 -3.000 -0.0001 0 NA
80.00 0.10000 80.1 0.00000 0 -3.000 -1.0000 -3.000 -0.0002 0 NA
85.00 0.10000 85.1 0.00000 0 -3.000 -1.0000 -3.000 -0.0001 0 NA
90.00 0.10000 90.1 0.00005 0 -3.000 -1.0000 -3.000 -0.0002 0 NA
95.00 0.10000 95.1 0.00007 0 -3.000 -1.0000 -3.000 -0.0001 0 NA
100.00 0.10000 100.1 0.00010 0 -3.000 -1.0000 -3.000 -0.0001 0 NA
105.00 0.10000 105.1 0.00018 0 -3.000 -1.0000 -3.000 -0.0002 0 NA
110.00 0.10000 110.1 0.00032 0 -3.000 -1.0000 -3.000 -0.0002 0 NA
115.00 0.10000 115.1 0.00056 0 -3.000 -1.0000 -3.000 -0.0001 0 NA
120.00 0.10000 120.1 0.00098 0 -3.000 -1.0000 -3.000 -0.0001 0 NA
125.00 0.10000 125.1 0.00160 0 -3.000 -1.0000 -3.000 -0.0001 0 NA
130.00 0.10000 130.1 0.00249 0 -3.000 -1.0000 -3.000 -0.0002 0 NA
135.00 0.10000 135.1 0.00371 0 -3.000 -1.0000 -3.000 -0.0001 0 NA
140.00 0.10000 140.1 0.00529 0 -3.000 -1.0000 -3.000 -0.0001 0 NA
145.00 0.10000 145.1 0.00723 0 -3.000 -1.0000 -3.000 -0.0001 0 NA
150.00 0.10000 150.1 0.00956 0 -3.000 -1.0000 -3.000 -0.0001 0 NA
155.00 0.09677 155.1 0.01242 0 -3.000 -1.0000 -3.000 -0.0002 0 NA
160.00 0.09375 160.1 0.01553 0 -3.000 -1.0000 -3.000 -0.0001 0 NA
165.00 0.09091 165.1 0.01911 0 -3.000 -1.0000 -3.000 -0.0001 0 NA
170.00 0.08824 170.1 0.02299 0 -3.000 -1.0000 -3.000 -0.0002 0 NA
175.00 0.08571 175.1 0.02711 0 -3.000 -1.0000 -3.000 -0.0002 0 NA
180.00 0.08333 180.1 0.03171 0 -3.000 -1.0000 -3.000 -0.0001 0 NA
185.00 0.08108 185.1 0.03632 0 -3.000 -1.0000 -3.000 -0.0001 0 NA
190.00 0.07895 190.1 0.04123 0 -3.000 -1.0000 -3.000 -0.0001 0 NA
195.00 0.07692 195.1 0.04615 0 -3.000 -1.0000 -3.000 -0.0002 0 NA
200.00 0.07500 200.1 0.05121 0 -3.000 -1.0000 -3.000 -0.0001 0 NA
205.00 0.07317 205.1 0.05658 0 -3.000 -1.0000 -3.000 -0.0002 0 NA
210.00 0.07143 210.1 0.06216 0 -3.000 -1.0000 -3.000 -0.0001 0 NA
215.00 0.06977 208.7 0.06003 1 -3.000 -1.0000 -3.000 -0.0001 0 NA
0.00 0.10000 0.1 0.00000 0 -3.500 -1.0000 -3.500 -0.0002 0 NA
5.00 0.10000 5.1 0.00000 0 -3.500 -1.0000 -3.500 -0.0002 0 NA
10.00 0.10000 10.1 0.00000 0 -3.500 -1.0000 -3.500 -0.0002 0 NA
15.00 0.10000 15.1 0.00000 0 -3.500 -1.0000 -3.500 -0.0001 0 NA
20.00 0.10000 20.1 0.00000 0 -3.500 -1.0000 -3.500 -0.0001 0 NA
25.00 0.10000 25.1 0.00000 0 -3.500 -1.0000 -3.500 -0.0002 0 NA
30.00 0.10000 30.1 0.00000 0 -3.500 -1.0000 -3.500 -0.0001 0 NA
35.00 0.10000 35.1 0.00000 0 -3.500 -1.0000 -3.500 -0.0001 0 NA
40.00 0.10000 40.1 0.00000 0 -3.500 -1.0000 -3.500 -0.0002 0 NA
45.00 0.10000 45.0 0.00000 0 -3.500 -1.0000 -3.500 -0.0002 0 NA
50.00 0.10000 50.1 0.00000 0 -3.500 -1.0000 -3.500 -0.0001 0 NA
55.00 0.10000 55.1 0.00000 0 -3.500 -1.0000 -3.500 -0.0002 0 NA
60.00 0.10000 60.1 0.00000 0 -3.500 -1.0000 -3.500 -0.0001 0 NA
65.00 0.10000 65.1 0.00000 0 -3.500 -1.0000 -3.500 -0.0001 0 NA
70.00 0.10000 70.1 0.00000 0 -3.500 -1.0000 -3.500 -0.0001 0 NA
75.00 0.10000 75.1 0.00000 0 -3.500 -1.0000 -3.500 -0.0001 0 NA
80.00 0.10000 80.1 0.00000 0 -3.500 -1.0000 -3.500 -0.0002 0 NA
85.00 0.10000 85.1 0.00000 0 -3.500 -1.0000 -3.500 -0.0002 0 NA
90.00 0.10000 90.1 0.00000 0 -3.500 -1.0000 -3.500 -0.0001 0 NA
95.00 0.10000 95.1 0.00000 0 -3.500 -1.0000 -3.500 -0.0001 0 NA
100.00 0.10000 100.1 0.00000 0 -3.500 -1.0000 -3.500 -0.0002 0 NA
105.00 0.10000 105.1 0.00005 0 -3.500 -1.0000 -3.500 -0.0002 0 NA
110.00 0.10000 110.1 0.00007 0 -3.500 -1.0000 -3.500 -0.0001 0 NA
115.00 0.10000 115.1 0.00011 0 -3.500 -1.0000 -3.500 -0.0002 0 NA
120.00 0.10000 120.1 0.00018 0 -3.500 -1.0000 -3.500 -0.0002 0 NA
125.00 0.10000 125.1 0.00031 0 -3.500 -1.0000 -3.500 -0.0001 0 NA
130.00 0.10000 130.1 0.00054 0 -3.500 -1.0000 -3.500 -0.0001 0 NA
135.00 0.10000 135.1 0.00091 0 -3.500 -1.0000 -3.500 -0.0001 0 NA
140.00 0.10000 140.1 0.00147 0 -3.500 -1.0000 -3.500 -0.0001 0 NA
145.00 0.10000 145.1 0.00227 0 -3.500 -1.0000 -3.500 -0.0002 0 NA
150.00 0.10000 150.1 0.00337 0 -3.500 -1.0000 -3.500 -0.0001 0 NA
155.00 0.09677 155.1 0.00478 0 -3.500 -1.0000 -3.500 -0.0001 0 NA
160.00 0.09375 160.1 0.00656 0 -3.500 -1.0000 -3.500 -0.0001 0 NA
165.00 0.09091 165.1 0.00870 0 -3.500 -1.0000 -3.500 -0.0002 0 NA
170.00 0.08824 170.1 0.01128 0 -3.500 -1.0000 -3.500 -0.0001 0 NA
175.00 0.08571 175.1 0.01418 0 -3.500 -1.0000 -3.500 -0.0001 0 NA
180.00 0.08333 180.1 0.01740 0 -3.500 -1.0000 -3.500 -0.0001 0 NA
185.00 0.08108 185.1 0.02111 0 -3.500 -1.0000 -3.500 -0.0002 0 NA
190.00 0.07895 190.1 0.02499 0 -3.500 -1.0000 -3.500 -0.0001 0 NA
195.00 0.07692 195.1 0.02919 0 -3.500 -1.0000 -3.500 -0.0002 0 NA
200.00 0.07500 200.1 0.03357 0 -3.500 -1.0000 -3.500 -0.0002 0 NA
205.00 0.07317 205.1 0.03819 0 -3.500 -1.0000 -3.500 -0.0002 0 NA
210.00 0.07143 210.1 0.04314 0 -3.500 -1.0000 -3.500 -0.0001 0 NA
215.00 0.06977 215.1 0.04804 0 -3.500 -1.0000 -3.500 -0.0001 0 NA
220.00 0.06818 220.1 0.05319 0 -3.500 -1.0000 -3.500 -0.0001 0 NA
225.00 0.06667 225.1 0.05830 0 -3.500 -1.0000 -3.500 -0.0001 0 NA
230.00 0.06522 227.2 0.06003 1 -3.500 -1.0000 -3.500 -0.0002 0 NA
0.00 0.10000 0.1 0.00000 0 -4.000 -1.0000 -4.000 -0.0001 0 NA
5.00 0.10000 5.1 0.00000 0 -4.000 -1.0000 -4.000 -0.0002 0 NA
10.00 0.10000 10.1 0.00000 0 -4.000 -1.0000 -4.000 -0.0001 0 NA
15.00 0.10000 15.1 0.00000 0 -4.000 -1.0000 -4.000 -0.0002 0 NA
20.00 0.10000 20.1 0.00000 0 -4.000 -1.0000 -4.000 -0.0002 0 NA
25.00 0.10000 25.1 0.00000 0 -4.000 -1.0000 -4.000 -0.0002 0 NA
30.00 0.10000 30.1 0.00000 0 -4.000 -1.0000 -4.000 -0.0001 0 NA
35.00 0.10000 35.1 0.00000 0 -4.000 -1.0000 -4.000 -0.0001 0 NA
40.00 0.10000 40.1 0.00000 0 -4.000 -1.0000 -4.000 -0.0002 0 NA
45.00 0.10000 45.0 0.00000 0 -4.000 -1.0000 -4.000 -0.0001 0 NA
50.00 0.10000 50.1 0.00000 0 -4.000 -1.0000 -4.000 -0.0002 0 NA
55.00 0.10000 55.1 0.00000 0 -4.000 -1.0000 -4.000 -0.0002 0 NA
60.00 0.10000 60.1 0.00000 0 -4.000 -1.0000 -4.000 -0.0001 0 NA
65.00 0.10000 65.1 0.00000 0 -4.000 -1.0000 -4.000 -0.0001 0 NA
70.00 0.10000 70.1 0.00000 0 -4.000 -1.0000 -4.000 -0.0001 0 NA
75.00 0.10000 75.1 0.00000 0 -4.000 -1.0000 -4.000 -0.0001 0 NA
80.00 0.10000 80.1 0.00000 0 -4.000 -1.0000 -4.000 -0.0002 0 NA
85.00 0.10000 85.1 0.00000 0 -4.000 -1.0000 -4.000 -0.0001 0 NA
90.00 0.10000 90.1 0.00000 0 -4.000 -1.0000 -4.000 -0.0001 0 NA
95.00 0.10000 95.1 0.00000 0 -4.000 -1.0000 -4.000 -0.0002 0 NA
100.00 0.10000 100.1 0.00000 0 -4.000 -1.0000 -4.000 -0.0002 0 NA
105.00 0.10000 105.1 0.00000 0 -4.000 -1.0000 -4.000 -0.0001 0 NA
110.00 0.10000 110.1 0.00000 0 -4.000 -1.0000 -4.000 -0.0002 0 NA
115.00 0.10000 115.1 0.00000 0 -4.000 -1.0000 -4.000 -0.0002 0 NA
120.00 0.10000 120.1 0.00005 0 -4.000 -1.0000 -4.000 -0.0002 0 NA
125.00 0.10000 125.1 0.00007 0 -4.000 -1.0000 -4.000 -0.0002 0 NA
130.00 0.10000 130.1 0.00011 0 -4.000 -1.0000 -4.000 -0.0001 0 NA
135.00 0.10000 135.1 0.00017 0 -4.000 -1.0000 -4.000 -0.0002 0 NA
140.00 0.10000 140.1 0.00029 0 -4.000 -1.0000 -4.000 -0.0001 0 NA
145.00 0.10000 145.1 0.00050 0 -4.000 -1.0000 -4.000 -0.0001 0 NA
150.00 0.10000 150.1 0.00084 0 -4.000 -1.0000 -4.000 -0.0001 0 NA
155.00 0.09677 155.1 0.00134 0 -4.000 -1.0000 -4.000 -0.0002 0 NA
160.00 0.09375 160.1 0.00205 0 -4.000 -1.0000 -4.000 -0.0002 0 NA
165.00 0.09091 165.1 0.00304 0 -4.000 -1.0000 -4.001 -0.0001 0 NA
170.00 0.08824 170.1 0.00432 0 -4.000 -1.0000 -4.000 -0.0002 0 NA
175.00 0.08571 175.1 0.00598 0 -4.000 -1.0000 -4.000 -0.0002 0 NA
180.00 0.08333 180.1 0.00794 0 -4.000 -1.0000 -4.000 -0.0001 0 NA
185.00 0.08108 185.1 0.01024 0 -4.000 -1.0000 -4.000 -0.0002 0 NA
190.00 0.07895 190.1 0.01303 0 -4.000 -1.0000 -4.000 -0.0001 0 NA
195.00 0.07692 195.1 0.01605 0 -4.000 -1.0000 -4.000 -0.0001 0 NA
200.00 0.07500 200.1 0.01937 0 -4.000 -1.0000 -4.000 -0.0001 0 NA
205.00 0.07317 205.1 0.02299 0 -4.000 -1.0000 -4.000 -0.0001 0 NA
210.00 0.07143 210.1 0.02713 0 -4.000 -1.0000 -4.000 -0.0001 0 NA
215.00 0.06977 215.1 0.03133 0 -4.000 -1.0000 -4.000 -0.0002 0 NA
220.00 0.06818 220.1 0.03569 0 -4.000 -1.0000 -4.000 -0.0002 0 NA
225.00 0.06667 225.1 0.04035 0 -4.000 -1.0000 -4.000 -0.0001 0 NA
230.00 0.06522 230.1 0.04503 0 -4.000 -1.0000 -4.000 -0.0001 0 NA
235.00 0.06383 235.1 0.04982 0 -4.000 -1.0000 -4.000 -0.0002 0 NA
240.00 0.06250 240.1 0.05472 0 -4.000 -1.0000 -4.000 -0.0001 0 NA
245.00 0.06122 245.1 0.05988 0 -4.000 -1.0000 -4.000 -0.0002 0 NA
250.00 0.06000 245.9 0.06003 1 -4.000 -1.0000 -4.000 -0.0002 0 NA
0.00 0.10000 0.2 0.00000 0 -4.500 -1.0000 -4.499 -0.0002 0 NA
5.00 0.10000 5.1 0.00000 0 -4.500 -1.0000 -4.499 -0.0001 0 NA
10.00 0.10000 10.1 0.00000 0 -4.500 -1.0000 -4.499 -0.0001 0 NA
15.00 0.10000 15.1 0.00000 0 -4.500 -1.0000 -4.499 -0.0002 0 NA
20.00 0.10000 20.1 0.00000 0 -4.500 -1.0000 -4.500 -0.0001 0 NA
25.00 0.10000 25.1 0.00000 0 -4.500 -1.0000 -4.500 -0.0002 0 NA
30.00 0.10000 30.1 0.00000 0 -4.500 -1.0000 -4.499 -0.0002 0 NA
35.00 0.10000 35.1 0.00000 0 -4.500 -1.0000 -4.500 -0.0002 0 NA
40.00 0.10000 40.1 0.00000 0 -4.500 -1.0000 -4.500 -0.0001 0 NA
45.00 0.10000 45.0 0.00000 0 -4.500 -1.0000 -4.499 -0.0001 0 NA
50.00 0.10000 50.1 0.00000 0 -4.500 -1.0000 -4.500 -0.0001 0 NA
55.00 0.10000 55.1 0.00000 0 -4.500 -1.0000 -4.499 -0.0002 0 NA
60.00 0.10000 60.1 0.00000 0 -4.500 -1.0000 -4.500 -0.0001 0 NA
65.00 0.10000 65.1 0.00000 0 -4.500 -1.0000 -4.499 -0.0002 0 NA
70.00 0.10000 70.1 0.00000 0 -4.500 -1.0000 -4.499 -0.0002 0 NA
75.00 0.10000 75.1 0.00000 0 -4.500 -1.0000 -4.499 -0.0001 0 NA
80.00 0.10000 80.1 0.00000 0 -4.500 -1.0000 -4.499 -0.0001 0 NA
85.00 0.10000 85.1 0.00000 0 -4.500 -1.0000 -4.500 -0.0001 0 NA
90.00 0.10000 90.1 0.00000 0 -4.500 -1.0000 -4.499 -0.0002 0 NA
95.00 0.10000 95.1 0.00000 0 -4.500 -1.0000 -4.500 -0.0001 0 NA
100.00 0.10000 100.1 0.00000 0 -4.500 -1.0000 -4.500 -0.0002 0 NA
105.00 0.10000 105.1 0.00000 0 -4.500 -1.0000 -4.500 -0.0001 0 NA
110.00 0.10000 110.1 0.00000 0 -4.500 -1.0000 -4.500 -0.0002 0 NA
115.00 0.10000 115.1 0.00000 0 -4.500 -1.0000 -4.500 -0.0002 0 NA
120.00 0.10000 120.1 0.00000 0 -4.500 -1.0000 -4.500 -0.0001 0 NA
125.00 0.10000 125.1 0.00000 0 -4.500 -1.0000 -4.500 -0.0001 0 NA
130.00 0.10000 130.1 0.00000 0 -4.500 -1.0000 -4.500 -0.0002 0 NA
135.00 0.10000 135.1 0.00005 0 -4.500 -1.0000 -4.500 -0.0002 0 NA
140.00 0.10000 140.1 0.00007 0 -4.500 -1.0000 -4.500 -0.0001 0 NA
145.00 0.10000 145.1 0.00011 0 -4.500 -1.0000 -4.500 -0.0001 0 NA
150.00 0.10000 150.1 0.00018 0 -4.500 -1.0000 -4.500 -0.0002 0 NA
155.00 0.09677 155.1 0.00029 0 -4.500 -1.0000 -4.499 -0.0002 0 NA
160.00 0.09375 160.1 0.00049 0 -4.500 -1.0000 -4.500 -0.0002 0 NA
165.00 0.09091 165.1 0.00080 0 -4.500 -1.0000 -4.499 -0.0002 0 NA
170.00 0.08824 170.1 0.00127 0 -4.500 -1.0000 -4.500 -0.0002 0 NA
175.00 0.08571 175.1 0.00192 0 -4.500 -1.0000 -4.499 -0.0002 0 NA
180.00 0.08333 180.1 0.00283 0 -4.500 -1.0000 -4.500 -0.0002 0 NA
185.00 0.08108 185.1 0.00400 0 -4.500 -1.0000 -4.500 -0.0001 0 NA
190.00 0.07895 190.1 0.00554 0 -4.500 -1.0000 -4.500 -0.0001 0 NA
195.00 0.07692 195.1 0.00735 0 -4.500 -1.0000 -4.499 -0.0001 0 NA
200.00 0.07500 200.1 0.00949 0 -4.500 -1.0000 -4.499 -0.0002 0 NA
205.00 0.07317 205.1 0.01199 0 -4.500 -1.0000 -4.499 -0.0001 0 NA
210.00 0.07143 210.1 0.01476 0 -4.500 -1.0000 -4.500 -0.0002 0 NA
215.00 0.06977 215.1 0.01806 0 -4.500 -1.0000 -4.500 -0.0001 0 NA
220.00 0.06818 220.1 0.02145 0 -4.500 -1.0000 -4.499 -0.0001 0 NA
225.00 0.06667 225.1 0.02520 0 -4.500 -1.0000 -4.500 -0.0002 0 NA
230.00 0.06522 230.1 0.02912 0 -4.500 -1.0000 -4.499 -0.0001 0 NA
235.00 0.06383 235.1 0.03324 0 -4.500 -1.0000 -4.499 -0.0002 0 NA
240.00 0.06250 240.1 0.03751 0 -4.500 -1.0000 -4.499 -0.0001 0 NA
245.00 0.06122 245.1 0.04199 0 -4.500 -1.0000 -4.499 -0.0001 0 NA
250.00 0.06000 250.1 0.04661 0 -4.500 -1.0000 -4.500 -0.0002 0 NA
255.00 0.05882 255.1 0.05131 0 -4.500 -1.0000 -4.500 -0.0001 0 NA
260.00 0.05769 260.1 0.05635 0 -4.500 -1.0000 -4.500 -0.0002 0 NA
265.00 0.05660 265.1 0.06128 1 -4.500 -1.0000 -4.500 -0.0002 0 NA
0.00 0.10000 0.1 0.00000 0 -5.000 -1.0000 -5.000 -0.0001 0 NA
5.00 0.10000 5.1 0.00000 0 -5.000 -1.0000 -4.999 -0.0001 0 NA
10.00 0.10000 10.1 0.00000 0 -5.000 -1.0000 -5.000 -0.0002 0 NA
15.00 0.10000 15.1 0.00000 0 -5.000 -1.0000 -4.999 -0.0002 0 NA
20.00 0.10000 20.1 0.00000 0 -5.000 -1.0000 -5.000 -0.0001 0 NA
25.00 0.10000 25.1 0.00000 0 -5.000 -1.0000 -4.999 -0.0001 0 NA
30.00 0.10000 30.1 0.00000 0 -5.000 -1.0000 -4.999 -0.0002 0 NA
35.00 0.10000 35.1 0.00000 0 -5.000 -1.0000 -5.000 -0.0002 0 NA
40.00 0.10000 40.1 0.00000 0 -5.000 -1.0000 -4.999 -0.0002 0 NA
45.00 0.10000 45.0 0.00000 0 -5.000 -1.0000 -4.999 -0.0002 0 NA
50.00 0.10000 50.1 0.00000 0 -5.000 -1.0000 -4.999 -0.0002 0 NA
55.00 0.10000 55.1 0.00000 0 -5.000 -1.0000 -4.999 -0.0001 0 NA
60.00 0.10000 60.1 0.00000 0 -5.000 -1.0000 -5.000 -0.0001 0 NA
65.00 0.10000 65.1 0.00000 0 -5.000 -1.0000 -4.999 -0.0001 0 NA
70.00 0.10000 70.1 0.00000 0 -5.000 -1.0000 -5.000 -0.0002 0 NA
75.00 0.10000 75.1 0.00000 0 -5.000 -1.0000 -4.999 -0.0002 0 NA
80.00 0.10000 80.1 0.00000 0 -5.000 -1.0000 -4.999 -0.0001 0 NA
85.00 0.10000 85.1 0.00000 0 -5.000 -1.0000 -4.999 -0.0002 0 NA
90.00 0.10000 90.1 0.00000 0 -5.000 -1.0000 -4.999 -0.0001 0 NA
95.00 0.10000 95.1 0.00000 0 -5.000 -1.0000 -4.999 -0.0002 0 NA
100.00 0.10000 100.1 0.00000 0 -5.000 -1.0000 -4.999 -0.0001 0 NA
105.00 0.10000 105.1 0.00000 0 -5.000 -1.0000 -5.000 -0.0001 0 NA
110.00 0.10000 110.1 0.00000 0 -5.000 -1.0000 -4.999 -0.0002 0 NA
115.00 0.10000 115.1 0.00000 0 -5.000 -1.0000 -4.999 -0.0002 0 NA
120.00 0.10000 120.1 0.00000 0 -5.000 -1.0000 -4.999 -0.0002 0 NA
125.00 0.10000 125.1 0.00000 0 -5.000 -1.0000 -5.000 -0.0001 0 NA
130.00 0.10000 130.1 0.00000 0 -5.000 -1.0000 -5.000 -0.0001 0 NA
135.00 0.10000 135.1 0.00000 0 -5.000 -1.0000 -4.999 -0.0001 0 NA
140.00 0.10000 140.1 0.00000 0 -5.000 -1.0000 -4.999 -0.0001 0 NA
145.00 0.10000 145.1 0.00000 0 -5.000 -1.0000 -4.999 -0.0001 0 NA
150.00 0.10000 150.1 0.00006 0 -5.000 -1.0000 -4.999 -0.0002 0 NA
155.00 0.09677 155.1 0.00007 0 -5.000 -1.0000 -5.000 -0.0001 0 NA
160.00 0.09375 160.1 0.00011 0 -5.000 -1.0000 -4.999 -0.0001 0 NA
165.00 0.09091 165.1 0.00018 0 -5.000 -1.0000 -5.000 -0.0001 0 NA
170.00 0.08824 170.1 0.00029 0 -5.000 -1.0000 -4.999 -0.0001 0 NA
175.00 0.08571 175.1 0.00049 0 -5.000 -1.0000 -4.999 -0.0001 0 NA
180.00 0.08333 180.1 0.00078 0 -5.000 -1.0000 -4.999 -0.0001 0 NA
185.00 0.08108 185.1 0.00123 0 -5.000 -1.0000 -4.999 -0.0002 0 NA
190.00 0.07895 190.1 0.00185 0 -5.000 -1.0000 -4.999 -0.0002 0 NA
195.00 0.07692 195.1 0.00270 0 -5.000 -1.0000 -4.999 -0.0001 0 NA
200.00 0.07500 200.1 0.00381 0 -5.000 -1.0000 -5.000 -0.0001 0 NA
205.00 0.07317 205.1 0.00520 0 -5.000 -1.0000 -4.999 -0.0001 0 NA
210.00 0.07143 210.1 0.00688 0 -5.000 -1.0000 -5.000 -0.0001 0 NA
215.00 0.06977 215.1 0.00886 0 -5.000 -1.0000 -4.999 -0.0001 0 NA
220.00 0.06818 220.1 0.01119 0 -5.000 -1.0000 -4.999 -0.0001 0 NA
225.00 0.06667 225.1 0.01380 0 -5.000 -1.0000 -5.000 -0.0002 0 NA
230.00 0.06522 230.1 0.01670 0 -5.000 -1.0000 -4.999 -0.0002 0 NA
235.00 0.06383 235.1 0.01987 0 -5.000 -1.0000 -5.000 -0.0002 0 NA
240.00 0.06250 240.1 0.02339 0 -5.000 -1.0000 -5.000 -0.0002 0 NA
245.00 0.06122 245.1 0.02706 0 -5.000 -1.0000 -4.999 -0.0001 0 NA
250.00 0.06000 250.1 0.03096 0 -5.000 -1.0000 -5.000 -0.0002 0 NA
255.00 0.05882 255.1 0.03502 0 -5.000 -1.0000 -4.999 -0.0001 0 NA
260.00 0.05769 260.1 0.03940 0 -5.000 -1.0000 -5.000 -0.0002 0 NA
265.00 0.05660 265.1 0.04376 0 -5.000 -1.0000 -4.999 -0.0001 0 NA
270.00 0.05556 270.1 0.04826 0 -5.000 -1.0000 -5.000 -0.0001 0 NA
275.00 0.05455 275.1 0.05308 0 -5.000 -1.0000 -5.000 -0.0001 0 NA
280.00 0.05357 280.1 0.05780 1 -5.000 -1.0000 -5.000 -0.0002 0 NA
0.00 0.10000 0.1 0.00000 0 -5.500 -0.9091 -5.500 -0.0002 0 NA
5.00 0.10000 5.1 0.00000 0 -5.500 -0.9091 -5.500 -0.0002 0 NA
10.00 0.10000 10.1 0.00000 0 -5.500 -0.9091 -5.500 -0.0002 0 NA
15.00 0.10000 15.1 0.00000 0 -5.500 -0.9091 -5.500 -0.0002 0 NA
20.00 0.10000 20.1 0.00000 0 -5.500 -0.9091 -5.500 -0.0001 0 NA
25.00 0.10000 25.1 0.00000 0 -5.500 -0.9091 -5.500 -0.0001 0 NA
30.00 0.10000 30.1 0.00000 0 -5.500 -0.9091 -5.500 -0.0002 0 NA
35.00 0.10000 35.1 0.00000 0 -5.500 -0.9091 -5.500 -0.0002 0 NA
40.00 0.10000 40.1 0.00000 0 -5.500 -0.9091 -5.500 -0.0001 0 NA
45.00 0.10000 45.0 0.00000 0 -5.500 -0.9091 -5.500 -0.0001 0 NA
50.00 0.10000 50.1 0.00000 0 -5.500 -0.9091 -5.500 -0.0002 0 NA
55.00 0.10000 55.1 0.00000 0 -5.500 -0.9091 -5.500 -0.0002 0 NA
60.00 0.10000 60.1 0.00000 0 -5.500 -0.9091 -5.500 -0.0001 0 NA
65.00 0.10000 65.1 0.00000 0 -5.500 -0.9091 -5.500 -0.0002 0 NA
70.00 0.10000 70.1 0.00000 0 -5.500 -0.9091 -5.500 -0.0001 0 NA
75.00 0.10000 75.1 0.00000 0 -5.500 -0.9091 -5.500 -0.0001 0 NA
80.00 0.10000 80.1 0.00000 0 -5.500 -0.9091 -5.500 -0.0001 0 NA
85.00 0.10000 85.1 0.00000 0 -5.500 -0.9091 -5.500 -0.0001 0 NA
90.00 0.10000 90.1 0.00000 0 -5.500 -0.9091 -5.500 -0.0001 0 NA
95.00 0.10000 95.1 0.00000 0 -5.500 -0.9091 -5.500 -0.0001 0 NA
100.00 0.10000 100.1 0.00000 0 -5.500 -0.9091 -5.500 -0.0002 0 NA
105.00 0.10000 105.1 0.00000 0 -5.500 -0.9091 -5.500 -0.0002 0 NA
110.00 0.10000 110.1 0.00000 0 -5.500 -0.9091 -5.500 -0.0001 0 NA
115.00 0.10000 115.1 0.00000 0 -5.500 -0.9091 -5.500 -0.0002 0 NA
120.00 0.10000 120.1 0.00000 0 -5.500 -0.9091 -5.500 -0.0001 0 NA
125.00 0.10000 125.1 0.00000 0 -5.500 -0.9091 -5.500 -0.0002 0 NA
130.00 0.10000 130.1 0.00000 0 -5.500 -0.9091 -5.500 -0.0002 0 NA
135.00 0.10000 135.1 0.00000 0 -5.500 -0.9091 -5.500 -0.0001 0 NA
140.00 0.10000 140.1 0.00000 0 -5.500 -0.9091 -5.500 -0.0001 0 NA
145.00 0.10000 145.1 0.00000 0 -5.500 -0.9091 -5.500 -0.0001 0 NA
150.00 0.10000 150.1 0.00000 0 -5.500 -0.9091 -5.500 -0.0001 0 NA
155.00 0.09677 155.1 0.00000 0 -5.500 -0.9091 -5.500 -0.0001 0 NA
160.00 0.09375 160.1 0.00005 0 -5.500 -0.9091 -5.500 -0.0002 0 NA
165.00 0.09091 165.1 0.00006 0 -5.500 -0.9091 -5.500 -0.0001 0 NA
170.00 0.08824 170.1 0.00007 0 -5.500 -0.9091 -5.500 -0.0001 0 NA
175.00 0.08571 175.1 0.00012 0 -5.500 -0.9091 -5.500 -0.0001 0 NA
180.00 0.08333 180.1 0.00018 0 -5.500 -0.9091 -5.500 -0.0001 0 NA
185.00 0.08108 185.1 0.00028 0 -5.500 -0.9091 -5.500 -0.0001 0 NA
190.00 0.07895 190.1 0.00047 0 -5.500 -0.9091 -5.500 -0.0002 0 NA
195.00 0.07692 195.1 0.00074 0 -5.500 -0.9091 -5.500 -0.0001 0 NA
200.00 0.07500 200.1 0.00114 0 -5.500 -0.9091 -5.500 -0.0001 0 NA
205.00 0.07317 205.1 0.00172 0 -5.500 -0.9091 -5.500 -0.0002 0 NA
210.00 0.07143 210.1 0.00249 0 -5.500 -0.9091 -5.500 -0.0001 0 NA
215.00 0.06977 215.1 0.00350 0 -5.500 -0.9091 -5.500 -0.0001 0 NA
220.00 0.06818 220.1 0.00476 0 -5.500 -0.9091 -5.500 -0.0001 0 NA
225.00 0.06667 225.1 0.00631 0 -5.500 -0.9091 -5.500 -0.0002 0 NA
230.00 0.06522 230.1 0.00815 0 -5.500 -0.9091 -5.500 -0.0002 0 NA
235.00 0.06383 235.1 0.01028 0 -5.500 -0.9091 -5.500 -0.0001 0 NA
240.00 0.06250 240.1 0.01273 0 -5.500 -0.9091 -5.500 -0.0001 0 NA
245.00 0.06122 245.1 0.01543 0 -5.500 -0.9091 -5.500 -0.0002 0 NA
250.00 0.06000 250.1 0.01840 0 -5.500 -0.9091 -5.500 -0.0001 0 NA
255.00 0.05882 255.1 0.02161 0 -5.500 -0.9091 -5.500 -0.0002 0 NA
260.00 0.05769 260.1 0.02515 0 -5.500 -0.9091 -5.500 -0.0001 0 NA
265.00 0.05660 265.1 0.02881 0 -5.500 -0.9091 -5.500 -0.0001 0 NA
270.00 0.05556 270.1 0.03266 0 -5.500 -0.9091 -5.500 -0.0002 0 NA
275.00 0.05455 275.1 0.03683 0 -5.500 -0.9091 -5.500 -0.0001 0 NA
280.00 0.05357 280.1 0.04101 0 -5.500 -0.9091 -5.500 -0.0001 0 NA
285.00 0.05263 285.1 0.04528 0 -5.500 -0.9091 -5.500 -0.0001 0 NA
290.00 0.05172 290.1 0.04968 0 -5.500 -0.9091 -5.500 -0.0002 0 NA
295.00 0.05085 295.1 0.05437 1 -5.500 -0.9091 -5.500 -0.0001 0 NA
0.00 0.10000 0.1 0.00000 0 -6.000 -0.8333 -6.000 -0.0001 0 NA
5.00 0.10000 5.1 0.00000 0 -6.000 -0.8333 -6.000 -0.0001 0 NA
10.00 0.10000 10.1 0.00000 0 -6.000 -0.8333 -6.000 -0.0001 0 NA
15.00 0.10000 15.1 0.00000 0 -6.000 -0.8333 -6.000 -0.0001 0 NA
20.00 0.10000 20.1 0.00000 0 -6.000 -0.8333 -6.000 -0.0001 0 NA
25.00 0.10000 25.1 0.00000 0 -6.000 -0.8333 -6.000 -0.0002 0 NA
30.00 0.10000 30.1 0.00000 0 -6.000 -0.8333 -6.000 -0.0001 0 NA
35.00 0.10000 35.1 0.00000 0 -6.000 -0.8333 -6.000 -0.0001 0 NA
40.00 0.10000 40.1 0.00000 0 -6.000 -0.8333 -6.000 -0.0002 0 NA
45.00 0.10000 45.0 0.00000 0 -6.000 -0.8333 -6.000 -0.0001 0 NA
50.00 0.10000 50.1 0.00000 0 -6.000 -0.8333 -6.000 -0.0001 0 NA
55.00 0.10000 55.1 0.00000 0 -6.000 -0.8333 -6.000 -0.0002 0 NA
60.00 0.10000 60.1 0.00000 0 -6.000 -0.8333 -6.000 -0.0001 0 NA
65.00 0.10000 65.1 0.00000 0 -6.000 -0.8333 -6.000 -0.0002 0 NA
70.00 0.10000 70.1 0.00000 0 -6.000 -0.8333 -6.000 -0.0002 0 NA
75.00 0.10000 75.1 0.00000 0 -6.000 -0.8333 -6.000 -0.0001 0 NA
80.00 0.10000 80.1 0.00000 0 -6.000 -0.8333 -6.000 -0.0001 0 NA
85.00 0.10000 85.1 0.00000 0 -6.000 -0.8333 -6.000 -0.0002 0 NA
90.00 0.10000 90.1 0.00000 0 -6.000 -0.8333 -6.000 -0.0002 0 NA
95.00 0.10000 95.1 0.00000 0 -6.000 -0.8333 -6.000 -0.0002 0 NA
100.00 0.10000 100.1 0.00000 0 -6.000 -0.8333 -6.000 -0.0001 0 NA
105.00 0.10000 105.1 0.00000 0 -6.000 -0.8333 -6.000 -0.0002 0 NA
110.00 0.10000 110.1 0.00000 0 -6.000 -0.8333 -6.000 -0.0001 0 NA
115.00 0.10000 115.1 0.00000 0 -6.000 -0.8333 -6.000 -0.0001 0 NA
120.00 0.10000 120.1 0.00000 0 -6.000 -0.8333 -6.000 -0.0002 0 NA
125.00 0.10000 125.1 0.00000 0 -6.000 -0.8333 -6.000 -0.0002 0 NA
130.00 0.10000 130.1 0.00000 0 -6.000 -0.8333 -6.000 -0.0002 0 NA
135.00 0.10000 135.1 0.00000 0 -6.000 -0.8333 -6.000 -0.0001 0 NA
140.00 0.10000 140.1 0.00000 0 -6.000 -0.8333 -6.000 -0.0002 0 NA
145.00 0.10000 145.1 0.00000 0 -6.000 -0.8333 -6.000 -0.0001 0 NA
150.00 0.10000 150.1 0.00000 0 -6.000 -0.8333 -6.000 -0.0002 0 NA
155.00 0.09677 155.1 0.00000 0 -6.000 -0.8333 -6.000 -0.0002 0 NA
160.00 0.09375 160.1 0.00000 0 -6.000 -0.8333 -6.000 -0.0001 0 NA
165.00 0.09091 165.1 0.00000 0 -6.000 -0.8333 -6.000 -0.0001 0 NA
170.00 0.08824 170.1 0.00000 0 -6.000 -0.8333 -6.000 -0.0001 0 NA
175.00 0.08571 175.1 0.00005 0 -6.000 -0.8333 -6.000 -0.0001 0 NA
180.00 0.08333 180.1 0.00006 0 -6.000 -0.8333 -6.000 -0.0002 0 NA
185.00 0.08108 185.1 0.00007 0 -6.000 -0.8333 -6.000 -0.0002 0 NA
190.00 0.07895 190.1 0.00012 0 -6.000 -0.8333 -6.000 -0.0001 0 NA
195.00 0.07692 195.1 0.00018 0 -6.000 -0.8333 -6.000 -0.0001 0 NA
200.00 0.07500 200.1 0.00028 0 -6.000 -0.8333 -6.000 -0.0002 0 NA
205.00 0.07317 205.1 0.00045 0 -6.000 -0.8333 -6.000 -0.0001 0 NA
210.00 0.07143 210.1 0.00071 0 -6.000 -0.8333 -6.000 -0.0002 0 NA
215.00 0.06977 215.1 0.00107 0 -6.000 -0.8333 -6.000 -0.0001 0 NA
220.00 0.06818 220.1 0.00160 0 -6.000 -0.8333 -6.000 -0.0001 0 NA
225.00 0.06667 225.1 0.00230 0 -6.000 -0.8333 -6.000 -0.0001 0 NA
230.00 0.06522 230.1 0.00322 0 -6.000 -0.8333 -6.000 -0.0001 0 NA
235.00 0.06383 235.1 0.00440 0 -6.000 -0.8333 -6.000 -0.0002 0 NA
240.00 0.06250 240.1 0.00581 0 -6.000 -0.8333 -6.000 -0.0001 0 NA
245.00 0.06122 245.1 0.00749 0 -6.000 -0.8333 -6.000 -0.0001 0 NA
250.00 0.06000 250.1 0.00946 0 -6.000 -0.8333 -6.000 -0.0001 0 NA
255.00 0.05882 255.1 0.01172 0 -6.000 -0.8333 -6.000 -0.0001 0 NA
260.00 0.05769 260.1 0.01425 0 -6.000 -0.8333 -6.000 -0.0001 0 NA
265.00 0.05660 265.1 0.01701 0 -6.000 -0.8333 -6.000 -0.0001 0 NA
270.00 0.05556 270.1 0.02011 0 -6.000 -0.8333 -6.000 -0.0002 0 NA
275.00 0.05455 275.1 0.02335 0 -6.000 -0.8333 -6.000 -0.0001 0 NA
280.00 0.05357 280.1 0.02681 0 -6.000 -0.8333 -6.000 -0.0002 0 NA
285.00 0.05263 285.1 0.03042 0 -6.000 -0.8333 -6.000 -0.0001 0 NA
290.00 0.05172 290.1 0.03437 0 -6.000 -0.8333 -6.000 -0.0002 0 NA
295.00 0.05085 295.1 0.03832 0 -6.000 -0.8333 -6.000 -0.0001 0 NA
300.00 0.05000 298.6 0.04081 1 -6.000 -0.8333 -6.000 -0.0001 0 NA
0.00 0.10000 0.1 0.00000 0 -6.500 -0.7692 -6.500 -0.0001 0 NA
5.00 0.10000 5.1 0.00000 0 -6.500 -0.7692 -6.500 -0.0002 0 NA
10.00 0.10000 10.1 0.00000 0 -6.500 -0.7692 -6.500 -0.0002 0 NA
15.00 0.10000 15.1 0.00000 0 -6.500 -0.7692 -6.500 -0.0001 0 NA
20.00 0.10000 20.1 0.00000 0 -6.500 -0.7692 -6.500 -0.0001 0 NA
25.00 0.10000 25.1 0.00000 0 -6.500 -0.7692 -6.500 -0.0001 0 NA
30.00 0.10000 30.1 0.00000 0 -6.500 -0.7692 -6.500 -0.0001 0 NA
35.00 0.10000 35.1 0.00000 0 -6.500 -0.7692 -6.500 -0.0001 0 NA
40.00 0.10000 40.1 0.00000 0 -6.500 -0.7692 -6.500 -0.0001 0 NA
45.00 0.10000 45.0 0.00000 0 -6.500 -0.7692 -6.500 -0.0002 0 NA
50.00 0.10000 50.1 0.00000 0 -6.500 -0.7692 -6.500 -0.0001 0 NA
55.00 0.10000 55.1 0.00000 0 -6.500 -0.7692 -6.500 -0.0001 0 NA
60.00 0.10000 60.1 0.00000 0 -6.500 -0.7692 -6.500 -0.0001 0 NA
65.00 0.10000 65.1 0.00000 0 -6.500 -0.7692 -6.500 -0.0001 0 NA
70.00 0.10000 70.1 0.00000 0 -6.500 -0.7692 -6.500 -0.0002 0 NA
75.00 0.10000 75.1 0.00000 0 -6.500 -0.7692 -6.500 -0.0002 0 NA
80.00 0.10000 80.1 0.00000 0 -6.500 -0.7692 -6.500 -0.0001 0 NA
85.00 0.10000 85.1 0.00000 0 -6.500 -0.7692 -6.500 -0.0001 0 NA
90.00 0.10000 90.1 0.00000 0 -6.500 -0.7692 -6.500 -0.0001 0 NA
95.00 0.10000 95.1 0.00000 0 -6.500 -0.7692 -6.500 -0.0001 0 NA
100.00 0.10000 100.1 0.00000 0 -6.500 -0.7692 -6.500 -0.0001 0 NA
105.00 0.10000 105.1 0.00000 0 -6.500 -0.7692 -6.500 -0.0001 0 NA
110.00 0.10000 110.1 0.00000 0 -6.500 -0.7692 -6.500 -0.0002 0 NA
115.00 0.10000 115.1 0.00000 0 -6.500 -0.7692 -6.500 -0.0001 0 NA
120.00 0.10000 120.1 0.00000 0 -6.500 -0.7692 -6.500 -0.0001 0 NA
125.00 0.10000 125.1 0.00000 0 -6.500 -0.7692 -6.500 -0.0001 0 NA
130.00 0.10000 130.1 0.00000 0 -6.500 -0.7692 -6.500 -0.0001 0 NA
135.00 0.10000 135.1 0.00000 0 -6.500 -0.7692 -6.500 -0.0001 0 NA
140.00 0.10000 140.1 0.00000 0 -6.500 -0.7692 -6.500 -0.0002 0 NA
145.00 0.10000 145.1 0.00000 0 -6.500 -0.7692 -6.500 -0.0002 0 NA
150.00 0.10000 150.1 0.00000 0 -6.500 -0.7692 -6.500 -0.0001 0 NA
155.00 0.09677 155.1 0.00000 0 -6.500 -0.7692 -6.500 -0.0002 0 NA
160.00 0.09375 160.1 0.00000 0 -6.500 -0.7692 -6.500 -0.0001 0 NA
165.00 0.09091 165.1 0.00000 0 -6.500 -0.7692 -6.500 -0.0001 0 NA
170.00 0.08824 170.1 0.00000 0 -6.500 -0.7692 -6.500 -0.0001 0 NA
175.00 0.08571 175.1 0.00000 0 -6.500 -0.7692 -6.500 -0.0001 0 NA
180.00 0.08333 180.1 0.00000 0 -6.500 -0.7692 -6.500 -0.0002 0 NA
185.00 0.08108 185.1 0.00000 0 -6.500 -0.7692 -6.500 -0.0001 0 NA
190.00 0.07895 190.1 0.00005 0 -6.500 -0.7692 -6.500 -0.0002 0 NA
195.00 0.07692 195.1 0.00006 0 -6.500 -0.7692 -6.500 -0.0001 0 NA
200.00 0.07500 200.1 0.00008 0 -6.500 -0.7692 -6.500 -0.0001 0 NA
205.00 0.07317 205.1 0.00012 0 -6.500 -0.7692 -6.500 -0.0001 0 NA
210.00 0.07143 210.1 0.00018 0 -6.500 -0.7692 -6.500 -0.0002 0 NA
215.00 0.06977 215.1 0.00028 0 -6.500 -0.7692 -6.500 -0.0001 0 NA
220.00 0.06818 220.1 0.00042 0 -6.500 -0.7692 -6.500 -0.0001 0 NA
225.00 0.06667 225.1 0.00066 0 -6.500 -0.7692 -6.500 -0.0001 0 NA
230.00 0.06522 230.1 0.00100 0 -6.500 -0.7692 -6.500 -0.0001 0 NA
235.00 0.06383 235.1 0.00149 0 -6.500 -0.7692 -6.500 -0.0001 0 NA
240.00 0.06250 240.1 0.00213 0 -6.500 -0.7692 -6.500 -0.0001 0 NA
245.00 0.06122 245.1 0.00298 0 -6.500 -0.7692 -6.500 -0.0001 0 NA
250.00 0.06000 250.1 0.00404 0 -6.500 -0.7692 -6.500 -0.0001 0 NA
255.00 0.05882 255.1 0.00534 0 -6.500 -0.7692 -6.500 -0.0002 0 NA
260.00 0.05769 260.1 0.00690 0 -6.500 -0.7692 -6.500 -0.0002 0 NA
265.00 0.05660 265.1 0.00872 0 -6.500 -0.7692 -6.500 -0.0001 0 NA
270.00 0.05556 270.1 0.01083 0 -6.500 -0.7692 -6.500 -0.0002 0 NA
275.00 0.05455 275.1 0.01317 0 -6.500 -0.7692 -6.500 -0.0001 0 NA
280.00 0.05357 280.1 0.01576 0 -6.500 -0.7692 -6.500 -0.0002 0 NA
285.00 0.05263 285.1 0.01866 0 -6.500 -0.7692 -6.500 -0.0002 0 NA
290.00 0.05172 290.1 0.02171 0 -6.500 -0.7692 -6.500 -0.0002 0 NA
295.00 0.05085 295.1 0.02496 0 -6.500 -0.7692 -6.500 -0.0001 0 NA
300.00 0.05000 300.1 0.02839 0 -6.500 -0.7692 -6.500 -0.0002 0 NA
305.00 0.04918 305.1 0.03215 0 -6.500 -0.7692 -6.500 -0.0001 0 NA
310.00 0.04839 310.1 0.03589 0 -6.500 -0.7692 -6.500 -0.0002 0 NA
315.00 0.04762 315.1 0.03974 0 -6.500 -0.7692 -6.500 -0.0002 0 NA
320.00 0.04688 316.2 0.04002 1 -6.500 -0.7692 -6.500 -0.0001 0 NA
0.00 0.10000 0.1 0.00000 0 -7.000 -0.7143 -7.000 -0.0001 0 NA
5.00 0.10000 5.1 0.00000 0 -7.000 -0.7143 -7.000 -0.0002 0 NA
10.00 0.10000 10.1 0.00000 0 -7.000 -0.7143 -7.000 -0.0002 0 NA
15.00 0.10000 15.1 0.00000 0 -7.000 -0.7143 -7.000 -0.0001 0 NA
20.00 0.10000 20.1 0.00000 0 -7.000 -0.7143 -7.000 -0.0001 0 NA
25.00 0.10000 25.1 0.00000 0 -7.000 -0.7143 -7.000 -0.0001 0 NA
30.00 0.10000 30.1 0.00000 0 -7.000 -0.7143 -7.000 -0.0001 0 NA
35.00 0.10000 35.1 0.00000 0 -7.000 -0.7143 -7.000 -0.0002 0 NA
40.00 0.10000 40.1 0.00000 0 -7.000 -0.7143 -7.000 -0.0001 0 NA
45.00 0.10000 45.0 0.00000 0 -7.000 -0.7143 -7.000 -0.0001 0 NA
50.00 0.10000 50.1 0.00000 0 -7.000 -0.7143 -7.000 -0.0001 0 NA
55.00 0.10000 55.1 0.00000 0 -7.000 -0.7143 -7.000 -0.0002 0 NA
60.00 0.10000 60.1 0.00000 0 -7.000 -0.7143 -7.000 -0.0002 0 NA
65.00 0.10000 65.1 0.00000 0 -7.000 -0.7143 -7.000 -0.0001 0 NA
70.00 0.10000 70.1 0.00000 0 -7.000 -0.7143 -7.000 -0.0001 0 NA
75.00 0.10000 75.1 0.00000 0 -7.000 -0.7143 -6.999 -0.0001 0 NA
80.00 0.10000 80.1 0.00000 0 -7.000 -0.7143 -7.000 -0.0002 0 NA
85.00 0.10000 85.1 0.00000 0 -7.000 -0.7143 -7.000 -0.0001 0 NA
90.00 0.10000 90.1 0.00000 0 -7.000 -0.7143 -7.000 -0.0001 0 NA
95.00 0.10000 95.1 0.00000 0 -7.000 -0.7143 -7.000 -0.0001 0 NA
100.00 0.10000 100.1 0.00000 0 -7.000 -0.7143 -7.000 -0.0001 0 NA
105.00 0.10000 105.1 0.00000 0 -7.000 -0.7143 -7.000 -0.0001 0 NA
110.00 0.10000 110.1 0.00000 0 -7.000 -0.7143 -7.000 -0.0001 0 NA
115.00 0.10000 115.1 0.00000 0 -7.000 -0.7143 -7.000 -0.0001 0 NA
120.00 0.10000 120.1 0.00000 0 -7.000 -0.7143 -7.000 -0.0001 0 NA
125.00 0.10000 125.1 0.00000 0 -7.000 -0.7143 -7.000 -0.0002 0 NA
130.00 0.10000 130.1 0.00000 0 -7.000 -0.7143 -7.000 -0.0002 0 NA
135.00 0.10000 135.1 0.00000 0 -7.000 -0.7143 -7.000 -0.0001 0 NA
140.00 0.10000 140.1 0.00000 0 -7.000 -0.7143 -7.000 -0.0001 0 NA
145.00 0.10000 145.1 0.00000 0 -7.000 -0.7143 -7.000 -0.0002 0 NA
150.00 0.10000 150.1 0.00000 0 -7.000 -0.7143 -7.000 -0.0001 0 NA
155.00 0.09677 155.1 0.00000 0 -7.000 -0.7143 -7.000 -0.0001 0 NA
160.00 0.09375 160.1 0.00000 0 -7.000 -0.7143 -7.000 -0.0002 0 NA
165.00 0.09091 165.1 0.00000 0 -7.000 -0.7143 -7.000 -0.0002 0 NA
170.00 0.08824 170.1 0.00000 0 -7.000 -0.7143 -7.000 -0.0002 0 NA
175.00 0.08571 175.1 0.00000 0 -7.000 -0.7143 -7.000 -0.0001 0 NA
180.00 0.08333 180.1 0.00000 0 -7.000 -0.7143 -7.000 -0.0002 0 NA
185.00 0.08108 185.1 0.00000 0 -7.000 -0.7143 -7.000 -0.0002 0 NA
190.00 0.07895 190.1 0.00000 0 -7.000 -0.7143 -7.000 -0.0001 0 NA
195.00 0.07692 195.1 0.00000 0 -7.000 -0.7143 -7.000 -0.0001 0 NA
200.00 0.07500 200.1 0.00000 0 -7.000 -0.7143 -7.000 -0.0002 0 NA
205.00 0.07317 205.1 0.00005 0 -7.000 -0.7143 -7.000 -0.0001 0 NA
210.00 0.07143 210.1 0.00006 0 -7.000 -0.7143 -7.000 -0.0002 0 NA
215.00 0.06977 215.1 0.00008 0 -7.000 -0.7143 -7.000 -0.0002 0 NA
220.00 0.06818 220.1 0.00012 0 -7.000 -0.7143 -7.000 -0.0002 0 NA
225.00 0.06667 225.1 0.00018 0 -7.000 -0.7143 -7.000 -0.0001 0 NA
230.00 0.06522 230.1 0.00027 0 -7.000 -0.7143 -7.000 -0.0001 0 NA
235.00 0.06383 235.1 0.00042 0 -7.000 -0.7143 -7.000 -0.0001 0 NA
240.00 0.06250 240.1 0.00063 0 -7.000 -0.7143 -7.000 -0.0001 0 NA
245.00 0.06122 245.1 0.00095 0 -7.000 -0.7143 -6.999 -0.0002 0 NA
250.00 0.06000 250.1 0.00140 0 -7.000 -0.7143 -7.000 -0.0001 0 NA
255.00 0.05882 255.1 0.00199 0 -7.000 -0.7143 -7.000 -0.0001 0 NA
260.00 0.05769 260.1 0.00278 0 -7.000 -0.7143 -7.000 -0.0001 0 NA
265.00 0.05660 265.1 0.00376 0 -7.000 -0.7143 -7.000 -0.0001 0 NA
270.00 0.05556 270.1 0.00496 0 -7.000 -0.7143 -7.000 -0.0001 0 NA
275.00 0.05455 275.1 0.00642 0 -7.000 -0.7143 -7.000 -0.0001 0 NA
280.00 0.05357 280.1 0.00812 0 -7.000 -0.7143 -7.000 -0.0001 0 NA
285.00 0.05263 285.1 0.01005 0 -7.000 -0.7143 -7.000 -0.0001 0 NA
290.00 0.05172 290.1 0.01224 0 -7.000 -0.7143 -7.000 -0.0002 0 NA
295.00 0.05085 295.1 0.01472 0 -7.000 -0.7143 -7.000 -0.0001 0 NA
300.00 0.05000 300.1 0.01737 0 -7.000 -0.7143 -7.000 -0.0001 0 NA
305.00 0.04918 305.1 0.02023 0 -7.000 -0.7143 -7.000 -0.0001 0 NA
310.00 0.04839 310.1 0.02342 0 -7.000 -0.7143 -7.000 -0.0002 0 NA
315.00 0.04762 315.1 0.02666 0 -7.000 -0.7143 -7.000 -0.0001 0 NA
320.00 0.04688 320.1 0.03008 0 -7.000 -0.7143 -7.000 -0.0001 0 NA
325.00 0.04615 325.1 0.03364 0 -7.000 -0.7143 -7.000 -0.0002 0 NA
330.00 0.04545 330.1 0.03752 0 -7.000 -0.7143 -7.000 -0.0001 0 NA
335.00 0.04478 335.1 0.04131 0 -7.000 -0.7143 -7.000 -0.0002 0 NA
340.00 0.04412 334.5 0.04002 1 -7.000 -0.7143 -7.000 -0.0001 0 NA
0.00 0.10000 0.1 0.00000 0 -7.500 -0.6667 -7.499 -0.0002 0 NA
5.00 0.10000 5.1 0.00000 0 -7.500 -0.6667 -7.499 -0.0001 0 NA
10.00 0.10000 10.1 0.00000 0 -7.500 -0.6667 -7.499 -0.0001 0 NA
15.00 0.10000 15.1 0.00000 0 -7.500 -0.6667 -7.499 -0.0001 0 NA
20.00 0.10000 20.1 0.00000 0 -7.500 -0.6667 -7.499 -0.0001 0 NA
25.00 0.10000 25.1 0.00000 0 -7.500 -0.6667 -7.499 -0.0001 0 NA
30.00 0.10000 30.1 0.00000 0 -7.500 -0.6667 -7.499 -0.0001 0 NA
35.00 0.10000 35.1 0.00000 0 -7.500 -0.6667 -7.499 -0.0001 0 NA
40.00 0.10000 40.1 0.00000 0 -7.500 -0.6667 -7.499 -0.0001 0 NA
45.00 0.10000 45.0 0.00000 0 -7.500 -0.6667 -7.499 -0.0001 0 NA
50.00 0.10000 50.1 0.00000 0 -7.500 -0.6667 -7.499 -0.0001 0 NA
55.00 0.10000 55.1 0.00000 0 -7.500 -0.6667 -7.500 -0.0001 0 NA
60.00 0.10000 60.1 0.00000 0 -7.500 -0.6667 -7.499 -0.0001 0 NA
65.00 0.10000 65.1 0.00000 0 -7.500 -0.6667 -7.499 -0.0002 0 NA
70.00 0.10000 70.1 0.00000 0 -7.500 -0.6667 -7.499 -0.0001 0 NA
75.00 0.10000 75.1 0.00000 0 -7.500 -0.6667 -7.499 -0.0001 0 NA
80.00 0.10000 80.1 0.00000 0 -7.500 -0.6667 -7.499 -0.0001 0 NA
85.00 0.10000 85.1 0.00000 0 -7.500 -0.6667 -7.499 -0.0001 0 NA
90.00 0.10000 90.1 0.00000 0 -7.500 -0.6667 -7.499 -0.0002 0 NA
95.00 0.10000 95.1 0.00000 0 -7.500 -0.6667 -7.499 -0.0002 0 NA
100.00 0.10000 100.1 0.00000 0 -7.500 -0.6667 -7.499 -0.0001 0 NA
105.00 0.10000 105.1 0.00000 0 -7.500 -0.6667 -7.499 -0.0001 0 NA
110.00 0.10000 110.1 0.00000 0 -7.500 -0.6667 -7.499 -0.0001 0 NA
115.00 0.10000 115.1 0.00000 0 -7.500 -0.6667 -7.499 -0.0001 0 NA
120.00 0.10000 120.1 0.00000 0 -7.500 -0.6667 -7.499 -0.0001 0 NA
125.00 0.10000 125.1 0.00000 0 -7.500 -0.6667 -7.499 -0.0002 0 NA
130.00 0.10000 130.1 0.00000 0 -7.500 -0.6667 -7.499 -0.0002 0 NA
135.00 0.10000 135.1 0.00000 0 -7.500 -0.6667 -7.499 -0.0002 0 NA
140.00 0.10000 140.1 0.00000 0 -7.500 -0.6667 -7.499 -0.0001 0 NA
145.00 0.10000 145.1 0.00000 0 -7.500 -0.6667 -7.499 -0.0002 0 NA
150.00 0.10000 150.1 0.00000 0 -7.500 -0.6667 -7.499 -0.0001 0 NA
155.00 0.09677 155.1 0.00000 0 -7.500 -0.6667 -7.499 -0.0002 0 NA
160.00 0.09375 160.1 0.00000 0 -7.500 -0.6667 -7.499 -0.0002 0 NA
165.00 0.09091 165.1 0.00000 0 -7.500 -0.6667 -7.499 -0.0002 0 NA
170.00 0.08824 170.1 0.00000 0 -7.500 -0.6667 -7.499 -0.0001 0 NA
175.00 0.08571 175.1 0.00000 0 -7.500 -0.6667 -7.499 -0.0001 0 NA
180.00 0.08333 180.1 0.00000 0 -7.500 -0.6667 -7.499 -0.0002 0 NA
185.00 0.08108 185.1 0.00000 0 -7.500 -0.6667 -7.499 -0.0002 0 NA
190.00 0.07895 190.1 0.00000 0 -7.500 -0.6667 -7.499 -0.0001 0 NA
195.00 0.07692 195.1 0.00000 0 -7.500 -0.6667 -7.499 -0.0002 0 NA
200.00 0.07500 200.1 0.00000 0 -7.500 -0.6667 -7.500 -0.0001 0 NA
205.00 0.07317 205.1 0.00000 0 -7.500 -0.6667 -7.499 -0.0001 0 NA
210.00 0.07143 210.1 0.00000 0 -7.500 -0.6667 -7.500 -0.0002 0 NA
215.00 0.06977 215.1 0.00005 0 -7.500 -0.6667 -7.499 -0.0001 0 NA
220.00 0.06818 220.1 0.00005 0 -7.500 -0.6667 -7.499 -0.0001 0 NA
225.00 0.06667 225.1 0.00007 0 -7.500 -0.6667 -7.499 -0.0001 0 NA
230.00 0.06522 230.1 0.00008 0 -7.500 -0.6667 -7.499 -0.0001 0 NA
235.00 0.06383 235.1 0.00012 0 -7.500 -0.6667 -7.499 -0.0001 0 NA
240.00 0.06250 240.1 0.00018 0 -7.500 -0.6667 -7.499 -0.0002 0 NA
245.00 0.06122 245.1 0.00027 0 -7.500 -0.6667 -7.499 -0.0002 0 NA
250.00 0.06000 250.1 0.00041 0 -7.500 -0.6667 -7.499 -0.0001 0 NA
255.00 0.05882 255.1 0.00061 0 -7.500 -0.6667 -7.499 -0.0001 0 NA
260.00 0.05769 260.1 0.00091 0 -7.500 -0.6667 -7.499 -0.0002 0 NA
265.00 0.05660 265.1 0.00132 0 -7.500 -0.6667 -7.499 -0.0002 0 NA
270.00 0.05556 270.1 0.00188 0 -7.500 -0.6667 -7.499 -0.0001 0 NA
275.00 0.05455 275.1 0.00260 0 -7.500 -0.6667 -7.499 -0.0001 0 NA
280.00 0.05357 280.1 0.00351 0 -7.500 -0.6667 -7.499 -0.0002 0 NA
285.00 0.05263 285.1 0.00462 0 -7.500 -0.6667 -7.499 -0.0001 0 NA
290.00 0.05172 290.1 0.00598 0 -7.500 -0.6667 -7.499 -0.0001 0 NA
295.00 0.05085 295.1 0.00755 0 -7.500 -0.6667 -7.499 -0.0001 0 NA
300.00 0.05000 300.1 0.00935 0 -7.500 -0.6667 -7.499 -0.0001 0 NA
305.00 0.04918 305.1 0.01139 0 -7.500 -0.6667 -7.499 -0.0001 0 NA
310.00 0.04839 310.1 0.01371 0 -7.500 -0.6667 -7.499 -0.0001 0 NA
315.00 0.04762 315.1 0.01613 0 -7.500 -0.6667 -7.499 -0.0001 0 NA
320.00 0.04688 320.1 0.01883 0 -7.500 -0.6667 -7.499 -0.0001 0 NA
325.00 0.04615 325.1 0.02172 0 -7.500 -0.6667 -7.499 -0.0002 0 NA
330.00 0.04545 330.1 0.02491 0 -7.500 -0.6667 -7.499 -0.0001 0 NA
335.00 0.04478 335.1 0.02814 0 -7.500 -0.6667 -7.499 -0.0001 0 NA
340.00 0.04412 340.1 0.03151 0 -7.500 -0.6667 -7.499 -0.0001 0 NA
345.00 0.04348 345.1 0.03520 0 -7.500 -0.6667 -7.499 -0.0001 0 NA
350.00 0.04286 350.1 0.03880 0 -7.500 -0.6667 -7.499 -0.0001 0 NA
355.00 0.04225 352.6 0.04002 1 -7.500 -0.6667 -7.499 -0.0001 0 NA
0.00 0.10000 0.1 0.00000 0 -8.000 -0.6250 -7.999 -0.0001 0 NA
5.00 0.10000 5.1 0.00000 0 -8.000 -0.6250 -7.999 -0.0001 0 NA
10.00 0.10000 10.1 0.00000 0 -8.000 -0.6250 -7.999 -0.0002 0 NA
15.00 0.10000 15.1 0.00000 0 -8.000 -0.6250 -7.999 -0.0001 0 NA
20.00 0.10000 20.1 0.00000 0 -8.000 -0.6250 -7.999 -0.0001 0 NA
25.00 0.10000 25.1 0.00000 0 -8.000 -0.6250 -7.999 -0.0002 0 NA
30.00 0.10000 30.1 0.00000 0 -8.000 -0.6250 -7.999 -0.0001 0 NA
35.00 0.10000 35.1 0.00000 0 -8.000 -0.6250 -7.999 -0.0001 0 NA
40.00 0.10000 40.1 0.00000 0 -8.000 -0.6250 -7.999 -0.0001 0 NA
45.00 0.10000 45.0 0.00000 0 -8.000 -0.6250 -7.999 -0.0001 0 NA
50.00 0.10000 50.1 0.00000 0 -8.000 -0.6250 -7.999 -0.0001 0 NA
55.00 0.10000 55.1 0.00000 0 -8.000 -0.6250 -7.999 -0.0002 0 NA
60.00 0.10000 60.1 0.00000 0 -8.000 -0.6250 -7.999 -0.0001 0 NA
65.00 0.10000 65.1 0.00000 0 -8.000 -0.6250 -7.999 -0.0002 0 NA
70.00 0.10000 70.1 0.00000 0 -8.000 -0.6250 -7.999 -0.0001 0 NA
75.00 0.10000 75.1 0.00000 0 -8.000 -0.6250 -7.999 -0.0001 0 NA
80.00 0.10000 80.1 0.00000 0 -8.000 -0.6250 -7.999 -0.0001 0 NA
85.00 0.10000 85.1 0.00000 0 -8.000 -0.6250 -7.999 -0.0001 0 NA
90.00 0.10000 90.1 0.00000 0 -8.000 -0.6250 -7.999 -0.0002 0 NA
95.00 0.10000 95.1 0.00000 0 -8.000 -0.6250 -7.999 -0.0002 0 NA
100.00 0.10000 100.1 0.00000 0 -8.000 -0.6250 -7.999 -0.0001 0 NA
105.00 0.10000 105.1 0.00000 0 -8.000 -0.6250 -7.999 -0.0001 0 NA
110.00 0.10000 110.1 0.00000 0 -8.000 -0.6250 -7.999 -0.0002 0 NA
115.00 0.10000 115.1 0.00000 0 -8.000 -0.6250 -7.999 -0.0001 0 NA
120.00 0.10000 120.1 0.00000 0 -8.000 -0.6250 -7.999 -0.0002 0 NA
125.00 0.10000 125.1 0.00000 0 -8.000 -0.6250 -7.999 -0.0001 0 NA
130.00 0.10000 130.1 0.00000 0 -8.000 -0.6250 -7.999 -0.0001 0 NA
135.00 0.10000 135.1 0.00000 0 -8.000 -0.6250 -7.999 -0.0001 0 NA
140.00 0.10000 140.1 0.00000 0 -8.000 -0.6250 -7.999 -0.0002 0 NA
145.00 0.10000 145.1 0.00000 0 -8.000 -0.6250 -7.999 -0.0001 0 NA
150.00 0.10000 150.1 0.00000 0 -8.000 -0.6250 -7.999 -0.0001 0 NA
155.00 0.09677 155.1 0.00000 0 -8.000 -0.6250 -7.999 -0.0001 0 NA
160.00 0.09375 160.1 0.00000 0 -8.000 -0.6250 -7.999 -0.0001 0 NA
165.00 0.09091 165.1 0.00000 0 -8.000 -0.6250 -7.999 -0.0001 0 NA
170.00 0.08824 170.1 0.00000 0 -8.000 -0.6250 -7.999 -0.0001 0 NA
175.00 0.08571 175.1 0.00000 0 -8.000 -0.6250 -7.999 -0.0001 0 NA
180.00 0.08333 180.1 0.00000 0 -8.000 -0.6250 -7.999 -0.0001 0 NA
185.00 0.08108 185.1 0.00000 0 -8.000 -0.6250 -7.999 -0.0001 0 NA
190.00 0.07895 190.1 0.00000 0 -8.000 -0.6250 -7.999 -0.0001 0 NA
195.00 0.07692 195.1 0.00000 0 -8.000 -0.6250 -7.999 -0.0001 0 NA
200.00 0.07500 200.1 0.00000 0 -8.000 -0.6250 -7.999 -0.0001 0 NA
205.00 0.07317 205.1 0.00000 0 -8.000 -0.6250 -7.999 -0.0002 0 NA
210.00 0.07143 210.1 0.00000 0 -8.000 -0.6250 -7.999 -0.0002 0 NA
215.00 0.06977 215.1 0.00000 0 -8.000 -0.6250 -7.999 -0.0001 0 NA
220.00 0.06818 220.1 0.00000 0 -8.000 -0.6250 -7.999 -0.0001 0 NA
225.00 0.06667 225.1 0.00000 0 -8.000 -0.6250 -7.999 -0.0002 0 NA
230.00 0.06522 230.1 0.00000 0 -8.000 -0.6250 -7.999 -0.0002 0 NA
235.00 0.06383 235.1 0.00005 0 -8.000 -0.6250 -7.999 -0.0002 0 NA
240.00 0.06250 240.1 0.00007 0 -8.000 -0.6250 -7.999 -0.0002 0 NA
245.00 0.06122 245.1 0.00008 0 -8.000 -0.6250 -7.999 -0.0001 0 NA
250.00 0.06000 250.1 0.00013 0 -8.000 -0.6250 -7.999 -0.0001 0 NA
255.00 0.05882 255.1 0.00018 0 -8.000 -0.6250 -7.999 -0.0002 0 NA
260.00 0.05769 260.1 0.00027 0 -8.000 -0.6250 -7.999 -0.0001 0 NA
265.00 0.05660 265.1 0.00040 0 -8.000 -0.6250 -7.999 -0.0002 0 NA
270.00 0.05556 270.1 0.00060 0 -8.000 -0.6250 -7.999 -0.0002 0 NA
275.00 0.05455 275.1 0.00087 0 -8.000 -0.6250 -7.999 -0.0002 0 NA
280.00 0.05357 280.1 0.00127 0 -8.000 -0.6250 -7.999 -0.0001 0 NA
285.00 0.05263 285.1 0.00177 0 -8.000 -0.6250 -7.999 -0.0001 0 NA
290.00 0.05172 290.1 0.00245 0 -8.000 -0.6250 -7.999 -0.0001 0 NA
295.00 0.05085 295.1 0.00330 0 -8.000 -0.6250 -7.999 -0.0001 0 NA
300.00 0.05000 300.1 0.00434 0 -8.000 -0.6250 -7.999 -0.0001 0 NA
305.00 0.04918 305.1 0.00559 0 -8.000 -0.6250 -7.999 -0.0001 0 NA
310.00 0.04839 310.1 0.00703 0 -8.000 -0.6250 -7.999 -0.0002 0 NA
315.00 0.04762 315.1 0.00873 0 -8.000 -0.6250 -7.999 -0.0002 0 NA
320.00 0.04688 320.1 0.01064 0 -8.000 -0.6250 -7.999 -0.0001 0 NA
325.00 0.04615 325.1 0.01277 0 -8.000 -0.6250 -7.999 -0.0001 0 NA
330.00 0.04545 330.1 0.01511 0 -8.000 -0.6250 -8.000 -0.0001 0 NA
335.00 0.04478 335.1 0.01774 0 -8.000 -0.6250 -7.999 -0.0002 0 NA
340.00 0.04412 340.1 0.02045 0 -8.000 -0.6250 -7.999 -0.0001 0 NA
345.00 0.04348 345.1 0.02335 0 -8.000 -0.6250 -7.999 -0.0001 0 NA
350.00 0.04286 350.1 0.02657 0 -8.000 -0.6250 -7.999 -0.0001 0 NA
355.00 0.04225 355.1 0.02977 0 -8.000 -0.6250 -7.999 -0.0001 0 NA
360.00 0.04167 360.1 0.03311 0 -8.000 -0.6250 -7.999 -0.0001 0 NA
365.00 0.04110 365.1 0.03655 0 -8.000 -0.6250 -7.999 -0.0002 0 NA
370.00 0.04054 370.1 0.04032 0 -8.000 -0.6250 -7.999 -0.0001 0 NA
375.00 0.04000 370.9 0.04002 1 -8.000 -0.6250 -7.999 -0.0002 0 NA
