% * Sample: 6E5P_32
% * Date / time: 2024-02-05 22:37:36.006435
% * R2CONTROL =  NOT SPECIFIED
% Column 1:  PSU1 nominal voltage setting (V)
% Column 2:  PSU1 nominal current setting (A)
% Column 3:  PSU1 voltage measurement (V)
% Column 4:  PSU1 current measurement (I)
% Column 5:  PSU1 limiter flag
% Column 6:  PSU2 nominal voltage setting (V)
% Column 7:  PSU2 nominal current setting (A)
% Column 8:  PSU2 voltage measurement (V)
% Column 9:  PSU2 current measurement (I)
% Column 10: PSU2 limiter flag
% Column 11: Heaterblock temperature (°C)
% * OPERATING POINT AT END OF PREHEAT / IDLE: U1 = 200.1 V  I1 = 0.02999 A  U2 = -3.782 V  I2 = -0.0002 A  T = NA °C
0.00 0.10000 0.1 0.00000 0 -0.000 -1.0000 -0.000 -0.0001 0 NA
5.00 0.10000 5.1 0.00005 0 -0.000 -1.0000 -0.000 -0.0001 0 NA
10.00 0.10000 10.1 0.00008 0 -0.000 -1.0000 -0.000 -0.0001 0 NA
15.00 0.10000 15.1 0.00019 0 -0.000 -1.0000 -0.000 -0.0001 0 NA
20.00 0.10000 20.1 0.00046 0 -0.000 -1.0000 -0.000 -0.0001 0 NA
25.00 0.10000 25.1 0.00106 0 -0.000 -1.0000 -0.000 -0.0001 0 NA
30.00 0.10000 30.1 0.00216 0 -0.000 -1.0000 -0.000 -0.0001 0 NA
35.00 0.10000 35.1 0.00394 0 -0.000 -1.0000 -0.000 -0.0001 0 NA
40.00 0.10000 40.1 0.00637 0 -0.000 -1.0000 -0.000 -0.0001 0 NA
45.00 0.10000 45.0 0.00944 0 -0.000 -1.0000 -0.000 -0.0001 0 NA
50.00 0.10000 50.1 0.01317 0 -0.000 -1.0000 -0.000 -0.0001 0 NA
55.00 0.10000 55.1 0.01730 0 -0.000 -1.0000 -0.000 -0.0001 0 NA
60.00 0.10000 60.1 0.02167 0 -0.000 -1.0000 -0.000 -0.0001 0 NA
65.00 0.10000 65.1 0.02626 0 -0.000 -1.0000 -0.000 -0.0001 0 NA
70.00 0.10000 70.1 0.03100 0 -0.000 -1.0000 -0.000 -0.0001 0 NA
75.00 0.10000 75.1 0.03590 0 -0.000 -1.0000 -0.000 -0.0001 0 NA
80.00 0.10000 80.1 0.04095 0 -0.000 -1.0000 -0.000 -0.0001 0 NA
85.00 0.10000 85.1 0.04617 0 -0.000 -1.0000 -0.000 -0.0001 0 NA
90.00 0.10000 90.1 0.05147 0 -0.000 -1.0000 -0.000 -0.0001 0 NA
95.00 0.10000 95.1 0.05686 0 -0.000 -1.0000 -0.000 -0.0001 0 NA
100.00 0.10000 100.1 0.06242 0 -0.000 -1.0000 -0.000 -0.0001 0 NA
105.00 0.10000 105.1 0.06802 0 -0.000 -1.0000 -0.000 -0.0001 0 NA
110.00 0.10000 110.1 0.07371 0 -0.000 -1.0000 -0.000 -0.0001 0 NA
115.00 0.10000 115.1 0.07945 0 -0.000 -1.0000 -0.000 -0.0001 0 NA
120.00 0.10000 120.1 0.08537 0 -0.000 -1.0000 -0.000 -0.0001 0 NA
125.00 0.10000 125.1 0.09124 0 -0.000 -1.0000 -0.000 -0.0001 0 NA
130.00 0.10000 130.1 0.09719 0 -0.000 -1.0000 -0.000 -0.0001 0 NA
135.00 0.10000 132.7 0.10005 1 -0.000 -1.0000 -0.000 -0.0001 0 NA
0.00 0.10000 0.2 0.00000 0 -0.500 -1.0000 -0.499 -0.0001 0 NA
5.00 0.10000 5.1 0.00000 0 -0.500 -1.0000 -0.499 -0.0002 0 NA
10.00 0.10000 10.1 0.00000 0 -0.500 -1.0000 -0.499 -0.0001 0 NA
15.00 0.10000 15.1 0.00000 0 -0.500 -1.0000 -0.499 -0.0002 0 NA
20.00 0.10000 20.1 0.00006 0 -0.500 -1.0000 -0.499 -0.0001 0 NA
25.00 0.10000 25.1 0.00012 0 -0.500 -1.0000 -0.499 -0.0001 0 NA
30.00 0.10000 30.1 0.00026 0 -0.500 -1.0000 -0.499 -0.0001 0 NA
35.00 0.10000 35.1 0.00061 0 -0.500 -1.0000 -0.499 -0.0002 0 NA
40.00 0.10000 40.1 0.00127 0 -0.500 -1.0000 -0.499 -0.0002 0 NA
45.00 0.10000 45.0 0.00239 0 -0.500 -1.0000 -0.499 -0.0001 0 NA
50.00 0.10000 50.1 0.00402 0 -0.500 -1.0000 -0.499 -0.0001 0 NA
55.00 0.10000 55.1 0.00619 0 -0.500 -1.0000 -0.499 -0.0001 0 NA
60.00 0.10000 60.1 0.00894 0 -0.500 -1.0000 -0.499 -0.0002 0 NA
65.00 0.10000 65.1 0.01230 0 -0.500 -1.0000 -0.499 -0.0001 0 NA
70.00 0.10000 70.1 0.01620 0 -0.500 -1.0000 -0.499 -0.0002 0 NA
75.00 0.10000 75.1 0.02044 0 -0.500 -1.0000 -0.499 -0.0001 0 NA
80.00 0.10000 80.1 0.02491 0 -0.500 -1.0000 -0.499 -0.0002 0 NA
85.00 0.10000 85.1 0.02953 0 -0.500 -1.0000 -0.499 -0.0001 0 NA
90.00 0.10000 90.1 0.03434 0 -0.500 -1.0000 -0.499 -0.0002 0 NA
95.00 0.10000 95.1 0.03925 0 -0.500 -1.0000 -0.499 -0.0002 0 NA
100.00 0.10000 100.1 0.04430 0 -0.500 -1.0000 -0.499 -0.0001 0 NA
105.00 0.10000 105.1 0.04947 0 -0.500 -1.0000 -0.499 -0.0002 0 NA
110.00 0.10000 110.1 0.05480 0 -0.500 -1.0000 -0.499 -0.0001 0 NA
115.00 0.10000 115.1 0.06004 0 -0.500 -1.0000 -0.499 -0.0001 0 NA
120.00 0.10000 120.1 0.06552 0 -0.500 -1.0000 -0.499 -0.0002 0 NA
125.00 0.10000 125.1 0.07113 0 -0.500 -1.0000 -0.499 -0.0002 0 NA
130.00 0.10000 130.1 0.07674 0 -0.500 -1.0000 -0.499 -0.0001 0 NA
135.00 0.10000 135.1 0.08243 0 -0.500 -1.0000 -0.499 -0.0001 0 NA
140.00 0.10000 140.1 0.08818 0 -0.500 -1.0000 -0.499 -0.0001 0 NA
145.00 0.10000 145.1 0.09408 0 -0.500 -1.0000 -0.499 -0.0002 0 NA
150.00 0.10000 150.1 0.09996 0 -0.500 -1.0000 -0.499 -0.0002 0 NA
155.00 0.09677 150.5 0.10005 1 -0.500 -1.0000 -0.499 -0.0002 0 NA
0.00 0.10000 0.1 0.00000 0 -1.000 -1.0000 -0.999 -0.0001 0 NA
5.00 0.10000 5.1 0.00000 0 -1.000 -1.0000 -0.999 -0.0002 0 NA
10.00 0.10000 10.1 0.00000 0 -1.000 -1.0000 -0.999 -0.0001 0 NA
15.00 0.10000 15.1 0.00000 0 -1.000 -1.0000 -1.000 -0.0002 0 NA
20.00 0.10000 20.1 0.00000 0 -1.000 -1.0000 -0.999 -0.0002 0 NA
25.00 0.10000 25.1 0.00000 0 -1.000 -1.0000 -1.000 -0.0001 0 NA
30.00 0.10000 30.1 0.00005 0 -1.000 -1.0000 -1.000 -0.0002 0 NA
35.00 0.10000 35.1 0.00007 0 -1.000 -1.0000 -0.999 -0.0001 0 NA
40.00 0.10000 40.1 0.00014 0 -1.000 -1.0000 -0.999 -0.0002 0 NA
45.00 0.10000 45.1 0.00028 0 -1.000 -1.0000 -0.999 -0.0001 0 NA
50.00 0.10000 50.1 0.00062 0 -1.000 -1.0000 -1.000 -0.0001 0 NA
55.00 0.10000 55.1 0.00122 0 -1.000 -1.0000 -1.000 -0.0002 0 NA
60.00 0.10000 60.1 0.00220 0 -1.000 -1.0000 -1.000 -0.0001 0 NA
65.00 0.10000 65.1 0.00364 0 -1.000 -1.0000 -0.999 -0.0002 0 NA
70.00 0.10000 70.1 0.00557 0 -1.000 -1.0000 -0.999 -0.0001 0 NA
75.00 0.10000 75.1 0.00802 0 -1.000 -1.0000 -0.999 -0.0001 0 NA
80.00 0.10000 80.1 0.01099 0 -1.000 -1.0000 -1.000 -0.0002 0 NA
85.00 0.10000 85.1 0.01454 0 -1.000 -1.0000 -1.000 -0.0001 0 NA
90.00 0.10000 90.1 0.01852 0 -1.000 -1.0000 -1.000 -0.0001 0 NA
95.00 0.10000 95.1 0.02281 0 -1.000 -1.0000 -1.000 -0.0002 0 NA
100.00 0.10000 100.1 0.02731 0 -1.000 -1.0000 -1.000 -0.0002 0 NA
105.00 0.10000 105.1 0.03201 0 -1.000 -1.0000 -0.999 -0.0002 0 NA
110.00 0.10000 110.1 0.03682 0 -1.000 -1.0000 -1.000 -0.0001 0 NA
115.00 0.10000 115.1 0.04174 0 -1.000 -1.0000 -1.000 -0.0002 0 NA
120.00 0.10000 120.1 0.04680 0 -1.000 -1.0000 -1.000 -0.0001 0 NA
125.00 0.10000 125.1 0.05199 0 -1.000 -1.0000 -0.999 -0.0001 0 NA
130.00 0.10000 130.1 0.05724 0 -1.000 -1.0000 -1.000 -0.0002 0 NA
135.00 0.10000 135.1 0.06257 0 -1.000 -1.0000 -0.999 -0.0002 0 NA
140.00 0.10000 140.1 0.06806 0 -1.000 -1.0000 -1.000 -0.0002 0 NA
145.00 0.10000 145.1 0.07353 0 -1.000 -1.0000 -0.999 -0.0002 0 NA
150.00 0.10000 150.1 0.07908 0 -1.000 -1.0000 -0.999 -0.0002 0 NA
155.00 0.09677 155.1 0.08481 0 -1.000 -1.0000 -1.000 -0.0002 0 NA
160.00 0.09375 160.1 0.09048 0 -1.000 -1.0000 -0.999 -0.0001 0 NA
165.00 0.09091 165.1 0.09628 1 -1.000 -1.0000 -1.000 -0.0002 0 NA
0.00 0.10000 0.2 0.00000 0 -1.500 -1.0000 -1.499 -0.0001 0 NA
5.00 0.10000 5.1 0.00000 0 -1.500 -1.0000 -1.499 -0.0001 0 NA
10.00 0.10000 10.1 0.00000 0 -1.500 -1.0000 -1.499 -0.0001 0 NA
15.00 0.10000 15.1 0.00000 0 -1.500 -1.0000 -1.499 -0.0002 0 NA
20.00 0.10000 20.1 0.00000 0 -1.500 -1.0000 -1.500 -0.0002 0 NA
25.00 0.10000 25.1 0.00000 0 -1.500 -1.0000 -1.499 -0.0001 0 NA
30.00 0.10000 30.1 0.00000 0 -1.500 -1.0000 -1.499 -0.0001 0 NA
35.00 0.10000 35.1 0.00000 0 -1.500 -1.0000 -1.499 -0.0001 0 NA
40.00 0.10000 40.1 0.00000 0 -1.500 -1.0000 -1.499 -0.0002 0 NA
45.00 0.10000 45.1 0.00005 0 -1.500 -1.0000 -1.499 -0.0002 0 NA
50.00 0.10000 50.1 0.00007 0 -1.500 -1.0000 -1.499 -0.0001 0 NA
55.00 0.10000 55.1 0.00014 0 -1.500 -1.0000 -1.499 -0.0001 0 NA
60.00 0.10000 60.1 0.00029 0 -1.500 -1.0000 -1.499 -0.0001 0 NA
65.00 0.10000 65.1 0.00059 0 -1.500 -1.0000 -1.499 -0.0002 0 NA
70.00 0.10000 70.1 0.00113 0 -1.500 -1.0000 -1.499 -0.0002 0 NA
75.00 0.10000 75.1 0.00198 0 -1.500 -1.0000 -1.499 -0.0001 0 NA
80.00 0.10000 80.1 0.00323 0 -1.500 -1.0000 -1.499 -0.0001 0 NA
85.00 0.10000 85.1 0.00492 0 -1.500 -1.0000 -1.499 -0.0001 0 NA
90.00 0.10000 90.1 0.00709 0 -1.500 -1.0000 -1.499 -0.0001 0 NA
95.00 0.10000 95.1 0.00972 0 -1.500 -1.0000 -1.499 -0.0002 0 NA
100.00 0.10000 100.1 0.01285 0 -1.500 -1.0000 -1.500 -0.0002 0 NA
105.00 0.10000 105.1 0.01652 0 -1.500 -1.0000 -1.499 -0.0002 0 NA
110.00 0.10000 110.1 0.02057 0 -1.500 -1.0000 -1.499 -0.0001 0 NA
115.00 0.10000 115.1 0.02482 0 -1.500 -1.0000 -1.499 -0.0002 0 NA
120.00 0.10000 120.1 0.02936 0 -1.500 -1.0000 -1.500 -0.0002 0 NA
125.00 0.10000 125.1 0.03407 0 -1.500 -1.0000 -1.499 -0.0001 0 NA
130.00 0.10000 130.1 0.03888 0 -1.500 -1.0000 -1.499 -0.0001 0 NA
135.00 0.10000 135.1 0.04380 0 -1.500 -1.0000 -1.499 -0.0002 0 NA
140.00 0.10000 140.1 0.04890 0 -1.500 -1.0000 -1.499 -0.0001 0 NA
145.00 0.10000 145.1 0.05401 0 -1.500 -1.0000 -1.499 -0.0001 0 NA
150.00 0.10000 150.1 0.05921 0 -1.500 -1.0000 -1.500 -0.0002 0 NA
155.00 0.09677 155.1 0.06449 0 -1.500 -1.0000 -1.499 -0.0001 0 NA
160.00 0.09375 160.1 0.06995 0 -1.500 -1.0000 -1.499 -0.0002 0 NA
165.00 0.09091 165.1 0.07539 0 -1.500 -1.0000 -1.499 -0.0002 0 NA
170.00 0.08824 170.1 0.08110 0 -1.500 -1.0000 -1.499 -0.0002 0 NA
175.00 0.08571 169.5 0.08004 1 -1.500 -1.0000 -1.499 -0.0002 0 NA
0.00 0.10000 0.2 0.00000 0 -2.000 -1.0000 -1.999 -0.0002 0 NA
5.00 0.10000 5.1 0.00000 0 -2.000 -1.0000 -1.999 -0.0001 0 NA
10.00 0.10000 10.1 0.00000 0 -2.000 -1.0000 -1.999 -0.0001 0 NA
15.00 0.10000 15.1 0.00000 0 -2.000 -1.0000 -1.999 -0.0002 0 NA
20.00 0.10000 20.1 0.00000 0 -2.000 -1.0000 -1.999 -0.0001 0 NA
25.00 0.10000 25.1 0.00000 0 -2.000 -1.0000 -1.999 -0.0001 0 NA
30.00 0.10000 25.1 0.00000 0 -2.000 -1.0000 -1.999 -0.0001 0 NA
35.00 0.10000 35.1 0.00000 0 -2.000 -1.0000 -1.999 -0.0002 0 NA
40.00 0.10000 40.1 0.00000 0 -2.000 -1.0000 -1.999 -0.0002 0 NA
45.00 0.10000 45.1 0.00000 0 -2.000 -1.0000 -1.999 -0.0002 0 NA
50.00 0.10000 50.1 0.00000 0 -2.000 -1.0000 -1.999 -0.0002 0 NA
55.00 0.10000 55.1 0.00000 0 -2.000 -1.0000 -1.999 -0.0002 0 NA
60.00 0.10000 60.1 0.00005 0 -2.000 -1.0000 -1.999 -0.0001 0 NA
65.00 0.10000 65.1 0.00008 0 -2.000 -1.0000 -1.999 -0.0001 0 NA
70.00 0.10000 70.1 0.00015 0 -2.000 -1.0000 -2.000 -0.0002 0 NA
75.00 0.10000 75.1 0.00028 0 -2.000 -1.0000 -1.999 -0.0002 0 NA
80.00 0.10000 80.1 0.00056 0 -2.000 -1.0000 -1.999 -0.0001 0 NA
85.00 0.10000 85.1 0.00103 0 -2.000 -1.0000 -1.999 -0.0001 0 NA
90.00 0.10000 90.1 0.00178 0 -2.000 -1.0000 -1.999 -0.0001 0 NA
95.00 0.10000 95.1 0.00288 0 -2.000 -1.0000 -1.999 -0.0002 0 NA
100.00 0.10000 100.1 0.00437 0 -2.000 -1.0000 -1.999 -0.0001 0 NA
105.00 0.10000 105.1 0.00629 0 -2.000 -1.0000 -1.999 -0.0001 0 NA
110.00 0.10000 110.1 0.00866 0 -2.000 -1.0000 -1.999 -0.0001 0 NA
115.00 0.10000 115.1 0.01148 0 -2.000 -1.0000 -2.000 -0.0002 0 NA
120.00 0.10000 120.1 0.01476 0 -2.000 -1.0000 -1.999 -0.0001 0 NA
125.00 0.10000 125.1 0.01847 0 -2.000 -1.0000 -1.999 -0.0002 0 NA
130.00 0.10000 130.1 0.02258 0 -2.000 -1.0000 -1.999 -0.0002 0 NA
135.00 0.10000 135.1 0.02693 0 -2.000 -1.0000 -1.999 -0.0001 0 NA
140.00 0.10000 140.1 0.03145 0 -2.000 -1.0000 -1.999 -0.0002 0 NA
145.00 0.10000 145.1 0.03612 0 -2.000 -1.0000 -1.999 -0.0001 0 NA
150.00 0.10000 150.1 0.04098 0 -2.000 -1.0000 -1.999 -0.0002 0 NA
155.00 0.09677 155.1 0.04587 0 -2.000 -1.0000 -1.999 -0.0001 0 NA
160.00 0.09375 160.1 0.05086 0 -2.000 -1.0000 -1.999 -0.0002 0 NA
165.00 0.09091 165.1 0.05601 0 -2.000 -1.0000 -1.999 -0.0001 0 NA
170.00 0.08824 170.1 0.06117 0 -2.000 -1.0000 -1.999 -0.0002 0 NA
175.00 0.08571 175.1 0.06686 0 -2.000 -1.0000 -1.999 -0.0001 0 NA
180.00 0.08333 180.1 0.07238 0 -2.000 -1.0000 -1.999 -0.0002 0 NA
185.00 0.08108 185.1 0.07805 0 -2.000 -1.0000 -2.000 -0.0001 0 NA
190.00 0.07895 187.0 0.08004 1 -2.000 -1.0000 -1.999 -0.0001 0 NA
0.00 0.10000 0.1 0.00000 0 -2.500 -1.0000 -2.499 -0.0001 0 NA
5.00 0.10000 5.1 0.00000 0 -2.500 -1.0000 -2.499 -0.0001 0 NA
10.00 0.10000 10.1 0.00000 0 -2.500 -1.0000 -2.499 -0.0002 0 NA
15.00 0.10000 15.1 0.00000 0 -2.500 -1.0000 -2.499 -0.0002 0 NA
20.00 0.10000 20.1 0.00000 0 -2.500 -1.0000 -2.499 -0.0001 0 NA
25.00 0.10000 25.1 0.00000 0 -2.500 -1.0000 -2.499 -0.0002 0 NA
30.00 0.10000 30.1 0.00000 0 -2.500 -1.0000 -2.499 -0.0001 0 NA
35.00 0.10000 35.1 0.00000 0 -2.500 -1.0000 -2.499 -0.0001 0 NA
40.00 0.10000 40.1 0.00000 0 -2.500 -1.0000 -2.499 -0.0001 0 NA
45.00 0.10000 45.0 0.00000 0 -2.500 -1.0000 -2.499 -0.0001 0 NA
50.00 0.10000 50.1 0.00000 0 -2.500 -1.0000 -2.499 -0.0001 0 NA
55.00 0.10000 55.1 0.00000 0 -2.500 -1.0000 -2.499 -0.0001 0 NA
60.00 0.10000 60.1 0.00000 0 -2.500 -1.0000 -2.499 -0.0002 0 NA
65.00 0.10000 65.1 0.00000 0 -2.500 -1.0000 -2.499 -0.0001 0 NA
70.00 0.10000 70.1 0.00000 0 -2.500 -1.0000 -2.499 -0.0001 0 NA
75.00 0.10000 75.1 0.00006 0 -2.500 -1.0000 -2.499 -0.0001 0 NA
80.00 0.10000 80.1 0.00008 0 -2.500 -1.0000 -2.499 -0.0001 0 NA
85.00 0.10000 85.1 0.00015 0 -2.500 -1.0000 -2.499 -0.0002 0 NA
90.00 0.10000 90.1 0.00028 0 -2.500 -1.0000 -2.499 -0.0001 0 NA
95.00 0.10000 95.1 0.00054 0 -2.500 -1.0000 -2.499 -0.0002 0 NA
100.00 0.10000 100.1 0.00097 0 -2.500 -1.0000 -2.499 -0.0002 0 NA
105.00 0.10000 105.1 0.00163 0 -2.500 -1.0000 -2.499 -0.0001 0 NA
110.00 0.10000 110.1 0.00261 0 -2.500 -1.0000 -2.499 -0.0001 0 NA
115.00 0.10000 115.1 0.00393 0 -2.500 -1.0000 -2.499 -0.0002 0 NA
120.00 0.10000 120.1 0.00565 0 -2.500 -1.0000 -2.499 -0.0001 0 NA
125.00 0.10000 125.1 0.00778 0 -2.500 -1.0000 -2.499 -0.0001 0 NA
130.00 0.10000 130.1 0.01032 0 -2.500 -1.0000 -2.499 -0.0001 0 NA
135.00 0.10000 135.1 0.01329 0 -2.500 -1.0000 -2.499 -0.0002 0 NA
140.00 0.10000 140.1 0.01672 0 -2.500 -1.0000 -2.499 -0.0001 0 NA
145.00 0.10000 145.1 0.02051 0 -2.500 -1.0000 -2.499 -0.0001 0 NA
150.00 0.10000 150.1 0.02463 0 -2.500 -1.0000 -2.499 -0.0001 0 NA
155.00 0.09677 155.1 0.02898 0 -2.500 -1.0000 -2.499 -0.0002 0 NA
160.00 0.09375 160.1 0.03357 0 -2.500 -1.0000 -2.499 -0.0002 0 NA
165.00 0.09091 165.1 0.03821 0 -2.500 -1.0000 -2.499 -0.0002 0 NA
170.00 0.08824 170.1 0.04299 0 -2.500 -1.0000 -2.499 -0.0002 0 NA
175.00 0.08571 175.1 0.04813 0 -2.500 -1.0000 -2.499 -0.0001 0 NA
180.00 0.08333 180.1 0.05337 0 -2.500 -1.0000 -2.499 -0.0001 0 NA
185.00 0.08108 185.1 0.05879 0 -2.500 -1.0000 -2.499 -0.0001 0 NA
190.00 0.07895 190.1 0.06414 0 -2.500 -1.0000 -2.499 -0.0002 0 NA
195.00 0.07692 195.1 0.06952 0 -2.500 -1.0000 -2.499 -0.0002 0 NA
200.00 0.07500 200.1 0.07485 0 -2.500 -1.0000 -2.499 -0.0002 0 NA
205.00 0.07317 205.1 0.07997 1 -2.500 -1.0000 -2.499 -0.0002 0 NA
0.00 0.10000 0.1 0.00000 0 -3.000 -1.0000 -3.000 -0.0001 0 NA
5.00 0.10000 5.1 0.00000 0 -3.000 -1.0000 -3.000 -0.0001 0 NA
10.00 0.10000 10.1 0.00000 0 -3.000 -1.0000 -3.000 -0.0002 0 NA
15.00 0.10000 15.1 0.00000 0 -3.000 -1.0000 -3.000 -0.0002 0 NA
20.00 0.10000 20.1 0.00000 0 -3.000 -1.0000 -3.000 -0.0001 0 NA
25.00 0.10000 25.1 0.00000 0 -3.000 -1.0000 -3.000 -0.0001 0 NA
30.00 0.10000 30.1 0.00000 0 -3.000 -1.0000 -3.000 -0.0001 0 NA
35.00 0.10000 35.1 0.00000 0 -3.000 -1.0000 -3.000 -0.0001 0 NA
40.00 0.10000 40.1 0.00000 0 -3.000 -1.0000 -3.000 -0.0002 0 NA
45.00 0.10000 45.1 0.00000 0 -3.000 -1.0000 -3.000 -0.0002 0 NA
50.00 0.10000 50.1 0.00000 0 -3.000 -1.0000 -3.000 -0.0002 0 NA
55.00 0.10000 55.1 0.00000 0 -3.000 -1.0000 -3.000 -0.0001 0 NA
60.00 0.10000 60.1 0.00000 0 -3.000 -1.0000 -3.000 -0.0001 0 NA
65.00 0.10000 65.1 0.00000 0 -3.000 -1.0000 -3.000 -0.0001 0 NA
70.00 0.10000 70.1 0.00000 0 -3.000 -1.0000 -3.000 -0.0002 0 NA
75.00 0.10000 75.1 0.00000 0 -3.000 -1.0000 -3.000 -0.0001 0 NA
80.00 0.10000 80.1 0.00000 0 -3.000 -1.0000 -3.000 -0.0002 0 NA
85.00 0.10000 85.1 0.00005 0 -3.000 -1.0000 -3.000 -0.0002 0 NA
90.00 0.10000 90.1 0.00006 0 -3.000 -1.0000 -3.000 -0.0001 0 NA
95.00 0.10000 95.1 0.00009 0 -3.000 -1.0000 -3.000 -0.0002 0 NA
100.00 0.10000 100.1 0.00015 0 -3.000 -1.0000 -3.000 -0.0002 0 NA
105.00 0.10000 105.1 0.00028 0 -3.000 -1.0000 -3.000 -0.0002 0 NA
110.00 0.10000 110.1 0.00051 0 -3.000 -1.0000 -3.000 -0.0001 0 NA
115.00 0.10000 115.1 0.00090 0 -3.000 -1.0000 -3.000 -0.0001 0 NA
120.00 0.10000 120.1 0.00149 0 -3.000 -1.0000 -3.000 -0.0002 0 NA
125.00 0.10000 125.1 0.00237 0 -3.000 -1.0000 -3.000 -0.0001 0 NA
130.00 0.10000 130.1 0.00355 0 -3.000 -1.0000 -3.000 -0.0002 0 NA
135.00 0.10000 135.1 0.00510 0 -3.000 -1.0000 -3.000 -0.0001 0 NA
140.00 0.10000 140.1 0.00702 0 -3.000 -1.0000 -3.000 -0.0002 0 NA
145.00 0.10000 145.1 0.00933 0 -3.000 -1.0000 -3.000 -0.0001 0 NA
150.00 0.10000 150.1 0.01204 0 -3.000 -1.0000 -3.000 -0.0002 0 NA
155.00 0.09677 155.1 0.01517 0 -3.000 -1.0000 -3.000 -0.0001 0 NA
160.00 0.09375 160.1 0.01868 0 -3.000 -1.0000 -3.000 -0.0001 0 NA
165.00 0.09091 165.1 0.02252 0 -3.000 -1.0000 -3.000 -0.0001 0 NA
170.00 0.08824 170.1 0.02667 0 -3.000 -1.0000 -3.000 -0.0002 0 NA
175.00 0.08571 175.1 0.03128 0 -3.000 -1.0000 -3.000 -0.0002 0 NA
180.00 0.08333 180.1 0.03598 0 -3.000 -1.0000 -3.000 -0.0001 0 NA
185.00 0.08108 185.1 0.04064 0 -3.000 -1.0000 -3.000 -0.0001 0 NA
190.00 0.07895 190.1 0.04552 0 -3.000 -1.0000 -3.000 -0.0001 0 NA
195.00 0.07692 195.1 0.05062 0 -3.000 -1.0000 -3.000 -0.0001 0 NA
200.00 0.07500 200.1 0.05585 0 -3.000 -1.0000 -3.000 -0.0001 0 NA
205.00 0.07317 205.1 0.06097 0 -3.000 -1.0000 -3.000 -0.0001 0 NA
210.00 0.07143 210.1 0.06619 0 -3.000 -1.0000 -3.000 -0.0001 0 NA
215.00 0.06977 204.7 0.06003 1 -3.000 -1.0000 -3.000 -0.0002 0 NA
0.00 0.10000 0.1 0.00000 0 -3.500 -1.0000 -3.500 -0.0001 0 NA
5.00 0.10000 5.1 0.00000 0 -3.500 -1.0000 -3.500 -0.0001 0 NA
10.00 0.10000 10.1 0.00000 0 -3.500 -1.0000 -3.500 -0.0002 0 NA
15.00 0.10000 15.1 0.00000 0 -3.500 -1.0000 -3.500 -0.0001 0 NA
20.00 0.10000 20.1 0.00000 0 -3.500 -1.0000 -3.500 -0.0002 0 NA
25.00 0.10000 25.1 0.00000 0 -3.500 -1.0000 -3.500 -0.0001 0 NA
30.00 0.10000 30.1 0.00000 0 -3.500 -1.0000 -3.500 -0.0002 0 NA
35.00 0.10000 35.1 0.00000 0 -3.500 -1.0000 -3.500 -0.0001 0 NA
40.00 0.10000 40.1 0.00000 0 -3.500 -1.0000 -3.500 -0.0001 0 NA
45.00 0.10000 45.1 0.00000 0 -3.500 -1.0000 -3.500 -0.0001 0 NA
50.00 0.10000 50.1 0.00000 0 -3.500 -1.0000 -3.500 -0.0001 0 NA
55.00 0.10000 55.1 0.00000 0 -3.500 -1.0000 -3.500 -0.0001 0 NA
60.00 0.10000 60.1 0.00000 0 -3.500 -1.0000 -3.500 -0.0002 0 NA
65.00 0.10000 65.1 0.00000 0 -3.500 -1.0000 -3.500 -0.0002 0 NA
70.00 0.10000 70.1 0.00000 0 -3.500 -1.0000 -3.500 -0.0001 0 NA
75.00 0.10000 75.1 0.00000 0 -3.500 -1.0000 -3.500 -0.0001 0 NA
80.00 0.10000 80.1 0.00000 0 -3.500 -1.0000 -3.500 -0.0002 0 NA
85.00 0.10000 85.1 0.00000 0 -3.500 -1.0000 -3.500 -0.0002 0 NA
90.00 0.10000 90.1 0.00000 0 -3.500 -1.0000 -3.500 -0.0001 0 NA
95.00 0.10000 95.1 0.00000 0 -3.500 -1.0000 -3.500 -0.0002 0 NA
100.00 0.10000 100.1 0.00005 0 -3.500 -1.0000 -3.500 -0.0002 0 NA
105.00 0.10000 105.1 0.00006 0 -3.500 -1.0000 -3.500 -0.0001 0 NA
110.00 0.10000 110.1 0.00009 0 -3.500 -1.0000 -3.500 -0.0001 0 NA
115.00 0.10000 115.1 0.00015 0 -3.500 -1.0000 -3.500 -0.0001 0 NA
120.00 0.10000 120.1 0.00027 0 -3.500 -1.0000 -3.500 -0.0001 0 NA
125.00 0.10000 125.1 0.00049 0 -3.500 -1.0000 -3.500 -0.0002 0 NA
130.00 0.10000 130.1 0.00083 0 -3.500 -1.0000 -3.500 -0.0001 0 NA
135.00 0.10000 135.1 0.00136 0 -3.500 -1.0000 -3.500 -0.0002 0 NA
140.00 0.10000 140.1 0.00213 0 -3.500 -1.0000 -3.500 -0.0002 0 NA
145.00 0.10000 145.1 0.00319 0 -3.500 -1.0000 -3.500 -0.0001 0 NA
150.00 0.10000 150.1 0.00457 0 -3.500 -1.0000 -3.500 -0.0001 0 NA
155.00 0.09677 155.1 0.00631 0 -3.500 -1.0000 -3.500 -0.0001 0 NA
160.00 0.09375 160.1 0.00838 0 -3.500 -1.0000 -3.500 -0.0001 0 NA
165.00 0.09091 165.1 0.01085 0 -3.500 -1.0000 -3.500 -0.0001 0 NA
170.00 0.08824 170.1 0.01373 0 -3.500 -1.0000 -3.500 -0.0001 0 NA
175.00 0.08571 175.1 0.01699 0 -3.500 -1.0000 -3.500 -0.0002 0 NA
180.00 0.08333 180.1 0.02085 0 -3.500 -1.0000 -3.500 -0.0001 0 NA
185.00 0.08108 185.1 0.02495 0 -3.500 -1.0000 -3.500 -0.0001 0 NA
190.00 0.07895 190.1 0.02922 0 -3.500 -1.0000 -3.500 -0.0001 0 NA
195.00 0.07692 195.1 0.03358 0 -3.500 -1.0000 -3.500 -0.0002 0 NA
200.00 0.07500 200.1 0.03811 0 -3.500 -1.0000 -3.500 -0.0001 0 NA
205.00 0.07317 205.1 0.04315 0 -3.500 -1.0000 -3.500 -0.0002 0 NA
210.00 0.07143 210.1 0.04786 0 -3.500 -1.0000 -3.500 -0.0002 0 NA
215.00 0.06977 215.1 0.05270 0 -3.500 -1.0000 -3.500 -0.0001 0 NA
220.00 0.06818 220.1 0.05762 0 -3.500 -1.0000 -3.500 -0.0001 0 NA
225.00 0.06667 222.9 0.06003 1 -3.500 -1.0000 -3.500 -0.0001 0 NA
0.00 0.10000 0.2 0.00000 0 -4.000 -1.0000 -4.000 -0.0001 0 NA
5.00 0.10000 5.1 0.00000 0 -4.000 -1.0000 -4.000 -0.0001 0 NA
10.00 0.10000 10.1 0.00000 0 -4.000 -1.0000 -4.000 -0.0001 0 NA
15.00 0.10000 15.1 0.00000 0 -4.000 -1.0000 -4.000 -0.0001 0 NA
20.00 0.10000 20.1 0.00000 0 -4.000 -1.0000 -4.000 -0.0001 0 NA
25.00 0.10000 25.1 0.00000 0 -4.000 -1.0000 -4.000 -0.0001 0 NA
30.00 0.10000 30.1 0.00000 0 -4.000 -1.0000 -4.000 -0.0002 0 NA
35.00 0.10000 35.1 0.00000 0 -4.000 -1.0000 -4.000 -0.0002 0 NA
40.00 0.10000 40.1 0.00000 0 -4.000 -1.0000 -4.000 -0.0002 0 NA
45.00 0.10000 45.1 0.00000 0 -4.000 -1.0000 -4.000 -0.0001 0 NA
50.00 0.10000 50.1 0.00000 0 -4.000 -1.0000 -4.000 -0.0001 0 NA
55.00 0.10000 55.1 0.00000 0 -4.000 -1.0000 -4.000 -0.0001 0 NA
60.00 0.10000 60.1 0.00000 0 -4.000 -1.0000 -4.000 -0.0001 0 NA
65.00 0.10000 65.1 0.00000 0 -4.000 -1.0000 -4.000 -0.0001 0 NA
70.00 0.10000 70.1 0.00000 0 -4.000 -1.0000 -4.000 -0.0002 0 NA
75.00 0.10000 75.1 0.00000 0 -4.000 -1.0000 -4.000 -0.0001 0 NA
80.00 0.10000 80.1 0.00000 0 -4.000 -1.0000 -4.000 -0.0001 0 NA
85.00 0.10000 85.1 0.00000 0 -4.000 -1.0000 -4.000 -0.0001 0 NA
90.00 0.10000 90.1 0.00000 0 -4.000 -1.0000 -4.000 -0.0001 0 NA
95.00 0.10000 95.1 0.00000 0 -4.000 -1.0000 -4.000 -0.0001 0 NA
100.00 0.10000 100.1 0.00000 0 -4.000 -1.0000 -4.001 -0.0002 0 NA
105.00 0.10000 105.1 0.00000 0 -4.000 -1.0000 -4.000 -0.0001 0 NA
110.00 0.10000 110.1 0.00000 0 -4.000 -1.0000 -4.000 -0.0001 0 NA
115.00 0.10000 115.1 0.00005 0 -4.000 -1.0000 -4.000 -0.0002 0 NA
120.00 0.10000 120.1 0.00007 0 -4.000 -1.0000 -4.000 -0.0001 0 NA
125.00 0.10000 125.1 0.00009 0 -4.000 -1.0000 -4.000 -0.0002 0 NA
130.00 0.10000 130.1 0.00015 0 -4.000 -1.0000 -4.000 -0.0001 0 NA
135.00 0.10000 135.1 0.00027 0 -4.000 -1.0000 -4.000 -0.0001 0 NA
140.00 0.10000 140.1 0.00047 0 -4.000 -1.0000 -4.000 -0.0002 0 NA
145.00 0.10000 145.1 0.00078 0 -4.000 -1.0000 -4.000 -0.0001 0 NA
150.00 0.10000 150.1 0.00127 0 -4.000 -1.0000 -4.000 -0.0002 0 NA
155.00 0.09677 155.1 0.00198 0 -4.000 -1.0000 -4.000 -0.0002 0 NA
160.00 0.09375 160.1 0.00295 0 -4.000 -1.0000 -4.000 -0.0001 0 NA
165.00 0.09091 165.1 0.00421 0 -4.000 -1.0000 -4.000 -0.0001 0 NA
170.00 0.08824 170.1 0.00589 0 -4.000 -1.0000 -4.000 -0.0002 0 NA
175.00 0.08571 175.1 0.00783 0 -4.000 -1.0000 -4.000 -0.0002 0 NA
180.00 0.08333 180.1 0.01020 0 -4.000 -1.0000 -4.000 -0.0001 0 NA
185.00 0.08108 185.1 0.01291 0 -4.000 -1.0000 -4.000 -0.0001 0 NA
190.00 0.07895 190.1 0.01607 0 -4.000 -1.0000 -4.000 -0.0001 0 NA
195.00 0.07692 195.1 0.01950 0 -4.000 -1.0000 -4.000 -0.0002 0 NA
200.00 0.07500 200.1 0.02322 0 -4.000 -1.0000 -4.000 -0.0002 0 NA
205.00 0.07317 205.1 0.02705 0 -4.000 -1.0000 -4.000 -0.0001 0 NA
210.00 0.07143 210.1 0.03139 0 -4.000 -1.0000 -4.000 -0.0001 0 NA
215.00 0.06977 215.1 0.03577 0 -4.000 -1.0000 -4.000 -0.0002 0 NA
220.00 0.06818 220.1 0.04038 0 -4.000 -1.0000 -4.000 -0.0001 0 NA
225.00 0.06667 225.1 0.04500 0 -4.000 -1.0000 -4.000 -0.0001 0 NA
230.00 0.06522 230.1 0.04970 0 -4.000 -1.0000 -4.000 -0.0002 0 NA
235.00 0.06383 235.1 0.05461 0 -4.000 -1.0000 -4.000 -0.0001 0 NA
240.00 0.06250 240.1 0.05943 0 -4.000 -1.0000 -4.000 -0.0001 0 NA
245.00 0.06122 241.3 0.06003 1 -4.000 -1.0000 -4.000 -0.0001 0 NA
0.00 0.10000 0.1 0.00000 0 -4.500 -1.0000 -4.500 -0.0002 0 NA
5.00 0.10000 5.1 0.00000 0 -4.500 -1.0000 -4.500 -0.0001 0 NA
10.00 0.10000 10.1 0.00000 0 -4.500 -1.0000 -4.500 -0.0002 0 NA
15.00 0.10000 15.1 0.00000 0 -4.500 -1.0000 -4.499 -0.0001 0 NA
20.00 0.10000 20.1 0.00000 0 -4.500 -1.0000 -4.499 -0.0002 0 NA
25.00 0.10000 25.1 0.00000 0 -4.500 -1.0000 -4.500 -0.0001 0 NA
30.00 0.10000 30.1 0.00000 0 -4.500 -1.0000 -4.500 -0.0002 0 NA
35.00 0.10000 35.1 0.00000 0 -4.500 -1.0000 -4.500 -0.0001 0 NA
40.00 0.10000 40.1 0.00000 0 -4.500 -1.0000 -4.500 -0.0001 0 NA
45.00 0.10000 45.0 0.00000 0 -4.500 -1.0000 -4.499 -0.0001 0 NA
50.00 0.10000 50.1 0.00000 0 -4.500 -1.0000 -4.500 -0.0002 0 NA
55.00 0.10000 55.1 0.00000 0 -4.500 -1.0000 -4.499 -0.0001 0 NA
60.00 0.10000 60.1 0.00000 0 -4.500 -1.0000 -4.500 -0.0001 0 NA
65.00 0.10000 65.1 0.00000 0 -4.500 -1.0000 -4.500 -0.0001 0 NA
70.00 0.10000 70.1 0.00000 0 -4.500 -1.0000 -4.500 -0.0001 0 NA
75.00 0.10000 75.1 0.00000 0 -4.500 -1.0000 -4.500 -0.0002 0 NA
80.00 0.10000 80.1 0.00000 0 -4.500 -1.0000 -4.500 -0.0001 0 NA
85.00 0.10000 85.1 0.00000 0 -4.500 -1.0000 -4.500 -0.0002 0 NA
90.00 0.10000 90.1 0.00000 0 -4.500 -1.0000 -4.500 -0.0001 0 NA
95.00 0.10000 95.1 0.00000 0 -4.500 -1.0000 -4.499 -0.0001 0 NA
100.00 0.10000 100.1 0.00000 0 -4.500 -1.0000 -4.499 -0.0001 0 NA
105.00 0.10000 105.1 0.00000 0 -4.500 -1.0000 -4.500 -0.0001 0 NA
110.00 0.10000 110.1 0.00000 0 -4.500 -1.0000 -4.500 -0.0001 0 NA
115.00 0.10000 115.1 0.00000 0 -4.500 -1.0000 -4.500 -0.0001 0 NA
120.00 0.10000 120.1 0.00000 0 -4.500 -1.0000 -4.499 -0.0001 0 NA
125.00 0.10000 125.1 0.00000 0 -4.500 -1.0000 -4.500 -0.0002 0 NA
130.00 0.10000 130.1 0.00005 0 -4.500 -1.0000 -4.499 -0.0001 0 NA
135.00 0.10000 135.1 0.00007 0 -4.500 -1.0000 -4.500 -0.0001 0 NA
140.00 0.10000 140.1 0.00010 0 -4.500 -1.0000 -4.500 -0.0002 0 NA
145.00 0.10000 145.1 0.00016 0 -4.500 -1.0000 -4.500 -0.0002 0 NA
150.00 0.10000 150.1 0.00028 0 -4.500 -1.0000 -4.499 -0.0001 0 NA
155.00 0.09677 155.1 0.00047 0 -4.500 -1.0000 -4.499 -0.0001 0 NA
160.00 0.09375 160.1 0.00078 0 -4.500 -1.0000 -4.500 -0.0001 0 NA
165.00 0.09091 165.1 0.00123 0 -4.500 -1.0000 -4.500 -0.0002 0 NA
170.00 0.08824 170.1 0.00190 0 -4.500 -1.0000 -4.500 -0.0002 0 NA
175.00 0.08571 175.1 0.00279 0 -4.500 -1.0000 -4.500 -0.0001 0 NA
180.00 0.08333 180.1 0.00397 0 -4.500 -1.0000 -4.500 -0.0001 0 NA
185.00 0.08108 185.1 0.00543 0 -4.500 -1.0000 -4.499 -0.0001 0 NA
190.00 0.07895 190.1 0.00731 0 -4.500 -1.0000 -4.500 -0.0001 0 NA
195.00 0.07692 195.1 0.00957 0 -4.500 -1.0000 -4.500 -0.0002 0 NA
200.00 0.07500 200.1 0.01206 0 -4.500 -1.0000 -4.500 -0.0001 0 NA
205.00 0.07317 205.1 0.01483 0 -4.500 -1.0000 -4.500 -0.0002 0 NA
210.00 0.07143 210.1 0.01807 0 -4.500 -1.0000 -4.500 -0.0001 0 NA
215.00 0.06977 215.1 0.02155 0 -4.500 -1.0000 -4.500 -0.0001 0 NA
220.00 0.06818 220.1 0.02538 0 -4.500 -1.0000 -4.500 -0.0001 0 NA
225.00 0.06667 225.1 0.02938 0 -4.500 -1.0000 -4.500 -0.0001 0 NA
230.00 0.06522 230.1 0.03358 0 -4.500 -1.0000 -4.499 -0.0001 0 NA
235.00 0.06383 235.1 0.03804 0 -4.500 -1.0000 -4.499 -0.0001 0 NA
240.00 0.06250 240.1 0.04251 0 -4.500 -1.0000 -4.500 -0.0001 0 NA
245.00 0.06122 245.1 0.04705 0 -4.500 -1.0000 -4.500 -0.0001 0 NA
250.00 0.06000 250.1 0.05168 0 -4.500 -1.0000 -4.500 -0.0002 0 NA
255.00 0.05882 255.1 0.05654 0 -4.500 -1.0000 -4.499 -0.0002 0 NA
260.00 0.05769 260.1 0.06128 1 -4.500 -1.0000 -4.500 -0.0001 0 NA
0.00 0.10000 0.1 0.00000 0 -5.000 -1.0000 -4.999 -0.0001 0 NA
5.00 0.10000 5.1 0.00000 0 -5.000 -1.0000 -5.000 -0.0001 0 NA
10.00 0.10000 10.1 0.00000 0 -5.000 -1.0000 -4.999 -0.0001 0 NA
15.00 0.10000 15.1 0.00000 0 -5.000 -1.0000 -4.999 -0.0001 0 NA
20.00 0.10000 20.1 0.00000 0 -5.000 -1.0000 -5.000 -0.0002 0 NA
25.00 0.10000 25.1 0.00000 0 -5.000 -1.0000 -4.999 -0.0001 0 NA
30.00 0.10000 30.1 0.00000 0 -5.000 -1.0000 -5.000 -0.0002 0 NA
35.00 0.10000 35.1 0.00000 0 -5.000 -1.0000 -4.999 -0.0001 0 NA
40.00 0.10000 40.1 0.00000 0 -5.000 -1.0000 -4.999 -0.0001 0 NA
45.00 0.10000 45.0 0.00000 0 -5.000 -1.0000 -4.999 -0.0002 0 NA
50.00 0.10000 50.1 0.00000 0 -5.000 -1.0000 -5.000 -0.0001 0 NA
55.00 0.10000 55.1 0.00000 0 -5.000 -1.0000 -4.999 -0.0002 0 NA
60.00 0.10000 60.1 0.00000 0 -5.000 -1.0000 -4.999 -0.0002 0 NA
65.00 0.10000 65.1 0.00000 0 -5.000 -1.0000 -5.000 -0.0001 0 NA
70.00 0.10000 70.1 0.00000 0 -5.000 -1.0000 -5.000 -0.0001 0 NA
75.00 0.10000 75.1 0.00000 0 -5.000 -1.0000 -4.999 -0.0001 0 NA
80.00 0.10000 80.1 0.00000 0 -5.000 -1.0000 -4.999 -0.0002 0 NA
85.00 0.10000 85.1 0.00000 0 -5.000 -1.0000 -5.000 -0.0001 0 NA
90.00 0.10000 90.1 0.00000 0 -5.000 -1.0000 -5.000 -0.0002 0 NA
95.00 0.10000 95.1 0.00000 0 -5.000 -1.0000 -4.999 -0.0002 0 NA
100.00 0.10000 100.1 0.00000 0 -5.000 -1.0000 -5.000 -0.0002 0 NA
105.00 0.10000 105.1 0.00000 0 -5.000 -1.0000 -4.999 -0.0001 0 NA
110.00 0.10000 110.1 0.00000 0 -5.000 -1.0000 -4.999 -0.0001 0 NA
115.00 0.10000 115.1 0.00000 0 -5.000 -1.0000 -5.000 -0.0001 0 NA
120.00 0.10000 120.1 0.00000 0 -5.000 -1.0000 -5.000 -0.0001 0 NA
125.00 0.10000 125.1 0.00000 0 -5.000 -1.0000 -5.000 -0.0001 0 NA
130.00 0.10000 130.1 0.00000 0 -5.000 -1.0000 -5.000 -0.0001 0 NA
135.00 0.10000 135.1 0.00000 0 -5.000 -1.0000 -4.999 -0.0001 0 NA
140.00 0.10000 140.1 0.00000 0 -5.000 -1.0000 -4.999 -0.0002 0 NA
145.00 0.10000 145.1 0.00005 0 -5.000 -1.0000 -4.999 -0.0002 0 NA
150.00 0.10000 150.1 0.00007 0 -5.000 -1.0000 -5.000 -0.0001 0 NA
155.00 0.09677 155.1 0.00010 0 -5.000 -1.0000 -5.000 -0.0001 0 NA
160.00 0.09375 160.1 0.00016 0 -5.000 -1.0000 -4.999 -0.0001 0 NA
165.00 0.09091 165.1 0.00028 0 -5.000 -1.0000 -4.999 -0.0001 0 NA
170.00 0.08824 170.1 0.00045 0 -5.000 -1.0000 -5.000 -0.0001 0 NA
175.00 0.08571 175.1 0.00074 0 -5.000 -1.0000 -4.999 -0.0002 0 NA
180.00 0.08333 180.1 0.00117 0 -5.000 -1.0000 -5.000 -0.0001 0 NA
185.00 0.08108 185.1 0.00177 0 -5.000 -1.0000 -5.000 -0.0001 0 NA
190.00 0.07895 190.1 0.00261 0 -5.000 -1.0000 -4.999 -0.0001 0 NA
195.00 0.07692 195.1 0.00368 0 -5.000 -1.0000 -4.999 -0.0001 0 NA
200.00 0.07500 200.1 0.00511 0 -5.000 -1.0000 -4.999 -0.0001 0 NA
205.00 0.07317 205.1 0.00676 0 -5.000 -1.0000 -5.000 -0.0001 0 NA
210.00 0.07143 210.1 0.00885 0 -5.000 -1.0000 -5.000 -0.0001 0 NA
215.00 0.06977 215.1 0.01117 0 -5.000 -1.0000 -4.999 -0.0001 0 NA
220.00 0.06818 220.1 0.01382 0 -5.000 -1.0000 -4.999 -0.0001 0 NA
225.00 0.06667 225.1 0.01682 0 -5.000 -1.0000 -4.999 -0.0002 0 NA
230.00 0.06522 230.1 0.02008 0 -5.000 -1.0000 -4.999 -0.0001 0 NA
235.00 0.06383 235.1 0.02362 0 -5.000 -1.0000 -4.999 -0.0002 0 NA
240.00 0.06250 240.1 0.02750 0 -5.000 -1.0000 -4.999 -0.0001 0 NA
245.00 0.06122 245.1 0.03149 0 -5.000 -1.0000 -5.000 -0.0001 0 NA
250.00 0.06000 250.1 0.03566 0 -5.000 -1.0000 -4.999 -0.0001 0 NA
255.00 0.05882 255.1 0.03995 0 -5.000 -1.0000 -4.999 -0.0001 0 NA
260.00 0.05769 260.1 0.04451 0 -5.000 -1.0000 -4.999 -0.0002 0 NA
265.00 0.05660 265.1 0.04896 0 -5.000 -1.0000 -4.999 -0.0001 0 NA
270.00 0.05556 270.1 0.05327 0 -5.000 -1.0000 -5.000 -0.0001 0 NA
275.00 0.05455 275.1 0.05776 1 -5.000 -1.0000 -4.999 -0.0001 0 NA
0.00 0.10000 0.1 0.00000 0 -5.500 -0.9091 -5.500 -0.0001 0 NA
5.00 0.10000 5.1 0.00000 0 -5.500 -0.9091 -5.500 -0.0001 0 NA
10.00 0.10000 10.1 0.00000 0 -5.500 -0.9091 -5.500 -0.0001 0 NA
15.00 0.10000 15.1 0.00000 0 -5.500 -0.9091 -5.500 -0.0001 0 NA
20.00 0.10000 20.1 0.00000 0 -5.500 -0.9091 -5.500 -0.0001 0 NA
25.00 0.10000 25.1 0.00000 0 -5.500 -0.9091 -5.500 -0.0001 0 NA
30.00 0.10000 30.1 0.00000 0 -5.500 -0.9091 -5.500 -0.0001 0 NA
35.00 0.10000 35.1 0.00000 0 -5.500 -0.9091 -5.500 -0.0001 0 NA
40.00 0.10000 40.1 0.00000 0 -5.500 -0.9091 -5.500 -0.0001 0 NA
45.00 0.10000 45.0 0.00000 0 -5.500 -0.9091 -5.500 -0.0001 0 NA
50.00 0.10000 50.1 0.00000 0 -5.500 -0.9091 -5.500 -0.0001 0 NA
55.00 0.10000 55.1 0.00000 0 -5.500 -0.9091 -5.500 -0.0002 0 NA
60.00 0.10000 60.1 0.00000 0 -5.500 -0.9091 -5.500 -0.0001 0 NA
65.00 0.10000 65.1 0.00000 0 -5.500 -0.9091 -5.500 -0.0001 0 NA
70.00 0.10000 70.1 0.00000 0 -5.500 -0.9091 -5.500 -0.0001 0 NA
75.00 0.10000 75.1 0.00000 0 -5.500 -0.9091 -5.500 -0.0001 0 NA
80.00 0.10000 80.1 0.00000 0 -5.500 -0.9091 -5.500 -0.0002 0 NA
85.00 0.10000 85.1 0.00000 0 -5.500 -0.9091 -5.500 -0.0001 0 NA
90.00 0.10000 90.1 0.00000 0 -5.500 -0.9091 -5.500 -0.0002 0 NA
95.00 0.10000 95.1 0.00000 0 -5.500 -0.9091 -5.500 -0.0001 0 NA
100.00 0.10000 100.1 0.00000 0 -5.500 -0.9091 -5.500 -0.0002 0 NA
105.00 0.10000 105.1 0.00000 0 -5.500 -0.9091 -5.500 -0.0002 0 NA
110.00 0.10000 110.1 0.00000 0 -5.500 -0.9091 -5.500 -0.0002 0 NA
115.00 0.10000 115.1 0.00000 0 -5.500 -0.9091 -5.500 -0.0001 0 NA
120.00 0.10000 120.1 0.00000 0 -5.500 -0.9091 -5.500 -0.0002 0 NA
125.00 0.10000 125.1 0.00000 0 -5.500 -0.9091 -5.500 -0.0001 0 NA
130.00 0.10000 130.1 0.00000 0 -5.500 -0.9091 -5.500 -0.0001 0 NA
135.00 0.10000 135.1 0.00000 0 -5.500 -0.9091 -5.500 -0.0001 0 NA
140.00 0.10000 140.1 0.00000 0 -5.500 -0.9091 -5.500 -0.0001 0 NA
145.00 0.10000 145.1 0.00000 0 -5.500 -0.9091 -5.500 -0.0002 0 NA
150.00 0.10000 150.1 0.00000 0 -5.500 -0.9091 -5.500 -0.0002 0 NA
155.00 0.09677 155.1 0.00000 0 -5.500 -0.9091 -5.500 -0.0002 0 NA
160.00 0.09375 160.1 0.00005 0 -5.500 -0.9091 -5.500 -0.0001 0 NA
165.00 0.09091 165.1 0.00007 0 -5.500 -0.9091 -5.500 -0.0001 0 NA
170.00 0.08824 170.1 0.00011 0 -5.500 -0.9091 -5.500 -0.0002 0 NA
175.00 0.08571 175.1 0.00017 0 -5.500 -0.9091 -5.500 -0.0001 0 NA
180.00 0.08333 180.1 0.00027 0 -5.500 -0.9091 -5.500 -0.0002 0 NA
185.00 0.08108 185.1 0.00045 0 -5.500 -0.9091 -5.500 -0.0001 0 NA
190.00 0.07895 190.1 0.00072 0 -5.500 -0.9091 -5.500 -0.0001 0 NA
195.00 0.07692 195.1 0.00112 0 -5.500 -0.9091 -5.500 -0.0001 0 NA
200.00 0.07500 200.1 0.00170 0 -5.500 -0.9091 -5.500 -0.0002 0 NA
205.00 0.07317 205.1 0.00249 0 -5.500 -0.9091 -5.500 -0.0001 0 NA
210.00 0.07143 210.1 0.00349 0 -5.500 -0.9091 -5.500 -0.0001 0 NA
215.00 0.06977 215.1 0.00476 0 -5.500 -0.9091 -5.500 -0.0002 0 NA
220.00 0.06818 220.1 0.00638 0 -5.500 -0.9091 -5.500 -0.0002 0 NA
225.00 0.06667 225.1 0.00824 0 -5.500 -0.9091 -5.500 -0.0001 0 NA
230.00 0.06522 230.1 0.01040 0 -5.500 -0.9091 -5.500 -0.0001 0 NA
235.00 0.06383 235.1 0.01290 0 -5.500 -0.9091 -5.500 -0.0001 0 NA
240.00 0.06250 240.1 0.01566 0 -5.500 -0.9091 -5.500 -0.0001 0 NA
245.00 0.06122 245.1 0.01871 0 -5.500 -0.9091 -5.500 -0.0002 0 NA
250.00 0.06000 250.1 0.02211 0 -5.500 -0.9091 -5.500 -0.0001 0 NA
255.00 0.05882 255.1 0.02568 0 -5.500 -0.9091 -5.500 -0.0001 0 NA
260.00 0.05769 260.1 0.02947 0 -5.500 -0.9091 -5.500 -0.0001 0 NA
265.00 0.05660 265.1 0.03343 0 -5.500 -0.9091 -5.500 -0.0001 0 NA
270.00 0.05556 270.1 0.03769 0 -5.500 -0.9091 -5.500 -0.0001 0 NA
275.00 0.05455 275.1 0.04192 0 -5.500 -0.9091 -5.500 -0.0001 0 NA
280.00 0.05357 280.1 0.04627 0 -5.500 -0.9091 -5.500 -0.0001 0 NA
285.00 0.05263 285.1 0.05086 0 -5.500 -0.9091 -5.500 -0.0001 0 NA
290.00 0.05172 290.1 0.05530 1 -5.500 -0.9091 -5.500 -0.0001 0 NA
0.00 0.10000 0.1 0.00000 0 -6.000 -0.8333 -6.000 -0.0001 0 NA
5.00 0.10000 5.1 0.00000 0 -6.000 -0.8333 -6.000 -0.0002 0 NA
10.00 0.10000 10.1 0.00000 0 -6.000 -0.8333 -6.000 -0.0001 0 NA
15.00 0.10000 15.1 0.00000 0 -6.000 -0.8333 -6.000 -0.0001 0 NA
20.00 0.10000 20.1 0.00000 0 -6.000 -0.8333 -6.000 -0.0001 0 NA
25.00 0.10000 25.1 0.00000 0 -6.000 -0.8333 -6.000 -0.0002 0 NA
30.00 0.10000 30.1 0.00000 0 -6.000 -0.8333 -6.000 -0.0002 0 NA
35.00 0.10000 35.1 0.00000 0 -6.000 -0.8333 -6.000 -0.0001 0 NA
40.00 0.10000 40.1 0.00000 0 -6.000 -0.8333 -6.000 -0.0001 0 NA
45.00 0.10000 45.0 0.00000 0 -6.000 -0.8333 -6.000 -0.0002 0 NA
50.00 0.10000 50.1 0.00000 0 -6.000 -0.8333 -6.000 -0.0001 0 NA
55.00 0.10000 55.1 0.00000 0 -6.000 -0.8333 -6.000 -0.0002 0 NA
60.00 0.10000 60.1 0.00000 0 -6.000 -0.8333 -6.000 -0.0001 0 NA
65.00 0.10000 65.1 0.00000 0 -6.000 -0.8333 -6.000 -0.0001 0 NA
70.00 0.10000 70.1 0.00000 0 -6.000 -0.8333 -6.000 -0.0001 0 NA
75.00 0.10000 75.1 0.00000 0 -6.000 -0.8333 -6.000 -0.0002 0 NA
80.00 0.10000 80.1 0.00000 0 -6.000 -0.8333 -6.000 -0.0001 0 NA
85.00 0.10000 85.1 0.00000 0 -6.000 -0.8333 -6.000 -0.0001 0 NA
90.00 0.10000 90.1 0.00000 0 -6.000 -0.8333 -6.000 -0.0001 0 NA
95.00 0.10000 95.1 0.00000 0 -6.000 -0.8333 -6.000 -0.0002 0 NA
100.00 0.10000 100.1 0.00000 0 -6.000 -0.8333 -6.000 -0.0001 0 NA
105.00 0.10000 105.1 0.00000 0 -6.000 -0.8333 -6.000 -0.0001 0 NA
110.00 0.10000 110.1 0.00000 0 -6.000 -0.8333 -6.000 -0.0001 0 NA
115.00 0.10000 115.1 0.00000 0 -6.000 -0.8333 -6.000 -0.0002 0 NA
120.00 0.10000 120.1 0.00000 0 -6.000 -0.8333 -6.000 -0.0002 0 NA
125.00 0.10000 125.1 0.00000 0 -6.000 -0.8333 -6.000 -0.0001 0 NA
130.00 0.10000 130.1 0.00000 0 -6.000 -0.8333 -6.000 -0.0001 0 NA
135.00 0.10000 135.1 0.00000 0 -6.000 -0.8333 -6.000 -0.0001 0 NA
140.00 0.10000 140.1 0.00000 0 -6.000 -0.8333 -6.000 -0.0001 0 NA
145.00 0.10000 145.1 0.00000 0 -6.000 -0.8333 -6.000 -0.0002 0 NA
150.00 0.10000 150.1 0.00000 0 -6.000 -0.8333 -6.000 -0.0001 0 NA
155.00 0.09677 155.1 0.00000 0 -6.000 -0.8333 -6.000 -0.0001 0 NA
160.00 0.09375 160.1 0.00000 0 -6.000 -0.8333 -6.000 -0.0002 0 NA
165.00 0.09091 165.1 0.00000 0 -6.000 -0.8333 -6.000 -0.0001 0 NA
170.00 0.08824 170.1 0.00000 0 -6.000 -0.8333 -6.000 -0.0001 0 NA
175.00 0.08571 175.1 0.00006 0 -6.000 -0.8333 -6.000 -0.0001 0 NA
180.00 0.08333 180.1 0.00007 0 -6.000 -0.8333 -6.000 -0.0001 0 NA
185.00 0.08108 185.1 0.00011 0 -6.000 -0.8333 -6.000 -0.0001 0 NA
190.00 0.07895 190.1 0.00017 0 -6.000 -0.8333 -6.000 -0.0002 0 NA
195.00 0.07692 195.1 0.00027 0 -6.000 -0.8333 -6.000 -0.0002 0 NA
200.00 0.07500 200.1 0.00044 0 -6.000 -0.8333 -6.000 -0.0002 0 NA
205.00 0.07317 205.1 0.00070 0 -6.000 -0.8333 -6.000 -0.0001 0 NA
210.00 0.07143 210.1 0.00109 0 -6.000 -0.8333 -6.000 -0.0001 0 NA
215.00 0.06977 215.1 0.00163 0 -6.000 -0.8333 -6.000 -0.0001 0 NA
220.00 0.06818 220.1 0.00234 0 -6.000 -0.8333 -6.000 -0.0001 0 NA
225.00 0.06667 225.1 0.00327 0 -6.000 -0.8333 -6.000 -0.0002 0 NA
230.00 0.06522 230.1 0.00450 0 -6.000 -0.8333 -6.000 -0.0002 0 NA
235.00 0.06383 235.1 0.00596 0 -6.000 -0.8333 -6.000 -0.0001 0 NA
240.00 0.06250 240.1 0.00767 0 -6.000 -0.8333 -6.000 -0.0002 0 NA
245.00 0.06122 245.1 0.00968 0 -6.000 -0.8333 -6.000 -0.0002 0 NA
250.00 0.06000 250.1 0.01201 0 -6.000 -0.8333 -6.000 -0.0001 0 NA
255.00 0.05882 255.1 0.01459 0 -6.000 -0.8333 -6.000 -0.0002 0 NA
260.00 0.05769 260.1 0.01745 0 -6.000 -0.8333 -6.000 -0.0002 0 NA
265.00 0.05660 265.1 0.02056 0 -6.000 -0.8333 -6.000 -0.0002 0 NA
270.00 0.05556 270.1 0.02402 0 -6.000 -0.8333 -6.000 -0.0001 0 NA
275.00 0.05455 275.1 0.02761 0 -6.000 -0.8333 -6.000 -0.0002 0 NA
280.00 0.05357 280.1 0.03141 0 -6.000 -0.8333 -6.000 -0.0002 0 NA
285.00 0.05263 285.1 0.03528 0 -6.000 -0.8333 -6.000 -0.0001 0 NA
290.00 0.05172 290.1 0.03938 0 -6.000 -0.8333 -6.000 -0.0002 0 NA
295.00 0.05085 295.1 0.04356 0 -6.000 -0.8333 -6.000 -0.0002 0 NA
300.00 0.05000 291.8 0.04002 1 -6.000 -0.8333 -6.000 -0.0001 0 NA
0.00 0.10000 0.1 0.00000 0 -6.500 -0.7692 -6.500 -0.0001 0 NA
5.00 0.10000 5.1 0.00000 0 -6.500 -0.7692 -6.500 -0.0001 0 NA
10.00 0.10000 10.1 0.00000 0 -6.500 -0.7692 -6.500 -0.0001 0 NA
15.00 0.10000 15.1 0.00000 0 -6.500 -0.7692 -6.500 -0.0001 0 NA
20.00 0.10000 20.1 0.00000 0 -6.500 -0.7692 -6.500 -0.0001 0 NA
25.00 0.10000 25.1 0.00000 0 -6.500 -0.7692 -6.500 -0.0002 0 NA
30.00 0.10000 30.1 0.00000 0 -6.500 -0.7692 -6.500 -0.0001 0 NA
35.00 0.10000 35.1 0.00000 0 -6.500 -0.7692 -6.500 -0.0001 0 NA
40.00 0.10000 40.1 0.00000 0 -6.500 -0.7692 -6.500 -0.0001 0 NA
45.00 0.10000 45.0 0.00000 0 -6.500 -0.7692 -6.500 -0.0002 0 NA
50.00 0.10000 50.1 0.00000 0 -6.500 -0.7692 -6.500 -0.0002 0 NA
55.00 0.10000 55.1 0.00000 0 -6.500 -0.7692 -6.500 -0.0001 0 NA
60.00 0.10000 60.1 0.00000 0 -6.500 -0.7692 -6.500 -0.0001 0 NA
65.00 0.10000 65.1 0.00000 0 -6.500 -0.7692 -6.500 -0.0001 0 NA
70.00 0.10000 70.1 0.00000 0 -6.500 -0.7692 -6.500 -0.0001 0 NA
75.00 0.10000 75.1 0.00000 0 -6.500 -0.7692 -6.500 -0.0002 0 NA
80.00 0.10000 80.1 0.00000 0 -6.500 -0.7692 -6.500 -0.0001 0 NA
85.00 0.10000 85.1 0.00000 0 -6.500 -0.7692 -6.500 -0.0001 0 NA
90.00 0.10000 90.1 0.00000 0 -6.500 -0.7692 -6.500 -0.0001 0 NA
95.00 0.10000 95.1 0.00000 0 -6.500 -0.7692 -6.500 -0.0001 0 NA
100.00 0.10000 100.1 0.00000 0 -6.500 -0.7692 -6.500 -0.0001 0 NA
105.00 0.10000 105.1 0.00000 0 -6.500 -0.7692 -6.500 -0.0001 0 NA
110.00 0.10000 110.1 0.00000 0 -6.500 -0.7692 -6.500 -0.0002 0 NA
115.00 0.10000 115.1 0.00000 0 -6.500 -0.7692 -6.500 -0.0001 0 NA
120.00 0.10000 120.1 0.00000 0 -6.500 -0.7692 -6.500 -0.0001 0 NA
125.00 0.10000 125.1 0.00000 0 -6.500 -0.7692 -6.500 -0.0002 0 NA
130.00 0.10000 130.1 0.00000 0 -6.500 -0.7692 -6.500 -0.0002 0 NA
135.00 0.10000 135.1 0.00000 0 -6.500 -0.7692 -6.500 -0.0001 0 NA
140.00 0.10000 140.1 0.00000 0 -6.500 -0.7692 -6.500 -0.0001 0 NA
145.00 0.10000 145.1 0.00000 0 -6.500 -0.7692 -6.500 -0.0002 0 NA
150.00 0.10000 150.1 0.00000 0 -6.500 -0.7692 -6.500 -0.0002 0 NA
155.00 0.09677 155.1 0.00000 0 -6.500 -0.7692 -6.500 -0.0001 0 NA
160.00 0.09375 160.1 0.00000 0 -6.500 -0.7692 -6.500 -0.0001 0 NA
165.00 0.09091 165.1 0.00000 0 -6.500 -0.7692 -6.500 -0.0001 0 NA
170.00 0.08824 170.1 0.00000 0 -6.500 -0.7692 -6.500 -0.0001 0 NA
175.00 0.08571 175.1 0.00000 0 -6.500 -0.7692 -6.500 -0.0001 0 NA
180.00 0.08333 180.1 0.00000 0 -6.500 -0.7692 -6.500 -0.0001 0 NA
185.00 0.08108 185.1 0.00005 0 -6.500 -0.7692 -6.500 -0.0001 0 NA
190.00 0.07895 190.1 0.00006 0 -6.500 -0.7692 -6.500 -0.0002 0 NA
195.00 0.07692 195.1 0.00007 0 -6.500 -0.7692 -6.500 -0.0001 0 NA
200.00 0.07500 200.1 0.00011 0 -6.500 -0.7692 -6.500 -0.0001 0 NA
205.00 0.07317 205.1 0.00017 0 -6.500 -0.7692 -6.500 -0.0001 0 NA
210.00 0.07143 210.1 0.00028 0 -6.500 -0.7692 -6.500 -0.0001 0 NA
215.00 0.06977 215.1 0.00043 0 -6.500 -0.7692 -6.500 -0.0001 0 NA
220.00 0.06818 220.1 0.00068 0 -6.500 -0.7692 -6.500 -0.0001 0 NA
225.00 0.06667 225.1 0.00106 0 -6.500 -0.7692 -6.500 -0.0001 0 NA
230.00 0.06522 230.1 0.00156 0 -6.500 -0.7692 -6.500 -0.0001 0 NA
235.00 0.06383 235.1 0.00224 0 -6.500 -0.7692 -6.500 -0.0001 0 NA
240.00 0.06250 240.1 0.00312 0 -6.500 -0.7692 -6.500 -0.0001 0 NA
245.00 0.06122 245.1 0.00420 0 -6.500 -0.7692 -6.500 -0.0002 0 NA
250.00 0.06000 250.1 0.00554 0 -6.500 -0.7692 -6.500 -0.0001 0 NA
255.00 0.05882 255.1 0.00714 0 -6.500 -0.7692 -6.500 -0.0001 0 NA
260.00 0.05769 260.1 0.00902 0 -6.500 -0.7692 -6.500 -0.0001 0 NA
265.00 0.05660 265.1 0.01116 0 -6.500 -0.7692 -6.500 -0.0002 0 NA
270.00 0.05556 270.1 0.01358 0 -6.500 -0.7692 -6.500 -0.0001 0 NA
275.00 0.05455 275.1 0.01631 0 -6.500 -0.7692 -6.500 -0.0001 0 NA
280.00 0.05357 280.1 0.01926 0 -6.500 -0.7692 -6.500 -0.0002 0 NA
285.00 0.05263 285.1 0.02243 0 -6.500 -0.7692 -6.500 -0.0002 0 NA
290.00 0.05172 290.1 0.02582 0 -6.500 -0.7692 -6.500 -0.0001 0 NA
295.00 0.05085 295.1 0.02952 0 -6.500 -0.7692 -6.500 -0.0001 0 NA
300.00 0.05000 300.1 0.03327 0 -6.500 -0.7692 -6.500 -0.0001 0 NA
305.00 0.04918 305.1 0.03716 0 -6.500 -0.7692 -6.500 -0.0001 0 NA
310.00 0.04839 310.1 0.04134 0 -6.500 -0.7692 -6.500 -0.0002 0 NA
315.00 0.04762 309.4 0.04002 1 -6.500 -0.7692 -6.500 -0.0002 0 NA
0.00 0.10000 0.1 0.00000 0 -7.000 -0.7143 -7.000 -0.0001 0 NA
5.00 0.10000 5.1 0.00000 0 -7.000 -0.7143 -7.000 -0.0001 0 NA
10.00 0.10000 10.1 0.00000 0 -7.000 -0.7143 -7.000 -0.0002 0 NA
15.00 0.10000 15.1 0.00000 0 -7.000 -0.7143 -7.000 -0.0001 0 NA
20.00 0.10000 20.1 0.00000 0 -7.000 -0.7143 -7.000 -0.0001 0 NA
25.00 0.10000 25.1 0.00000 0 -7.000 -0.7143 -6.999 -0.0001 0 NA
30.00 0.10000 30.1 0.00000 0 -7.000 -0.7143 -6.999 -0.0001 0 NA
35.00 0.10000 35.1 0.00000 0 -7.000 -0.7143 -7.000 -0.0001 0 NA
40.00 0.10000 40.1 0.00000 0 -7.000 -0.7143 -7.000 -0.0001 0 NA
45.00 0.10000 45.0 0.00000 0 -7.000 -0.7143 -7.000 -0.0001 0 NA
50.00 0.10000 50.1 0.00000 0 -7.000 -0.7143 -7.000 -0.0001 0 NA
55.00 0.10000 55.1 0.00000 0 -7.000 -0.7143 -7.000 -0.0001 0 NA
60.00 0.10000 60.1 0.00000 0 -7.000 -0.7143 -7.000 -0.0001 0 NA
65.00 0.10000 65.1 0.00000 0 -7.000 -0.7143 -7.000 -0.0001 0 NA
70.00 0.10000 70.1 0.00000 0 -7.000 -0.7143 -6.999 -0.0001 0 NA
75.00 0.10000 75.1 0.00000 0 -7.000 -0.7143 -7.000 -0.0001 0 NA
80.00 0.10000 80.1 0.00000 0 -7.000 -0.7143 -7.000 -0.0001 0 NA
85.00 0.10000 85.1 0.00000 0 -7.000 -0.7143 -7.000 -0.0001 0 NA
90.00 0.10000 90.1 0.00000 0 -7.000 -0.7143 -6.999 -0.0001 0 NA
95.00 0.10000 95.1 0.00000 0 -7.000 -0.7143 -7.000 -0.0001 0 NA
100.00 0.10000 100.1 0.00000 0 -7.000 -0.7143 -7.000 -0.0001 0 NA
105.00 0.10000 105.1 0.00000 0 -7.000 -0.7143 -7.000 -0.0001 0 NA
110.00 0.10000 110.1 0.00000 0 -7.000 -0.7143 -7.000 -0.0002 0 NA
115.00 0.10000 115.1 0.00000 0 -7.000 -0.7143 -7.000 -0.0001 0 NA
120.00 0.10000 120.1 0.00000 0 -7.000 -0.7143 -7.000 -0.0001 0 NA
125.00 0.10000 125.1 0.00000 0 -7.000 -0.7143 -7.000 -0.0002 0 NA
130.00 0.10000 130.1 0.00000 0 -7.000 -0.7143 -7.000 -0.0001 0 NA
135.00 0.10000 135.1 0.00000 0 -7.000 -0.7143 -7.000 -0.0001 0 NA
140.00 0.10000 140.1 0.00000 0 -7.000 -0.7143 -7.000 -0.0001 0 NA
145.00 0.10000 145.1 0.00000 0 -7.000 -0.7143 -7.000 -0.0001 0 NA
150.00 0.10000 150.1 0.00000 0 -7.000 -0.7143 -7.000 -0.0001 0 NA
155.00 0.09677 155.1 0.00000 0 -7.000 -0.7143 -7.000 -0.0001 0 NA
160.00 0.09375 160.1 0.00000 0 -7.000 -0.7143 -7.000 -0.0002 0 NA
165.00 0.09091 165.1 0.00000 0 -7.000 -0.7143 -7.000 -0.0002 0 NA
170.00 0.08824 170.1 0.00000 0 -7.000 -0.7143 -6.999 -0.0001 0 NA
175.00 0.08571 175.1 0.00000 0 -7.000 -0.7143 -7.000 -0.0001 0 NA
180.00 0.08333 180.1 0.00000 0 -7.000 -0.7143 -7.000 -0.0001 0 NA
185.00 0.08108 185.1 0.00000 0 -7.000 -0.7143 -7.000 -0.0001 0 NA
190.00 0.07895 190.1 0.00000 0 -7.000 -0.7143 -7.000 -0.0001 0 NA
195.00 0.07692 195.1 0.00000 0 -7.000 -0.7143 -7.000 -0.0002 0 NA
200.00 0.07500 200.1 0.00005 0 -7.000 -0.7143 -7.000 -0.0002 0 NA
205.00 0.07317 205.1 0.00006 0 -7.000 -0.7143 -7.000 -0.0001 0 NA
210.00 0.07143 210.1 0.00008 0 -7.000 -0.7143 -7.000 -0.0001 0 NA
215.00 0.06977 215.1 0.00012 0 -7.000 -0.7143 -7.000 -0.0001 0 NA
220.00 0.06818 220.1 0.00018 0 -7.000 -0.7143 -7.000 -0.0002 0 NA
225.00 0.06667 225.1 0.00028 0 -7.000 -0.7143 -7.000 -0.0002 0 NA
230.00 0.06522 230.1 0.00042 0 -7.000 -0.7143 -7.000 -0.0001 0 NA
235.00 0.06383 235.1 0.00068 0 -7.000 -0.7143 -7.000 -0.0001 0 NA
240.00 0.06250 240.1 0.00102 0 -7.000 -0.7143 -7.000 -0.0001 0 NA
245.00 0.06122 245.1 0.00149 0 -7.000 -0.7143 -7.000 -0.0002 0 NA
250.00 0.06000 250.1 0.00213 0 -7.000 -0.7143 -7.000 -0.0001 0 NA
255.00 0.05882 255.1 0.00293 0 -7.000 -0.7143 -7.000 -0.0001 0 NA
260.00 0.05769 260.1 0.00396 0 -7.000 -0.7143 -7.000 -0.0001 0 NA
265.00 0.05660 265.1 0.00519 0 -7.000 -0.7143 -7.000 -0.0001 0 NA
270.00 0.05556 270.1 0.00670 0 -7.000 -0.7143 -7.000 -0.0002 0 NA
275.00 0.05455 275.1 0.00844 0 -7.000 -0.7143 -7.000 -0.0001 0 NA
280.00 0.05357 280.1 0.01045 0 -7.000 -0.7143 -7.000 -0.0001 0 NA
285.00 0.05263 285.1 0.01271 0 -7.000 -0.7143 -7.000 -0.0001 0 NA
290.00 0.05172 290.1 0.01528 0 -7.000 -0.7143 -7.000 -0.0002 0 NA
295.00 0.05085 295.1 0.01804 0 -7.000 -0.7143 -7.000 -0.0002 0 NA
300.00 0.05000 300.1 0.02103 0 -7.000 -0.7143 -7.000 -0.0001 0 NA
305.00 0.04918 305.1 0.02434 0 -7.000 -0.7143 -7.000 -0.0002 0 NA
310.00 0.04839 310.1 0.02775 0 -7.000 -0.7143 -7.000 -0.0002 0 NA
315.00 0.04762 315.1 0.03133 0 -7.000 -0.7143 -7.000 -0.0002 0 NA
320.00 0.04688 320.1 0.03506 0 -7.000 -0.7143 -7.000 -0.0002 0 NA
325.00 0.04615 325.1 0.03918 0 -7.000 -0.7143 -7.000 -0.0001 0 NA
330.00 0.04545 327.1 0.04002 1 -7.000 -0.7143 -7.000 -0.0001 0 NA
0.00 0.10000 0.1 0.00000 0 -7.500 -0.6667 -7.499 -0.0001 0 NA
5.00 0.10000 5.1 0.00000 0 -7.500 -0.6667 -7.499 -0.0001 0 NA
10.00 0.10000 10.1 0.00000 0 -7.500 -0.6667 -7.499 -0.0001 0 NA
15.00 0.10000 15.1 0.00000 0 -7.500 -0.6667 -7.499 -0.0001 0 NA
20.00 0.10000 20.1 0.00000 0 -7.500 -0.6667 -7.499 -0.0001 0 NA
25.00 0.10000 25.1 0.00000 0 -7.500 -0.6667 -7.499 -0.0001 0 NA
30.00 0.10000 30.1 0.00000 0 -7.500 -0.6667 -7.499 -0.0001 0 NA
35.00 0.10000 35.1 0.00000 0 -7.500 -0.6667 -7.499 -0.0001 0 NA
40.00 0.10000 40.1 0.00000 0 -7.500 -0.6667 -7.499 -0.0001 0 NA
45.00 0.10000 45.0 0.00000 0 -7.500 -0.6667 -7.499 -0.0002 0 NA
50.00 0.10000 50.1 0.00000 0 -7.500 -0.6667 -7.499 -0.0001 0 NA
55.00 0.10000 55.1 0.00000 0 -7.500 -0.6667 -7.499 -0.0001 0 NA
60.00 0.10000 60.1 0.00000 0 -7.500 -0.6667 -7.499 -0.0001 0 NA
65.00 0.10000 65.1 0.00000 0 -7.500 -0.6667 -7.499 -0.0002 0 NA
70.00 0.10000 70.1 0.00000 0 -7.500 -0.6667 -7.499 -0.0001 0 NA
75.00 0.10000 75.1 0.00000 0 -7.500 -0.6667 -7.499 -0.0001 0 NA
80.00 0.10000 80.1 0.00000 0 -7.500 -0.6667 -7.499 -0.0001 0 NA
85.00 0.10000 85.1 0.00000 0 -7.500 -0.6667 -7.499 -0.0001 0 NA
90.00 0.10000 90.1 0.00000 0 -7.500 -0.6667 -7.499 -0.0001 0 NA
95.00 0.10000 95.1 0.00000 0 -7.500 -0.6667 -7.499 -0.0001 0 NA
100.00 0.10000 100.1 0.00000 0 -7.500 -0.6667 -7.499 -0.0001 0 NA
105.00 0.10000 105.1 0.00000 0 -7.500 -0.6667 -7.500 -0.0002 0 NA
110.00 0.10000 110.1 0.00000 0 -7.500 -0.6667 -7.499 -0.0001 0 NA
115.00 0.10000 115.1 0.00000 0 -7.500 -0.6667 -7.499 -0.0002 0 NA
120.00 0.10000 120.1 0.00000 0 -7.500 -0.6667 -7.499 -0.0001 0 NA
125.00 0.10000 125.1 0.00000 0 -7.500 -0.6667 -7.499 -0.0001 0 NA
130.00 0.10000 130.1 0.00000 0 -7.500 -0.6667 -7.499 -0.0001 0 NA
135.00 0.10000 135.1 0.00000 0 -7.500 -0.6667 -7.499 -0.0001 0 NA
140.00 0.10000 140.1 0.00000 0 -7.500 -0.6667 -7.499 -0.0001 0 NA
145.00 0.10000 145.1 0.00000 0 -7.500 -0.6667 -7.499 -0.0001 0 NA
150.00 0.10000 150.1 0.00000 0 -7.500 -0.6667 -7.499 -0.0001 0 NA
155.00 0.09677 155.1 0.00000 0 -7.500 -0.6667 -7.499 -0.0002 0 NA
160.00 0.09375 160.1 0.00000 0 -7.500 -0.6667 -7.499 -0.0001 0 NA
165.00 0.09091 165.1 0.00000 0 -7.500 -0.6667 -7.499 -0.0001 0 NA
170.00 0.08824 170.1 0.00000 0 -7.500 -0.6667 -7.499 -0.0001 0 NA
175.00 0.08571 175.1 0.00000 0 -7.500 -0.6667 -7.499 -0.0002 0 NA
180.00 0.08333 180.1 0.00000 0 -7.500 -0.6667 -7.499 -0.0001 0 NA
185.00 0.08108 185.1 0.00000 0 -7.500 -0.6667 -7.499 -0.0001 0 NA
190.00 0.07895 190.1 0.00000 0 -7.500 -0.6667 -7.499 -0.0001 0 NA
195.00 0.07692 195.1 0.00000 0 -7.500 -0.6667 -7.499 -0.0001 0 NA
200.00 0.07500 200.1 0.00000 0 -7.500 -0.6667 -7.499 -0.0001 0 NA
205.00 0.07317 205.1 0.00000 0 -7.500 -0.6667 -7.499 -0.0001 0 NA
210.00 0.07143 210.1 0.00000 0 -7.500 -0.6667 -7.499 -0.0001 0 NA
215.00 0.06977 215.1 0.00005 0 -7.500 -0.6667 -7.499 -0.0001 0 NA
220.00 0.06818 220.1 0.00006 0 -7.500 -0.6667 -7.499 -0.0002 0 NA
225.00 0.06667 225.1 0.00008 0 -7.500 -0.6667 -7.499 -0.0001 0 NA
230.00 0.06522 230.1 0.00012 0 -7.500 -0.6667 -7.499 -0.0001 0 NA
235.00 0.06383 235.1 0.00018 0 -7.500 -0.6667 -7.499 -0.0002 0 NA
240.00 0.06250 240.1 0.00028 0 -7.500 -0.6667 -7.499 -0.0001 0 NA
245.00 0.06122 245.1 0.00044 0 -7.500 -0.6667 -7.499 -0.0002 0 NA
250.00 0.06000 250.1 0.00067 0 -7.500 -0.6667 -7.499 -0.0001 0 NA
255.00 0.05882 255.1 0.00099 0 -7.500 -0.6667 -7.499 -0.0001 0 NA
260.00 0.05769 260.1 0.00143 0 -7.500 -0.6667 -7.499 -0.0002 0 NA
265.00 0.05660 265.1 0.00202 0 -7.500 -0.6667 -7.499 -0.0001 0 NA
270.00 0.05556 270.1 0.00278 0 -7.500 -0.6667 -7.499 -0.0002 0 NA
275.00 0.05455 275.1 0.00374 0 -7.500 -0.6667 -7.499 -0.0001 0 NA
280.00 0.05357 280.1 0.00490 0 -7.500 -0.6667 -7.499 -0.0001 0 NA
285.00 0.05263 285.1 0.00631 0 -7.500 -0.6667 -7.499 -0.0001 0 NA
290.00 0.05172 290.1 0.00795 0 -7.500 -0.6667 -7.499 -0.0002 0 NA
295.00 0.05085 295.1 0.00982 0 -7.500 -0.6667 -7.499 -0.0001 0 NA
300.00 0.05000 300.1 0.01194 0 -7.500 -0.6667 -7.499 -0.0001 0 NA
305.00 0.04918 305.1 0.01436 0 -7.500 -0.6667 -7.499 -0.0002 0 NA
310.00 0.04839 310.1 0.01697 0 -7.500 -0.6667 -7.499 -0.0001 0 NA
315.00 0.04762 315.1 0.01980 0 -7.500 -0.6667 -7.499 -0.0001 0 NA
320.00 0.04688 320.1 0.02293 0 -7.500 -0.6667 -7.499 -0.0001 0 NA
325.00 0.04615 325.1 0.02616 0 -7.500 -0.6667 -7.499 -0.0001 0 NA
330.00 0.04545 330.1 0.02955 0 -7.500 -0.6667 -7.499 -0.0001 0 NA
335.00 0.04478 335.1 0.03310 0 -7.500 -0.6667 -7.499 -0.0002 0 NA
340.00 0.04412 340.1 0.03695 0 -7.500 -0.6667 -7.499 -0.0002 0 NA
345.00 0.04348 345.1 0.04071 0 -7.500 -0.6667 -7.499 -0.0001 0 NA
350.00 0.04286 345.2 0.04002 1 -7.500 -0.6667 -7.499 -0.0001 0 NA
0.00 0.10000 0.1 0.00000 0 -8.000 -0.6250 -7.999 -0.0001 0 NA
5.00 0.10000 5.1 0.00000 0 -8.000 -0.6250 -7.999 -0.0001 0 NA
10.00 0.10000 10.1 0.00000 0 -8.000 -0.6250 -7.999 -0.0001 0 NA
15.00 0.10000 15.1 0.00000 0 -8.000 -0.6250 -7.999 -0.0001 0 NA
20.00 0.10000 20.1 0.00000 0 -8.000 -0.6250 -7.999 -0.0001 0 NA
25.00 0.10000 25.1 0.00000 0 -8.000 -0.6250 -7.999 -0.0002 0 NA
30.00 0.10000 30.1 0.00000 0 -8.000 -0.6250 -7.999 -0.0001 0 NA
35.00 0.10000 35.1 0.00000 0 -8.000 -0.6250 -7.999 -0.0001 0 NA
40.00 0.10000 40.1 0.00000 0 -8.000 -0.6250 -7.999 -0.0001 0 NA
45.00 0.10000 45.0 0.00000 0 -8.000 -0.6250 -7.999 -0.0001 0 NA
50.00 0.10000 50.1 0.00000 0 -8.000 -0.6250 -7.999 -0.0001 0 NA
55.00 0.10000 55.1 0.00000 0 -8.000 -0.6250 -7.999 -0.0001 0 NA
60.00 0.10000 60.1 0.00000 0 -8.000 -0.6250 -7.999 -0.0001 0 NA
65.00 0.10000 65.1 0.00000 0 -8.000 -0.6250 -7.999 -0.0001 0 NA
70.00 0.10000 70.1 0.00000 0 -8.000 -0.6250 -7.999 -0.0001 0 NA
75.00 0.10000 75.1 0.00000 0 -8.000 -0.6250 -7.999 -0.0002 0 NA
80.00 0.10000 80.1 0.00000 0 -8.000 -0.6250 -7.999 -0.0001 0 NA
85.00 0.10000 85.1 0.00000 0 -8.000 -0.6250 -7.999 -0.0001 0 NA
90.00 0.10000 90.1 0.00000 0 -8.000 -0.6250 -7.999 -0.0001 0 NA
95.00 0.10000 95.1 0.00000 0 -8.000 -0.6250 -7.999 -0.0001 0 NA
100.00 0.10000 100.1 0.00000 0 -8.000 -0.6250 -7.999 -0.0001 0 NA
105.00 0.10000 105.1 0.00000 0 -8.000 -0.6250 -7.999 -0.0001 0 NA
110.00 0.10000 110.1 0.00000 0 -8.000 -0.6250 -7.999 -0.0002 0 NA
115.00 0.10000 115.1 0.00000 0 -8.000 -0.6250 -7.999 -0.0001 0 NA
120.00 0.10000 120.1 0.00000 0 -8.000 -0.6250 -7.999 -0.0001 0 NA
125.00 0.10000 125.1 0.00000 0 -8.000 -0.6250 -7.999 -0.0001 0 NA
130.00 0.10000 130.1 0.00000 0 -8.000 -0.6250 -7.999 -0.0001 0 NA
135.00 0.10000 135.1 0.00000 0 -8.000 -0.6250 -7.999 -0.0001 0 NA
140.00 0.10000 140.1 0.00000 0 -8.000 -0.6250 -7.999 -0.0001 0 NA
145.00 0.10000 145.1 0.00000 0 -8.000 -0.6250 -7.999 -0.0001 0 NA
150.00 0.10000 150.1 0.00000 0 -8.000 -0.6250 -7.999 -0.0002 0 NA
155.00 0.09677 155.1 0.00000 0 -8.000 -0.6250 -7.999 -0.0001 0 NA
160.00 0.09375 160.1 0.00000 0 -8.000 -0.6250 -7.999 -0.0001 0 NA
165.00 0.09091 165.1 0.00000 0 -8.000 -0.6250 -7.999 -0.0001 0 NA
170.00 0.08824 170.1 0.00000 0 -8.000 -0.6250 -7.999 -0.0001 0 NA
175.00 0.08571 175.1 0.00000 0 -8.000 -0.6250 -7.999 -0.0002 0 NA
180.00 0.08333 180.1 0.00000 0 -8.000 -0.6250 -7.999 -0.0001 0 NA
185.00 0.08108 185.1 0.00000 0 -8.000 -0.6250 -7.999 -0.0002 0 NA
190.00 0.07895 190.1 0.00000 0 -8.000 -0.6250 -7.999 -0.0001 0 NA
195.00 0.07692 195.1 0.00000 0 -8.000 -0.6250 -7.999 -0.0002 0 NA
200.00 0.07500 200.1 0.00000 0 -8.000 -0.6250 -7.999 -0.0002 0 NA
205.00 0.07317 205.1 0.00000 0 -8.000 -0.6250 -7.999 -0.0001 0 NA
210.00 0.07143 210.1 0.00000 0 -8.000 -0.6250 -7.999 -0.0001 0 NA
215.00 0.06977 215.1 0.00000 0 -8.000 -0.6250 -7.999 -0.0001 0 NA
220.00 0.06818 220.1 0.00000 0 -8.000 -0.6250 -7.999 -0.0001 0 NA
225.00 0.06667 225.1 0.00000 0 -8.000 -0.6250 -7.999 -0.0001 0 NA
230.00 0.06522 230.1 0.00005 0 -8.000 -0.6250 -7.999 -0.0002 0 NA
235.00 0.06383 235.1 0.00007 0 -8.000 -0.6250 -7.999 -0.0001 0 NA
240.00 0.06250 240.1 0.00008 0 -8.000 -0.6250 -7.999 -0.0001 0 NA
245.00 0.06122 245.1 0.00013 0 -8.000 -0.6250 -7.999 -0.0001 0 NA
250.00 0.06000 250.1 0.00019 0 -8.000 -0.6250 -7.999 -0.0001 0 NA
255.00 0.05882 255.1 0.00028 0 -8.000 -0.6250 -7.999 -0.0001 0 NA
260.00 0.05769 260.1 0.00043 0 -8.000 -0.6250 -7.999 -0.0001 0 NA
265.00 0.05660 265.1 0.00065 0 -8.000 -0.6250 -7.999 -0.0002 0 NA
270.00 0.05556 270.1 0.00096 0 -8.000 -0.6250 -7.999 -0.0002 0 NA
275.00 0.05455 275.1 0.00137 0 -8.000 -0.6250 -7.999 -0.0001 0 NA
280.00 0.05357 280.1 0.00193 0 -8.000 -0.6250 -7.999 -0.0002 0 NA
285.00 0.05263 285.1 0.00263 0 -8.000 -0.6250 -7.999 -0.0001 0 NA
290.00 0.05172 290.1 0.00353 0 -8.000 -0.6250 -7.999 -0.0001 0 NA
295.00 0.05085 295.1 0.00462 0 -8.000 -0.6250 -7.999 -0.0001 0 NA
300.00 0.05000 300.1 0.00592 0 -8.000 -0.6250 -7.999 -0.0002 0 NA
305.00 0.04918 305.1 0.00745 0 -8.000 -0.6250 -7.999 -0.0001 0 NA
310.00 0.04839 310.1 0.00921 0 -8.000 -0.6250 -7.999 -0.0001 0 NA
315.00 0.04762 315.1 0.01123 0 -8.000 -0.6250 -7.999 -0.0001 0 NA
320.00 0.04688 320.1 0.01346 0 -8.000 -0.6250 -7.999 -0.0002 0 NA
325.00 0.04615 325.1 0.01590 0 -8.000 -0.6250 -7.999 -0.0001 0 NA
330.00 0.04545 330.1 0.01864 0 -8.000 -0.6250 -7.999 -0.0002 0 NA
335.00 0.04478 335.1 0.02152 0 -8.000 -0.6250 -7.999 -0.0001 0 NA
340.00 0.04412 340.1 0.02458 0 -8.000 -0.6250 -7.999 -0.0001 0 NA
345.00 0.04348 345.1 0.02766 0 -8.000 -0.6250 -7.999 -0.0002 0 NA
350.00 0.04286 350.1 0.03121 0 -8.000 -0.6250 -7.999 -0.0001 0 NA
355.00 0.04225 350.1 0.03065 0 -8.000 -0.6250 -7.999 -0.0001 0 NA
360.00 0.04167 360.1 0.03865 0 -8.000 -0.6250 -7.999 -0.0002 0 NA
365.00 0.04110 364.0 0.04090 1 -8.000 -0.6250 -7.999 -0.0001 0 NA
