% * Sample: EL34_18_AEG
% * Date / time: 2025-05-29 21:53:35.826578
% * R2CONTROL =  NOT SPECIFIED
% Column 1:  PSU1 nominal voltage setting (V)
% Column 2:  PSU1 nominal current setting (A)
% Column 3:  PSU1 voltage measurement (V)
% Column 4:  PSU1 current measurement (I)
% Column 5:  PSU1 limiter flag
% Column 6:  PSU2 nominal voltage setting (V)
% Column 7:  PSU2 nominal current setting (A)
% Column 8:  PSU2 voltage measurement (V)
% Column 9:  PSU2 current measurement (I)
% Column 10: PSU2 limiter flag
% Column 11: Heaterblock temperature (°C)
% * OPERATING POINT AT END OF PREHEAT / IDLE: U1 = 350.0 V  I1 = 0.04000 A  U2 = -32.078 V  I2 = -0.000 A  T = NA °C
0.00 0.15000 0.1 0.00000 0 -0.000 -1.000 -3.792 -0.000 0 NA
10.00 0.15000 10.0 0.00000 0 -0.000 -1.000 -2.543 -0.000 0 NA
20.00 0.15000 20.0 0.00150 0 -0.000 -1.000 -1.960 -0.000 0 NA
30.00 0.15000 30.0 0.00794 0 -0.000 -1.000 -1.340 -0.000 0 NA
40.00 0.15000 40.0 0.01763 0 -0.000 -1.000 -1.048 -0.000 0 NA
50.00 0.15000 50.0 0.02819 0 -0.000 -1.000 -0.735 -0.000 0 NA
60.00 0.15000 60.0 0.04015 0 -0.000 -1.000 -0.586 -0.000 0 NA
70.00 0.15000 70.0 0.05252 0 -0.000 -1.000 -0.426 -0.000 0 NA
80.00 0.15000 80.0 0.06522 0 -0.000 -1.000 -0.352 -0.000 0 NA
90.00 0.15000 90.0 0.07826 0 -0.000 -1.000 -0.274 -0.000 0 NA
100.00 0.15000 100.0 0.09156 0 -0.000 -1.000 -0.224 -0.000 0 NA
110.00 0.15000 110.0 0.10546 0 -0.000 -1.000 -0.200 -0.000 0 NA
120.00 0.15000 120.0 0.11979 0 -0.000 -1.000 -0.175 -0.000 0 NA
130.00 0.15000 130.0 0.13453 0 -0.000 -1.000 -0.162 -0.000 0 NA
140.00 0.15000 140.0 0.14969 0 -0.000 -1.000 -0.147 -0.000 0 NA
150.00 0.15000 146.7 0.16002 1 -0.000 -1.000 -0.130 -0.000 0 NA
0.00 0.15000 0.1 0.00000 0 -5.000 -1.000 -5.000 -0.000 0 NA
10.00 0.15000 10.0 0.00000 0 -5.000 -1.000 -5.000 -0.000 0 NA
20.00 0.15000 20.0 0.00000 0 -5.000 -1.000 -5.000 -0.000 0 NA
30.00 0.15000 30.0 0.00007 0 -5.000 -1.000 -5.000 -0.000 0 NA
40.00 0.15000 40.0 0.00071 0 -5.000 -1.000 -5.000 -0.000 0 NA
50.00 0.15000 50.0 0.00289 0 -5.000 -1.000 -5.000 -0.000 0 NA
60.00 0.15000 60.0 0.00663 0 -5.000 -1.000 -5.000 -0.000 0 NA
70.00 0.15000 70.0 0.01174 0 -5.000 -1.000 -5.000 -0.000 0 NA
80.00 0.15000 80.0 0.01807 0 -5.000 -1.000 -5.000 -0.000 0 NA
90.00 0.15000 90.0 0.02552 0 -5.000 -1.000 -5.000 -0.000 0 NA
100.00 0.15000 100.0 0.03399 0 -5.000 -1.000 -5.000 -0.000 0 NA
110.00 0.15000 110.0 0.04343 0 -5.000 -1.000 -5.000 -0.000 0 NA
120.00 0.15000 120.0 0.05370 0 -5.000 -1.000 -5.000 -0.000 0 NA
130.00 0.15000 130.0 0.06473 0 -5.000 -1.000 -5.000 -0.000 0 NA
140.00 0.15000 140.0 0.07644 0 -5.000 -1.000 -5.000 -0.000 0 NA
150.00 0.15000 150.0 0.08879 0 -5.000 -1.000 -5.000 -0.000 0 NA
160.00 0.15000 160.0 0.10173 0 -5.000 -1.000 -5.000 -0.000 0 NA
170.00 0.14706 170.0 0.11520 0 -5.000 -1.000 -5.000 -0.000 0 NA
180.00 0.13889 180.0 0.12918 0 -5.000 -1.000 -5.000 -0.000 0 NA
190.00 0.13158 187.7 0.14002 1 -5.000 -1.000 -5.000 -0.000 0 NA
0.00 0.15000 0.1 0.00000 0 -10.000 -0.500 -10.000 -0.000 0 NA
10.00 0.15000 10.0 0.00000 0 -10.000 -0.500 -10.000 -0.000 0 NA
20.00 0.15000 20.0 0.00000 0 -10.000 -0.500 -10.000 -0.000 0 NA
30.00 0.15000 30.0 0.00000 0 -10.000 -0.500 -10.000 -0.000 0 NA
40.00 0.15000 40.0 0.00000 0 -10.000 -0.500 -10.000 -0.000 0 NA
50.00 0.15000 50.0 0.00000 0 -10.000 -0.500 -10.000 -0.000 0 NA
60.00 0.15000 60.0 0.00000 0 -10.000 -0.500 -10.000 -0.000 0 NA
70.00 0.15000 70.0 0.00018 0 -10.000 -0.500 -10.000 -0.000 0 NA
80.00 0.15000 80.0 0.00096 0 -10.000 -0.500 -10.000 -0.000 0 NA
90.00 0.15000 90.0 0.00285 0 -10.000 -0.500 -10.000 -0.000 0 NA
100.00 0.15000 100.0 0.00591 0 -10.000 -0.500 -10.000 -0.000 0 NA
110.00 0.15000 110.0 0.01008 0 -10.000 -0.500 -10.000 -0.000 0 NA
120.00 0.15000 120.0 0.01527 0 -10.000 -0.500 -10.000 -0.000 0 NA
130.00 0.15000 130.0 0.02141 0 -10.000 -0.500 -10.000 -0.000 0 NA
140.00 0.15000 140.0 0.02846 0 -10.000 -0.500 -10.000 -0.000 0 NA
150.00 0.15000 150.0 0.03634 0 -10.000 -0.500 -10.000 -0.000 0 NA
160.00 0.15000 160.0 0.04507 0 -10.000 -0.500 -10.000 -0.000 0 NA
170.00 0.14706 170.0 0.05457 0 -10.000 -0.500 -10.000 -0.000 0 NA
180.00 0.13889 180.0 0.06480 0 -10.000 -0.500 -10.000 -0.000 0 NA
190.00 0.13158 190.0 0.07576 0 -10.000 -0.500 -10.000 -0.000 0 NA
200.00 0.12500 200.0 0.08738 0 -10.000 -0.500 -10.000 -0.000 0 NA
210.00 0.11905 210.0 0.09961 0 -10.000 -0.500 -10.000 -0.000 0 NA
220.00 0.11364 220.0 0.11240 0 -10.000 -0.500 -10.000 -0.000 0 NA
230.00 0.10870 210.5 0.10003 1 -10.000 -0.500 -10.000 -0.000 0 NA
0.00 0.15000 0.1 0.00000 0 -15.000 -0.333 -15.000 -0.000 0 NA
10.00 0.15000 10.0 0.00000 0 -15.000 -0.333 -15.000 -0.000 0 NA
20.00 0.15000 20.0 0.00000 0 -15.000 -0.333 -15.000 -0.000 0 NA
30.00 0.15000 30.0 0.00000 0 -15.000 -0.333 -15.000 -0.000 0 NA
40.00 0.15000 40.0 0.00000 0 -15.000 -0.333 -15.000 -0.000 0 NA
50.00 0.15000 50.0 0.00000 0 -15.000 -0.333 -15.000 -0.000 0 NA
60.00 0.15000 60.0 0.00000 0 -15.000 -0.333 -15.000 -0.000 0 NA
70.00 0.15000 70.0 0.00000 0 -15.000 -0.333 -15.000 -0.000 0 NA
80.00 0.15000 80.0 0.00000 0 -15.000 -0.333 -15.000 -0.000 0 NA
90.00 0.15000 90.0 0.00000 0 -15.000 -0.333 -15.000 -0.000 0 NA
100.00 0.15000 100.0 0.00007 0 -15.000 -0.333 -15.000 -0.000 0 NA
110.00 0.15000 110.0 0.00034 0 -15.000 -0.333 -15.000 -0.000 0 NA
120.00 0.15000 120.0 0.00120 0 -15.000 -0.333 -15.000 -0.000 0 NA
130.00 0.15000 130.0 0.00292 0 -15.000 -0.333 -15.000 -0.000 0 NA
140.00 0.15000 140.0 0.00561 0 -15.000 -0.333 -15.000 -0.000 0 NA
150.00 0.15000 150.0 0.00925 0 -15.000 -0.333 -15.000 -0.000 0 NA
160.00 0.15000 160.0 0.01379 0 -15.000 -0.333 -15.000 -0.000 0 NA
170.00 0.14706 170.0 0.01918 0 -15.000 -0.333 -15.000 -0.000 0 NA
180.00 0.13889 180.0 0.02538 0 -15.000 -0.333 -15.000 -0.000 0 NA
190.00 0.13158 190.0 0.03235 0 -15.000 -0.333 -15.000 -0.000 0 NA
200.00 0.12500 200.0 0.04003 0 -15.000 -0.333 -15.000 -0.000 0 NA
210.00 0.11905 210.0 0.04845 0 -15.000 -0.333 -15.000 -0.000 0 NA
220.00 0.11364 220.0 0.05753 0 -15.000 -0.333 -15.000 -0.000 0 NA
230.00 0.10870 230.1 0.06728 0 -15.000 -0.333 -15.000 -0.000 0 NA
240.00 0.10417 240.1 0.07766 0 -15.000 -0.333 -15.000 -0.000 0 NA
250.00 0.10000 250.1 0.08865 0 -15.000 -0.333 -15.000 -0.000 0 NA
260.00 0.09615 260.1 0.10023 1 -15.000 -0.333 -15.000 -0.000 0 NA
0.00 0.15000 0.1 0.00000 0 -20.000 -0.250 -20.000 -0.000 0 NA
10.00 0.15000 10.0 0.00000 0 -20.000 -0.250 -20.000 -0.000 0 NA
20.00 0.15000 20.0 0.00000 0 -20.000 -0.250 -20.000 -0.000 0 NA
30.00 0.15000 30.0 0.00000 0 -20.000 -0.250 -20.000 -0.000 0 NA
40.00 0.15000 40.0 0.00000 0 -20.000 -0.250 -20.000 -0.000 0 NA
50.00 0.15000 50.0 0.00000 0 -20.000 -0.250 -20.000 -0.000 0 NA
60.00 0.15000 60.0 0.00000 0 -20.000 -0.250 -20.000 -0.000 0 NA
70.00 0.15000 70.0 0.00000 0 -20.000 -0.250 -20.000 -0.000 0 NA
80.00 0.15000 80.0 0.00000 0 -20.000 -0.250 -20.000 -0.000 0 NA
90.00 0.15000 90.0 0.00000 0 -20.000 -0.250 -20.000 -0.000 0 NA
100.00 0.15000 100.0 0.00000 0 -20.000 -0.250 -20.000 -0.000 0 NA
110.00 0.15000 110.0 0.00000 0 -20.000 -0.250 -20.000 -0.000 0 NA
120.00 0.15000 120.0 0.00000 0 -20.000 -0.250 -20.000 -0.000 0 NA
130.00 0.15000 130.0 0.00000 0 -20.000 -0.250 -20.000 -0.000 0 NA
140.00 0.15000 140.0 0.00014 0 -20.000 -0.250 -20.000 -0.000 0 NA
150.00 0.15000 150.0 0.00051 0 -20.000 -0.250 -20.000 -0.000 0 NA
160.00 0.15000 160.0 0.00142 0 -20.000 -0.250 -20.000 -0.000 0 NA
170.00 0.14706 170.0 0.00305 0 -20.000 -0.250 -20.000 -0.000 0 NA
180.00 0.13889 180.0 0.00550 0 -20.000 -0.250 -20.000 -0.000 0 NA
190.00 0.13158 190.0 0.00878 0 -20.000 -0.250 -20.000 -0.000 0 NA
200.00 0.12500 200.0 0.01286 0 -20.000 -0.250 -20.000 -0.000 0 NA
210.00 0.11905 210.0 0.01770 0 -20.000 -0.250 -20.000 -0.000 0 NA
220.00 0.11364 220.0 0.02329 0 -20.000 -0.250 -20.000 -0.000 0 NA
230.00 0.10870 230.1 0.02960 0 -20.000 -0.250 -20.000 -0.000 0 NA
240.00 0.10417 240.1 0.03658 0 -20.000 -0.250 -20.000 -0.000 0 NA
250.00 0.10000 250.1 0.04422 0 -20.000 -0.250 -20.000 -0.000 0 NA
260.00 0.09615 260.1 0.05249 0 -20.000 -0.250 -20.000 -0.000 0 NA
270.00 0.09259 270.0 0.06135 0 -20.000 -0.250 -20.000 -0.000 0 NA
280.00 0.08929 280.1 0.07082 0 -20.000 -0.250 -20.000 -0.000 0 NA
290.00 0.08621 290.0 0.08085 0 -20.000 -0.250 -20.000 -0.000 0 NA
300.00 0.08333 289.4 0.08002 1 -20.000 -0.250 -20.000 -0.000 0 NA
0.00 0.15000 0.1 0.00000 0 -25.000 -0.200 -25.000 -0.000 0 NA
10.00 0.15000 10.0 0.00000 0 -25.000 -0.200 -25.000 -0.000 0 NA
20.00 0.15000 20.0 0.00000 0 -25.000 -0.200 -25.000 -0.000 0 NA
30.00 0.15000 30.0 0.00000 0 -25.000 -0.200 -25.000 -0.000 0 NA
40.00 0.15000 40.0 0.00000 0 -25.000 -0.200 -25.000 -0.000 0 NA
50.00 0.15000 50.0 0.00000 0 -25.000 -0.200 -25.000 -0.000 0 NA
60.00 0.15000 60.0 0.00000 0 -25.000 -0.200 -25.000 -0.000 0 NA
70.00 0.15000 70.0 0.00000 0 -25.000 -0.200 -25.000 -0.000 0 NA
80.00 0.15000 80.0 0.00000 0 -25.000 -0.200 -25.000 -0.000 0 NA
90.00 0.15000 90.0 0.00000 0 -25.000 -0.200 -25.000 -0.000 0 NA
100.00 0.15000 100.0 0.00000 0 -25.000 -0.200 -25.000 -0.000 0 NA
110.00 0.15000 110.0 0.00000 0 -25.000 -0.200 -25.000 -0.000 0 NA
120.00 0.15000 120.0 0.00000 0 -25.000 -0.200 -25.000 -0.000 0 NA
130.00 0.15000 130.0 0.00000 0 -25.000 -0.200 -25.000 -0.000 0 NA
140.00 0.15000 140.0 0.00000 0 -25.000 -0.200 -25.000 -0.000 0 NA
150.00 0.15000 150.0 0.00000 0 -25.000 -0.200 -25.000 -0.000 0 NA
160.00 0.15000 160.0 0.00000 0 -25.000 -0.200 -25.000 -0.000 0 NA
170.00 0.14706 170.0 0.00008 0 -25.000 -0.200 -25.000 -0.000 0 NA
180.00 0.13889 180.0 0.00024 0 -25.000 -0.200 -25.000 -0.000 0 NA
190.00 0.13158 190.0 0.00070 0 -25.000 -0.200 -25.000 -0.000 0 NA
200.00 0.12500 200.0 0.00163 0 -25.000 -0.200 -25.000 -0.000 0 NA
210.00 0.11905 210.0 0.00320 0 -25.000 -0.200 -25.000 -0.000 0 NA
220.00 0.11364 220.0 0.00548 0 -25.000 -0.200 -25.000 -0.000 0 NA
230.00 0.10870 230.1 0.00850 0 -25.000 -0.200 -25.000 -0.000 0 NA
240.00 0.10417 240.1 0.01224 0 -25.000 -0.200 -25.000 -0.000 0 NA
250.00 0.10000 250.1 0.01668 0 -25.000 -0.200 -25.000 -0.000 0 NA
260.00 0.09615 260.1 0.02180 0 -25.000 -0.200 -25.000 -0.000 0 NA
270.00 0.09259 270.0 0.02760 0 -25.000 -0.200 -25.000 -0.000 0 NA
280.00 0.08929 280.1 0.03403 0 -25.000 -0.200 -25.000 -0.000 0 NA
290.00 0.08621 290.0 0.04106 0 -25.000 -0.200 -25.000 -0.000 0 NA
300.00 0.08333 300.0 0.04868 0 -25.000 -0.200 -25.000 -0.000 0 NA
310.00 0.08065 310.0 0.05688 0 -25.000 -0.200 -25.000 -0.000 0 NA
320.00 0.07812 320.0 0.06562 0 -25.000 -0.200 -25.000 -0.000 0 NA
330.00 0.07576 330.0 0.07488 0 -25.000 -0.200 -25.000 -0.000 0 NA
340.00 0.07353 335.5 0.08002 1 -25.000 -0.200 -25.000 -0.000 0 NA
0.00 0.15000 0.1 0.00000 0 -30.000 -0.167 -30.000 -0.000 0 NA
10.00 0.15000 10.0 0.00000 0 -30.000 -0.167 -30.000 -0.000 0 NA
20.00 0.15000 20.0 0.00000 0 -30.000 -0.167 -30.000 -0.000 0 NA
30.00 0.15000 30.0 0.00000 0 -30.000 -0.167 -30.000 -0.000 0 NA
40.00 0.15000 40.0 0.00000 0 -30.000 -0.167 -30.000 -0.000 0 NA
50.00 0.15000 50.0 0.00000 0 -30.000 -0.167 -30.000 -0.000 0 NA
60.00 0.15000 60.0 0.00000 0 -30.000 -0.167 -30.000 -0.000 0 NA
70.00 0.15000 70.0 0.00000 0 -30.000 -0.167 -30.000 -0.000 0 NA
80.00 0.15000 80.0 0.00000 0 -30.000 -0.167 -30.000 -0.000 0 NA
90.00 0.15000 90.0 0.00000 0 -30.000 -0.167 -30.000 -0.000 0 NA
100.00 0.15000 100.0 0.00000 0 -30.000 -0.167 -30.000 -0.000 0 NA
110.00 0.15000 110.0 0.00000 0 -30.000 -0.167 -30.000 -0.000 0 NA
120.00 0.15000 120.0 0.00000 0 -30.000 -0.167 -30.000 -0.000 0 NA
130.00 0.15000 130.0 0.00000 0 -30.000 -0.167 -30.000 -0.000 0 NA
140.00 0.15000 140.0 0.00000 0 -30.000 -0.167 -30.000 -0.000 0 NA
150.00 0.15000 150.0 0.00000 0 -30.000 -0.167 -30.000 -0.000 0 NA
160.00 0.15000 160.0 0.00000 0 -30.000 -0.167 -30.000 -0.000 0 NA
170.00 0.14706 170.0 0.00000 0 -30.000 -0.167 -30.000 -0.000 0 NA
180.00 0.13889 180.0 0.00000 0 -30.000 -0.167 -30.000 -0.000 0 NA
190.00 0.13158 190.0 0.00000 0 -30.000 -0.167 -30.000 -0.000 0 NA
200.00 0.12500 200.0 0.00006 0 -30.000 -0.167 -30.000 -0.000 0 NA
210.00 0.11905 210.0 0.00014 0 -30.000 -0.167 -30.000 -0.000 0 NA
220.00 0.11364 220.0 0.00036 0 -30.000 -0.167 -30.000 -0.000 0 NA
230.00 0.10870 230.1 0.00089 0 -30.000 -0.167 -30.000 -0.000 0 NA
240.00 0.10417 240.1 0.00184 0 -30.000 -0.167 -30.000 -0.000 0 NA
250.00 0.10000 250.1 0.00337 0 -30.000 -0.167 -30.000 -0.000 0 NA
260.00 0.09615 260.1 0.00553 0 -30.000 -0.167 -30.000 -0.000 0 NA
270.00 0.09259 270.0 0.00833 0 -30.000 -0.167 -30.000 -0.000 0 NA
280.00 0.08929 280.1 0.01180 0 -30.000 -0.167 -30.000 -0.000 0 NA
290.00 0.08621 290.0 0.01591 0 -30.000 -0.167 -30.000 -0.000 0 NA
300.00 0.08333 300.0 0.02065 0 -30.000 -0.167 -30.000 -0.000 0 NA
310.00 0.08065 310.0 0.02605 0 -30.000 -0.167 -30.000 -0.000 0 NA
320.00 0.07812 320.0 0.03201 0 -30.000 -0.167 -30.000 -0.000 0 NA
330.00 0.07576 330.0 0.03855 0 -30.000 -0.167 -30.000 -0.000 0 NA
340.00 0.07353 340.0 0.04565 0 -30.000 -0.167 -30.000 -0.000 0 NA
350.00 0.07143 350.0 0.05329 0 -30.000 -0.167 -30.000 -0.000 0 NA
360.00 0.06944 360.0 0.06145 0 -30.000 -0.167 -30.000 -0.000 0 NA
370.00 0.06757 358.5 0.06001 1 -30.000 -0.167 -30.000 -0.000 0 NA
0.00 0.15000 0.1 0.00000 0 -35.000 -0.143 -35.000 -0.000 0 NA
10.00 0.15000 10.0 0.00000 0 -35.000 -0.143 -35.000 -0.000 0 NA
20.00 0.15000 20.0 0.00000 0 -35.000 -0.143 -35.000 -0.000 0 NA
30.00 0.15000 30.0 0.00000 0 -35.000 -0.143 -35.000 -0.000 0 NA
40.00 0.15000 40.0 0.00000 0 -35.000 -0.143 -35.000 -0.000 0 NA
50.00 0.15000 50.0 0.00000 0 -35.000 -0.143 -35.000 -0.000 0 NA
60.00 0.15000 60.0 0.00000 0 -35.000 -0.143 -35.000 -0.000 0 NA
70.00 0.15000 70.0 0.00000 0 -35.000 -0.143 -35.000 -0.000 0 NA
80.00 0.15000 80.0 0.00000 0 -35.000 -0.143 -35.000 -0.000 0 NA
90.00 0.15000 90.0 0.00000 0 -35.000 -0.143 -35.000 -0.000 0 NA
100.00 0.15000 100.0 0.00000 0 -35.000 -0.143 -35.000 -0.000 0 NA
110.00 0.15000 110.0 0.00000 0 -35.000 -0.143 -35.000 -0.000 0 NA
120.00 0.15000 120.0 0.00000 0 -35.000 -0.143 -35.000 -0.000 0 NA
130.00 0.15000 130.0 0.00000 0 -35.000 -0.143 -35.000 -0.000 0 NA
140.00 0.15000 140.0 0.00000 0 -35.000 -0.143 -35.000 -0.000 0 NA
150.00 0.15000 150.0 0.00000 0 -35.000 -0.143 -35.000 -0.000 0 NA
160.00 0.15000 160.0 0.00000 0 -35.000 -0.143 -35.000 -0.000 0 NA
170.00 0.14706 170.0 0.00000 0 -35.000 -0.143 -35.000 -0.000 0 NA
180.00 0.13889 180.0 0.00000 0 -35.000 -0.143 -35.000 -0.000 0 NA
190.00 0.13158 190.0 0.00000 0 -35.000 -0.143 -35.000 -0.000 0 NA
200.00 0.12500 200.0 0.00000 0 -35.000 -0.143 -35.000 -0.000 0 NA
210.00 0.11905 210.0 0.00000 0 -35.000 -0.143 -35.000 -0.000 0 NA
220.00 0.11364 220.0 0.00000 0 -35.000 -0.143 -35.000 -0.000 0 NA
230.00 0.10870 230.1 0.00000 0 -35.000 -0.143 -35.000 -0.000 0 NA
240.00 0.10417 240.1 0.00009 0 -35.000 -0.143 -35.000 -0.000 0 NA
250.00 0.10000 250.1 0.00021 0 -35.000 -0.143 -35.000 -0.000 0 NA
260.00 0.09615 260.1 0.00051 0 -35.000 -0.143 -35.000 -0.000 0 NA
270.00 0.09259 270.0 0.00109 0 -35.000 -0.143 -35.000 -0.000 0 NA
280.00 0.08929 280.1 0.00207 0 -35.000 -0.143 -35.000 -0.000 0 NA
290.00 0.08621 290.0 0.00356 0 -35.000 -0.143 -35.000 -0.000 0 NA
300.00 0.08333 300.0 0.00560 0 -35.000 -0.143 -35.000 -0.000 0 NA
310.00 0.08065 310.0 0.00826 0 -35.000 -0.143 -35.000 -0.000 0 NA
320.00 0.07812 320.0 0.01150 0 -35.000 -0.143 -35.000 -0.000 0 NA
330.00 0.07576 330.0 0.01535 0 -35.000 -0.143 -35.000 -0.000 0 NA
340.00 0.07353 340.0 0.01980 0 -35.000 -0.143 -35.000 -0.000 0 NA
350.00 0.07143 350.0 0.02483 0 -35.000 -0.143 -35.000 -0.000 0 NA
360.00 0.06944 360.0 0.03041 0 -35.000 -0.143 -35.000 -0.000 0 NA
370.00 0.06757 370.0 0.03655 0 -35.000 -0.143 -35.000 -0.000 0 NA
380.00 0.06579 380.0 0.04321 0 -35.000 -0.143 -35.000 -0.000 0 NA
390.00 0.06410 390.0 0.05038 0 -35.000 -0.143 -35.000 -0.000 0 NA
400.00 0.06250 400.0 0.05803 0 -35.000 -0.143 -35.000 -0.000 0 NA
410.00 0.06098 402.7 0.06001 1 -35.000 -0.143 -35.000 -0.000 0 NA
0.00 0.15000 0.1 0.00000 0 -40.000 -0.125 -40.000 -0.000 0 NA
10.00 0.15000 10.0 0.00000 0 -40.000 -0.125 -40.000 -0.000 0 NA
20.00 0.15000 20.0 0.00000 0 -40.000 -0.125 -40.000 -0.000 0 NA
30.00 0.15000 30.0 0.00000 0 -40.000 -0.125 -40.000 -0.000 0 NA
40.00 0.15000 40.0 0.00000 0 -40.000 -0.125 -40.000 -0.000 0 NA
50.00 0.15000 50.0 0.00000 0 -40.000 -0.125 -40.000 -0.000 0 NA
60.00 0.15000 60.0 0.00000 0 -40.000 -0.125 -40.000 -0.000 0 NA
70.00 0.15000 70.0 0.00000 0 -40.000 -0.125 -40.000 -0.000 0 NA
80.00 0.15000 80.0 0.00000 0 -40.000 -0.125 -40.000 -0.000 0 NA
90.00 0.15000 90.0 0.00000 0 -40.000 -0.125 -40.000 -0.000 0 NA
100.00 0.15000 100.0 0.00000 0 -40.000 -0.125 -40.000 -0.000 0 NA
110.00 0.15000 110.0 0.00000 0 -40.000 -0.125 -40.000 -0.000 0 NA
120.00 0.15000 120.0 0.00000 0 -40.000 -0.125 -40.000 -0.000 0 NA
130.00 0.15000 130.0 0.00000 0 -40.000 -0.125 -40.000 -0.000 0 NA
140.00 0.15000 140.0 0.00000 0 -40.000 -0.125 -40.000 -0.000 0 NA
150.00 0.15000 150.0 0.00000 0 -40.000 -0.125 -40.000 -0.000 0 NA
160.00 0.15000 160.0 0.00000 0 -40.000 -0.125 -40.000 -0.000 0 NA
170.00 0.14706 170.0 0.00000 0 -40.000 -0.125 -40.000 -0.000 0 NA
180.00 0.13889 180.0 0.00000 0 -40.000 -0.125 -40.000 -0.000 0 NA
190.00 0.13158 190.0 0.00000 0 -40.000 -0.125 -40.000 -0.000 0 NA
200.00 0.12500 200.0 0.00000 0 -40.000 -0.125 -40.000 -0.000 0 NA
210.00 0.11905 210.0 0.00000 0 -40.000 -0.125 -40.000 -0.000 0 NA
220.00 0.11364 220.0 0.00000 0 -40.000 -0.125 -40.000 -0.000 0 NA
230.00 0.10870 230.1 0.00000 0 -40.000 -0.125 -40.000 -0.000 0 NA
240.00 0.10417 240.1 0.00000 0 -40.000 -0.125 -40.000 -0.000 0 NA
250.00 0.10000 250.1 0.00000 0 -40.000 -0.125 -40.000 -0.000 0 NA
260.00 0.09615 260.1 0.00000 0 -40.000 -0.125 -40.000 -0.000 0 NA
270.00 0.09259 270.0 0.00007 0 -40.000 -0.125 -40.000 -0.000 0 NA
280.00 0.08929 280.1 0.00014 0 -40.000 -0.125 -40.000 -0.000 0 NA
290.00 0.08621 290.0 0.00031 0 -40.000 -0.125 -40.000 -0.000 0 NA
300.00 0.08333 300.0 0.00066 0 -40.000 -0.125 -40.000 -0.000 0 NA
310.00 0.08065 310.0 0.00128 0 -40.000 -0.125 -40.000 -0.000 0 NA
320.00 0.07812 320.0 0.00229 0 -40.000 -0.125 -40.000 -0.000 0 NA
330.00 0.07576 330.0 0.00375 0 -40.000 -0.125 -40.000 -0.000 0 NA
340.00 0.07353 340.0 0.00572 0 -40.000 -0.125 -40.000 -0.000 0 NA
350.00 0.07143 350.0 0.00823 0 -40.000 -0.125 -40.000 -0.000 0 NA
360.00 0.06944 360.0 0.01129 0 -40.000 -0.125 -40.000 -0.000 0 NA
370.00 0.06757 370.0 0.01492 0 -40.000 -0.125 -40.000 -0.000 0 NA
380.00 0.06579 380.0 0.01910 0 -40.000 -0.125 -40.000 -0.000 0 NA
390.00 0.06410 390.0 0.02384 0 -40.000 -0.125 -40.000 -0.000 0 NA
400.00 0.06250 400.0 0.02910 0 -40.000 -0.125 -40.000 -0.000 0 NA
410.00 0.06098 410.0 0.03480 0 -40.000 -0.125 -40.000 -0.000 0 NA
420.00 0.05952 420.0 0.04111 0 -40.000 -0.125 -40.000 -0.000 0 NA
430.00 0.05814 430.0 0.04787 0 -40.000 -0.125 -40.000 -0.000 0 NA
440.00 0.05682 440.0 0.05511 0 -40.000 -0.125 -40.000 -0.000 0 NA
450.00 0.05556 446.6 0.06001 1 -40.000 -0.125 -40.000 -0.000 0 NA
0.00 0.15000 0.1 0.00000 0 -45.000 -0.111 -45.000 -0.000 0 NA
10.00 0.15000 10.0 0.00000 0 -45.000 -0.111 -45.000 -0.000 0 NA
20.00 0.15000 20.0 0.00000 0 -45.000 -0.111 -45.000 -0.000 0 NA
30.00 0.15000 30.0 0.00000 0 -45.000 -0.111 -45.000 -0.000 0 NA
40.00 0.15000 40.0 0.00000 0 -45.000 -0.111 -45.000 -0.000 0 NA
50.00 0.15000 50.0 0.00000 0 -45.000 -0.111 -45.000 -0.000 0 NA
60.00 0.15000 60.0 0.00000 0 -45.000 -0.111 -45.000 -0.000 0 NA
70.00 0.15000 70.0 0.00000 0 -45.000 -0.111 -45.000 -0.000 0 NA
80.00 0.15000 80.0 0.00000 0 -45.000 -0.111 -45.000 -0.000 0 NA
90.00 0.15000 90.0 0.00000 0 -45.000 -0.111 -45.000 -0.000 0 NA
100.00 0.15000 100.0 0.00000 0 -45.000 -0.111 -45.000 -0.000 0 NA
110.00 0.15000 110.0 0.00000 0 -45.000 -0.111 -45.000 -0.000 0 NA
120.00 0.15000 120.0 0.00000 0 -45.000 -0.111 -45.000 -0.000 0 NA
130.00 0.15000 130.0 0.00000 0 -45.000 -0.111 -45.000 -0.000 0 NA
140.00 0.15000 140.0 0.00000 0 -45.000 -0.111 -45.000 -0.000 0 NA
150.00 0.15000 150.0 0.00000 0 -45.000 -0.111 -45.000 -0.000 0 NA
160.00 0.15000 160.0 0.00000 0 -45.000 -0.111 -45.000 -0.000 0 NA
170.00 0.14706 170.0 0.00000 0 -45.000 -0.111 -45.000 -0.000 0 NA
180.00 0.13889 180.0 0.00000 0 -45.000 -0.111 -45.000 -0.000 0 NA
190.00 0.13158 190.0 0.00000 0 -45.000 -0.111 -45.000 -0.000 0 NA
200.00 0.12500 200.0 0.00000 0 -45.000 -0.111 -45.000 -0.000 0 NA
210.00 0.11905 210.0 0.00000 0 -45.000 -0.111 -45.000 -0.000 0 NA
220.00 0.11364 220.0 0.00000 0 -45.000 -0.111 -45.000 -0.000 0 NA
230.00 0.10870 230.1 0.00000 0 -45.000 -0.111 -45.000 -0.000 0 NA
240.00 0.10417 240.1 0.00000 0 -45.000 -0.111 -45.000 -0.000 0 NA
250.00 0.10000 250.1 0.00000 0 -45.000 -0.111 -45.000 -0.000 0 NA
260.00 0.09615 260.1 0.00000 0 -45.000 -0.111 -45.000 -0.000 0 NA
270.00 0.09259 270.0 0.00000 0 -45.000 -0.111 -45.000 -0.000 0 NA
280.00 0.08929 280.1 0.00000 0 -45.000 -0.111 -45.000 -0.000 0 NA
290.00 0.08621 290.0 0.00000 0 -45.000 -0.111 -45.000 -0.000 0 NA
300.00 0.08333 300.0 0.00005 0 -45.000 -0.111 -45.000 -0.000 0 NA
310.00 0.08065 310.0 0.00010 0 -45.000 -0.111 -45.000 -0.000 0 NA
320.00 0.07812 320.0 0.00021 0 -45.000 -0.111 -45.000 -0.000 0 NA
330.00 0.07576 330.0 0.00042 0 -45.000 -0.111 -45.000 -0.000 0 NA
340.00 0.07353 340.0 0.00083 0 -45.000 -0.111 -45.000 -0.000 0 NA
350.00 0.07143 350.0 0.00149 0 -45.000 -0.111 -45.000 -0.000 0 NA
360.00 0.06944 360.0 0.00251 0 -45.000 -0.111 -45.000 -0.000 0 NA
370.00 0.06757 370.0 0.00394 0 -45.000 -0.111 -45.000 -0.000 0 NA
380.00 0.06579 380.0 0.00584 0 -45.000 -0.111 -45.000 -0.000 0 NA
390.00 0.06410 390.0 0.00825 0 -45.000 -0.111 -45.000 -0.000 0 NA
400.00 0.06250 400.0 0.01116 0 -45.000 -0.111 -45.000 -0.000 0 NA
410.00 0.06098 410.0 0.01459 0 -45.000 -0.111 -45.000 -0.000 0 NA
420.00 0.05952 420.0 0.01855 0 -45.000 -0.111 -45.000 -0.000 0 NA
430.00 0.05814 430.0 0.02302 0 -45.000 -0.111 -45.000 -0.000 0 NA
440.00 0.05682 440.0 0.02799 0 -45.000 -0.111 -45.000 -0.000 0 NA
450.00 0.05556 450.0 0.03348 0 -45.000 -0.111 -45.000 -0.000 0 NA
460.00 0.05435 460.0 0.03942 0 -45.000 -0.111 -45.000 -0.000 0 NA
470.00 0.05319 470.0 0.04583 0 -45.000 -0.111 -45.000 -0.000 0 NA
480.00 0.05208 480.0 0.05275 1 -45.000 -0.111 -45.000 -0.000 0 NA
0.00 0.15000 0.1 0.00000 0 -50.000 -0.100 -50.000 -0.000 0 NA
10.00 0.15000 10.0 0.00000 0 -50.000 -0.100 -50.000 -0.000 0 NA
20.00 0.15000 20.0 0.00000 0 -50.000 -0.100 -50.000 -0.000 0 NA
30.00 0.15000 30.0 0.00000 0 -50.000 -0.100 -50.000 -0.000 0 NA
40.00 0.15000 40.0 0.00000 0 -50.000 -0.100 -50.000 -0.000 0 NA
50.00 0.15000 50.0 0.00000 0 -50.000 -0.100 -50.000 -0.000 0 NA
60.00 0.15000 60.0 0.00000 0 -50.000 -0.100 -50.000 -0.000 0 NA
70.00 0.15000 70.0 0.00000 0 -50.000 -0.100 -50.000 -0.000 0 NA
80.00 0.15000 80.0 0.00000 0 -50.000 -0.100 -50.000 -0.000 0 NA
90.00 0.15000 90.0 0.00000 0 -50.000 -0.100 -50.000 -0.000 0 NA
100.00 0.15000 100.0 0.00000 0 -50.000 -0.100 -50.000 -0.000 0 NA
110.00 0.15000 110.0 0.00000 0 -50.000 -0.100 -50.000 -0.000 0 NA
120.00 0.15000 120.0 0.00000 0 -50.000 -0.100 -50.000 -0.000 0 NA
130.00 0.15000 130.0 0.00000 0 -50.000 -0.100 -50.000 -0.000 0 NA
140.00 0.15000 140.0 0.00000 0 -50.000 -0.100 -50.000 -0.000 0 NA
150.00 0.15000 150.0 0.00000 0 -50.000 -0.100 -50.000 -0.000 0 NA
160.00 0.15000 160.0 0.00000 0 -50.000 -0.100 -50.000 -0.000 0 NA
170.00 0.14706 170.0 0.00000 0 -50.000 -0.100 -50.000 -0.000 0 NA
180.00 0.13889 180.0 0.00000 0 -50.000 -0.100 -50.000 -0.000 0 NA
190.00 0.13158 190.0 0.00000 0 -50.000 -0.100 -50.000 -0.000 0 NA
200.00 0.12500 200.0 0.00000 0 -50.000 -0.100 -50.000 -0.000 0 NA
210.00 0.11905 210.0 0.00000 0 -50.000 -0.100 -50.000 -0.000 0 NA
220.00 0.11364 220.0 0.00000 0 -50.000 -0.100 -50.000 -0.000 0 NA
230.00 0.10870 230.1 0.00000 0 -50.000 -0.100 -50.000 -0.000 0 NA
240.00 0.10417 240.1 0.00000 0 -50.000 -0.100 -50.000 -0.000 0 NA
250.00 0.10000 250.1 0.00000 0 -50.000 -0.100 -50.000 -0.000 0 NA
260.00 0.09615 260.1 0.00000 0 -50.000 -0.100 -50.000 -0.000 0 NA
270.00 0.09259 270.0 0.00000 0 -50.000 -0.100 -50.000 -0.000 0 NA
280.00 0.08929 280.1 0.00000 0 -50.000 -0.100 -50.000 -0.000 0 NA
290.00 0.08621 290.0 0.00000 0 -50.000 -0.100 -50.000 -0.000 0 NA
300.00 0.08333 300.0 0.00000 0 -50.000 -0.100 -50.000 -0.000 0 NA
310.00 0.08065 310.0 0.00000 0 -50.000 -0.100 -50.000 -0.000 0 NA
320.00 0.07812 320.0 0.00000 0 -50.000 -0.100 -50.000 -0.000 0 NA
330.00 0.07576 330.0 0.00000 0 -50.000 -0.100 -50.000 -0.000 0 NA
340.00 0.07353 340.0 0.00007 0 -50.000 -0.100 -50.000 -0.000 0 NA
350.00 0.07143 350.0 0.00014 0 -50.000 -0.100 -50.000 -0.000 0 NA
360.00 0.06944 360.0 0.00028 0 -50.000 -0.100 -50.000 -0.000 0 NA
370.00 0.06757 370.0 0.00055 0 -50.000 -0.100 -50.000 -0.000 0 NA
380.00 0.06579 380.0 0.00099 0 -50.000 -0.100 -50.000 -0.000 0 NA
390.00 0.06410 390.0 0.00170 0 -50.000 -0.100 -50.000 -0.000 0 NA
400.00 0.06250 400.0 0.00273 0 -50.000 -0.100 -50.000 -0.000 0 NA
410.00 0.06098 410.0 0.00414 0 -50.000 -0.100 -50.000 -0.000 0 NA
420.00 0.05952 420.0 0.00600 0 -50.000 -0.100 -50.000 -0.000 0 NA
430.00 0.05814 430.0 0.00831 0 -50.000 -0.100 -50.000 -0.000 0 NA
440.00 0.05682 440.0 0.01110 0 -50.000 -0.100 -50.000 -0.000 0 NA
450.00 0.05556 450.0 0.01439 0 -50.000 -0.100 -50.000 -0.000 0 NA
460.00 0.05435 460.0 0.01817 0 -50.000 -0.100 -50.000 -0.000 0 NA
470.00 0.05319 470.0 0.02243 0 -50.000 -0.100 -50.000 -0.000 0 NA
480.00 0.05208 480.0 0.02716 0 -50.000 -0.100 -50.000 -0.000 0 NA
490.00 0.05102 490.0 0.03236 0 -50.000 -0.100 -50.000 -0.000 0 NA
500.00 0.05000 500.0 0.03803 0 -50.000 -0.100 -50.000 -0.000 0 NA
510.00 0.04902 503.5 0.04001 1 -50.000 -0.100 -50.000 -0.000 0 NA
0.00 0.15000 0.1 0.00000 0 -55.000 -0.091 -55.000 -0.000 0 NA
10.00 0.15000 10.0 0.00000 0 -55.000 -0.091 -55.000 -0.000 0 NA
20.00 0.15000 20.0 0.00000 0 -55.000 -0.091 -55.000 -0.000 0 NA
30.00 0.15000 30.0 0.00000 0 -55.000 -0.091 -55.000 -0.000 0 NA
40.00 0.15000 40.0 0.00000 0 -55.000 -0.091 -55.000 -0.000 0 NA
50.00 0.15000 50.0 0.00000 0 -55.000 -0.091 -55.000 -0.000 0 NA
60.00 0.15000 60.0 0.00000 0 -55.000 -0.091 -55.000 -0.000 0 NA
70.00 0.15000 70.0 0.00000 0 -55.000 -0.091 -55.000 -0.000 0 NA
80.00 0.15000 80.0 0.00000 0 -55.000 -0.091 -55.000 -0.000 0 NA
90.00 0.15000 90.0 0.00000 0 -55.000 -0.091 -55.000 -0.000 0 NA
100.00 0.15000 100.0 0.00000 0 -55.000 -0.091 -55.000 -0.000 0 NA
110.00 0.15000 110.0 0.00000 0 -55.000 -0.091 -55.000 -0.000 0 NA
120.00 0.15000 120.0 0.00000 0 -55.000 -0.091 -55.000 -0.000 0 NA
130.00 0.15000 130.0 0.00000 0 -55.000 -0.091 -55.000 -0.000 0 NA
140.00 0.15000 140.0 0.00000 0 -55.000 -0.091 -55.000 -0.000 0 NA
150.00 0.15000 150.0 0.00000 0 -55.000 -0.091 -55.000 -0.000 0 NA
160.00 0.15000 160.0 0.00000 0 -55.000 -0.091 -55.000 -0.000 0 NA
170.00 0.14706 170.0 0.00000 0 -55.000 -0.091 -55.000 -0.000 0 NA
180.00 0.13889 180.0 0.00000 0 -55.000 -0.091 -55.000 -0.000 0 NA
190.00 0.13158 190.0 0.00000 0 -55.000 -0.091 -55.000 -0.000 0 NA
200.00 0.12500 200.0 0.00000 0 -55.000 -0.091 -55.000 -0.000 0 NA
210.00 0.11905 210.0 0.00000 0 -55.000 -0.091 -55.000 -0.000 0 NA
220.00 0.11364 220.0 0.00000 0 -55.000 -0.091 -55.000 -0.000 0 NA
230.00 0.10870 230.1 0.00000 0 -55.000 -0.091 -55.000 -0.000 0 NA
240.00 0.10417 240.1 0.00000 0 -55.000 -0.091 -55.000 -0.000 0 NA
250.00 0.10000 250.1 0.00000 0 -55.000 -0.091 -55.000 -0.000 0 NA
260.00 0.09615 260.1 0.00000 0 -55.000 -0.091 -55.000 -0.000 0 NA
270.00 0.09259 270.0 0.00000 0 -55.000 -0.091 -55.000 -0.000 0 NA
280.00 0.08929 280.1 0.00000 0 -55.000 -0.091 -55.000 -0.000 0 NA
290.00 0.08621 290.0 0.00000 0 -55.000 -0.091 -55.000 -0.000 0 NA
300.00 0.08333 300.0 0.00000 0 -55.000 -0.091 -55.000 -0.000 0 NA
310.00 0.08065 310.0 0.00000 0 -55.000 -0.091 -55.000 -0.000 0 NA
320.00 0.07812 320.0 0.00000 0 -55.000 -0.091 -55.000 -0.000 0 NA
330.00 0.07576 330.0 0.00000 0 -55.000 -0.091 -55.000 -0.000 0 NA
340.00 0.07353 340.0 0.00000 0 -55.000 -0.091 -55.000 -0.000 0 NA
350.00 0.07143 350.0 0.00000 0 -55.000 -0.091 -55.000 -0.000 0 NA
360.00 0.06944 360.0 0.00000 0 -55.000 -0.091 -55.000 -0.000 0 NA
370.00 0.06757 370.0 0.00006 0 -55.000 -0.091 -55.000 -0.000 0 NA
380.00 0.06579 380.0 0.00011 0 -55.000 -0.091 -55.000 -0.000 0 NA
390.00 0.06410 390.0 0.00021 0 -55.000 -0.091 -55.000 -0.000 0 NA
400.00 0.06250 400.0 0.00038 0 -55.000 -0.091 -55.000 -0.000 0 NA
410.00 0.06098 410.0 0.00068 0 -55.000 -0.091 -55.000 -0.000 0 NA
420.00 0.05952 420.0 0.00117 0 -55.000 -0.091 -55.000 -0.000 0 NA
430.00 0.05814 430.0 0.00191 0 -55.000 -0.091 -55.000 -0.000 0 NA
440.00 0.05682 440.0 0.00295 0 -55.000 -0.091 -55.000 -0.000 0 NA
450.00 0.05556 450.0 0.00435 0 -55.000 -0.091 -55.000 -0.000 0 NA
460.00 0.05435 460.0 0.00617 0 -55.000 -0.091 -55.000 -0.000 0 NA
470.00 0.05319 470.0 0.00841 0 -55.000 -0.091 -55.000 -0.000 0 NA
480.00 0.05208 480.0 0.01110 0 -55.000 -0.091 -55.000 -0.000 0 NA
490.00 0.05102 490.0 0.01424 0 -55.000 -0.091 -55.000 -0.000 0 NA
500.00 0.05000 500.0 0.01785 0 -55.000 -0.091 -55.000 -0.000 0 NA
510.00 0.04902 510.0 0.02191 0 -55.000 -0.091 -55.000 -0.000 0 NA
520.00 0.04808 520.0 0.02643 0 -55.000 -0.091 -55.000 -0.000 0 NA
530.00 0.04717 530.0 0.03139 0 -55.000 -0.091 -55.000 -0.000 0 NA
540.00 0.04630 540.0 0.03682 0 -55.000 -0.091 -55.000 -0.000 0 NA
550.00 0.04545 545.8 0.04000 1 -55.000 -0.091 -55.000 -0.000 0 NA
0.00 0.15000 0.1 0.00000 0 -60.000 -0.083 -60.000 -0.000 0 NA
10.00 0.15000 10.0 0.00000 0 -60.000 -0.083 -60.000 -0.000 0 NA
20.00 0.15000 20.0 0.00000 0 -60.000 -0.083 -60.000 -0.000 0 NA
30.00 0.15000 30.0 0.00000 0 -60.000 -0.083 -60.000 -0.000 0 NA
40.00 0.15000 40.0 0.00000 0 -60.000 -0.083 -60.000 -0.000 0 NA
50.00 0.15000 50.0 0.00000 0 -60.000 -0.083 -60.000 -0.000 0 NA
60.00 0.15000 60.0 0.00000 0 -60.000 -0.083 -60.000 -0.000 0 NA
70.00 0.15000 70.0 0.00000 0 -60.000 -0.083 -60.000 -0.000 0 NA
80.00 0.15000 80.0 0.00000 0 -60.000 -0.083 -60.000 -0.000 0 NA
90.00 0.15000 90.0 0.00000 0 -60.000 -0.083 -60.000 -0.000 0 NA
100.00 0.15000 100.0 0.00000 0 -60.000 -0.083 -60.000 -0.000 0 NA
110.00 0.15000 110.0 0.00000 0 -60.000 -0.083 -60.000 -0.000 0 NA
120.00 0.15000 120.0 0.00000 0 -60.000 -0.083 -60.000 -0.000 0 NA
130.00 0.15000 130.0 0.00000 0 -60.000 -0.083 -60.000 -0.000 0 NA
140.00 0.15000 140.0 0.00000 0 -60.000 -0.083 -60.000 -0.000 0 NA
150.00 0.15000 150.0 0.00000 0 -60.000 -0.083 -60.000 -0.000 0 NA
160.00 0.15000 160.0 0.00000 0 -60.000 -0.083 -60.000 -0.000 0 NA
170.00 0.14706 170.0 0.00000 0 -60.000 -0.083 -60.000 -0.000 0 NA
180.00 0.13889 180.0 0.00000 0 -60.000 -0.083 -60.000 -0.000 0 NA
190.00 0.13158 190.0 0.00000 0 -60.000 -0.083 -60.000 -0.000 0 NA
200.00 0.12500 200.0 0.00000 0 -60.000 -0.083 -60.000 -0.000 0 NA
210.00 0.11905 210.0 0.00000 0 -60.000 -0.083 -60.000 -0.000 0 NA
220.00 0.11364 220.0 0.00000 0 -60.000 -0.083 -60.000 -0.000 0 NA
230.00 0.10870 230.1 0.00000 0 -60.000 -0.083 -60.000 -0.000 0 NA
240.00 0.10417 240.1 0.00000 0 -60.000 -0.083 -60.000 -0.000 0 NA
250.00 0.10000 250.1 0.00000 0 -60.000 -0.083 -60.000 -0.000 0 NA
260.00 0.09615 260.1 0.00000 0 -60.000 -0.083 -60.000 -0.000 0 NA
270.00 0.09259 270.0 0.00000 0 -60.000 -0.083 -60.000 -0.000 0 NA
280.00 0.08929 280.1 0.00000 0 -60.000 -0.083 -60.000 -0.000 0 NA
290.00 0.08621 290.0 0.00000 0 -60.000 -0.083 -60.000 -0.000 0 NA
300.00 0.08333 300.0 0.00000 0 -60.000 -0.083 -60.000 -0.000 0 NA
310.00 0.08065 310.0 0.00000 0 -60.000 -0.083 -60.000 -0.000 0 NA
320.00 0.07812 320.0 0.00000 0 -60.000 -0.083 -60.000 -0.000 0 NA
330.00 0.07576 330.0 0.00000 0 -60.000 -0.083 -60.000 -0.000 0 NA
340.00 0.07353 340.0 0.00000 0 -60.000 -0.083 -60.000 -0.000 0 NA
350.00 0.07143 350.0 0.00000 0 -60.000 -0.083 -60.000 -0.000 0 NA
360.00 0.06944 360.0 0.00000 0 -60.000 -0.083 -60.000 -0.000 0 NA
370.00 0.06757 370.0 0.00000 0 -60.000 -0.083 -60.000 -0.000 0 NA
380.00 0.06579 380.0 0.00000 0 -60.000 -0.083 -60.000 -0.000 0 NA
390.00 0.06410 390.0 0.00000 0 -60.000 -0.083 -60.000 -0.000 0 NA
400.00 0.06250 400.0 0.00005 0 -60.000 -0.083 -60.000 -0.000 0 NA
410.00 0.06098 410.0 0.00008 0 -60.000 -0.083 -60.000 -0.000 0 NA
420.00 0.05952 420.0 0.00014 0 -60.000 -0.083 -60.000 -0.000 0 NA
430.00 0.05814 430.0 0.00027 0 -60.000 -0.083 -60.000 -0.000 0 NA
440.00 0.05682 440.0 0.00049 0 -60.000 -0.083 -60.000 -0.000 0 NA
450.00 0.05556 450.0 0.00083 0 -60.000 -0.083 -60.000 -0.000 0 NA
460.00 0.05435 460.0 0.00135 0 -60.000 -0.083 -60.000 -0.000 0 NA
470.00 0.05319 470.0 0.00212 0 -60.000 -0.083 -60.000 -0.000 0 NA
480.00 0.05208 480.0 0.00319 0 -60.000 -0.083 -60.000 -0.000 0 NA
490.00 0.05102 490.0 0.00458 0 -60.000 -0.083 -60.000 -0.000 0 NA
500.00 0.05000 500.0 0.00636 0 -60.000 -0.083 -60.000 -0.000 0 NA
510.00 0.04902 510.0 0.00852 0 -60.000 -0.083 -60.000 -0.000 0 NA
520.00 0.04808 520.0 0.01112 0 -60.000 -0.083 -60.000 -0.000 0 NA
530.00 0.04717 530.0 0.01413 0 -60.000 -0.083 -60.000 -0.000 0 NA
540.00 0.04630 540.0 0.01760 0 -60.000 -0.083 -60.000 -0.000 0 NA
550.00 0.04545 550.0 0.02150 0 -60.000 -0.083 -60.000 -0.000 0 NA
560.00 0.04464 560.0 0.02582 0 -60.000 -0.083 -60.000 -0.000 0 NA
570.00 0.04386 570.0 0.03057 0 -60.000 -0.083 -60.000 -0.000 0 NA
580.00 0.04310 580.0 0.03573 0 -60.000 -0.083 -60.000 -0.000 0 NA
590.00 0.04237 590.0 0.04135 0 -60.000 -0.083 -60.000 -0.000 0 NA
600.00 0.04167 588.0 0.04000 1 -60.000 -0.083 -60.000 -0.000 0 NA
