% * Sample: EL34_17_AEG
% * Date / time: 2025-05-29 21:43:28.889994
% * R2CONTROL =  NOT SPECIFIED
% Column 1:  PSU1 nominal voltage setting (V)
% Column 2:  PSU1 nominal current setting (A)
% Column 3:  PSU1 voltage measurement (V)
% Column 4:  PSU1 current measurement (I)
% Column 5:  PSU1 limiter flag
% Column 6:  PSU2 nominal voltage setting (V)
% Column 7:  PSU2 nominal current setting (A)
% Column 8:  PSU2 voltage measurement (V)
% Column 9:  PSU2 current measurement (I)
% Column 10: PSU2 limiter flag
% Column 11: Heaterblock temperature (°C)
% * OPERATING POINT AT END OF PREHEAT / IDLE: U1 = 350.0 V  I1 = 0.04000 A  U2 = -29.349 V  I2 = -0.000 A  T = NA °C
0.00 0.15000 0.1 0.00000 0 -0.000 -1.000 -2.190 -0.000 0 NA
10.00 0.15000 10.0 0.00009 0 -0.000 -1.000 -1.474 -0.000 0 NA
20.00 0.15000 20.0 0.00237 0 -0.000 -1.000 -1.139 -0.000 0 NA
30.00 0.15000 30.0 0.00856 0 -0.000 -1.000 -0.783 -0.000 0 NA
40.00 0.15000 40.0 0.01681 0 -0.000 -1.000 -0.615 -0.000 0 NA
50.00 0.15000 50.0 0.02598 0 -0.000 -1.000 -0.442 -0.000 0 NA
60.00 0.15000 60.0 0.03568 0 -0.000 -1.000 -0.336 -0.000 0 NA
70.00 0.15000 70.0 0.04585 0 -0.000 -1.000 -0.292 -0.000 0 NA
80.00 0.15000 80.0 0.05652 0 -0.000 -1.000 -0.247 -0.000 0 NA
90.00 0.15000 90.0 0.06771 0 -0.000 -1.000 -0.227 -0.000 0 NA
100.00 0.15000 100.0 0.07933 0 -0.000 -1.000 -0.206 -0.000 0 NA
110.00 0.15000 110.0 0.09153 0 -0.000 -1.000 -0.196 -0.000 0 NA
120.00 0.15000 120.0 0.10419 0 -0.000 -1.000 -0.183 -0.000 0 NA
130.00 0.15000 130.0 0.11731 0 -0.000 -1.000 -0.174 -0.000 0 NA
140.00 0.15000 140.0 0.13086 0 -0.000 -1.000 -0.169 -0.000 0 NA
150.00 0.15000 150.0 0.14480 0 -0.000 -1.000 -0.162 -0.000 0 NA
160.00 0.15000 160.0 0.15916 1 -0.000 -1.000 -0.158 -0.000 0 NA
0.00 0.15000 0.1 0.00000 0 -5.000 -1.000 -5.000 -0.000 0 NA
10.00 0.15000 10.0 0.00000 0 -5.000 -1.000 -5.000 -0.000 0 NA
20.00 0.15000 20.0 0.00000 0 -5.000 -1.000 -5.000 -0.000 0 NA
30.00 0.15000 30.0 0.00000 0 -5.000 -1.000 -5.000 -0.000 0 NA
40.00 0.15000 40.0 0.00025 0 -5.000 -1.000 -5.000 -0.000 0 NA
50.00 0.15000 50.0 0.00151 0 -5.000 -1.000 -5.000 -0.000 0 NA
60.00 0.15000 60.0 0.00423 0 -5.000 -1.000 -5.000 -0.000 0 NA
70.00 0.15000 70.0 0.00826 0 -5.000 -1.000 -5.000 -0.000 0 NA
80.00 0.15000 80.0 0.01347 0 -5.000 -1.000 -5.000 -0.000 0 NA
90.00 0.15000 90.0 0.01971 0 -5.000 -1.000 -5.000 -0.000 0 NA
100.00 0.15000 100.0 0.02688 0 -5.000 -1.000 -5.000 -0.000 0 NA
110.00 0.15000 110.0 0.03492 0 -5.000 -1.000 -5.000 -0.000 0 NA
120.00 0.15000 120.0 0.04375 0 -5.000 -1.000 -5.000 -0.000 0 NA
130.00 0.15000 130.0 0.05330 0 -5.000 -1.000 -5.000 -0.000 0 NA
140.00 0.15000 140.0 0.06352 0 -5.000 -1.000 -5.000 -0.000 0 NA
150.00 0.15000 150.0 0.07433 0 -5.000 -1.000 -5.000 -0.000 0 NA
160.00 0.15000 160.0 0.08573 0 -5.000 -1.000 -5.000 -0.000 0 NA
170.00 0.14706 170.0 0.09765 0 -5.000 -1.000 -5.000 -0.000 0 NA
180.00 0.13889 180.0 0.11003 0 -5.000 -1.000 -5.000 -0.000 0 NA
190.00 0.13158 190.0 0.12290 0 -5.000 -1.000 -5.000 -0.000 0 NA
200.00 0.12500 187.9 0.12002 1 -5.000 -1.000 -5.000 -0.000 0 NA
0.00 0.15000 0.1 0.00000 0 -10.000 -0.500 -10.000 -0.000 0 NA
10.00 0.15000 10.0 0.00000 0 -10.000 -0.500 -10.000 -0.000 0 NA
20.00 0.15000 20.0 0.00000 0 -10.000 -0.500 -10.000 -0.000 0 NA
30.00 0.15000 30.0 0.00000 0 -10.000 -0.500 -10.000 -0.000 0 NA
40.00 0.15000 40.0 0.00000 0 -10.000 -0.500 -10.000 -0.000 0 NA
50.00 0.15000 50.0 0.00000 0 -10.000 -0.500 -10.000 -0.000 0 NA
60.00 0.15000 60.0 0.00000 0 -10.000 -0.500 -10.000 -0.000 0 NA
70.00 0.15000 70.0 0.00000 0 -10.000 -0.500 -10.000 -0.000 0 NA
80.00 0.15000 80.0 0.00026 0 -10.000 -0.500 -10.000 -0.000 0 NA
90.00 0.15000 90.0 0.00120 0 -10.000 -0.500 -10.000 -0.000 0 NA
100.00 0.15000 100.0 0.00316 0 -10.000 -0.500 -10.000 -0.000 0 NA
110.00 0.15000 110.0 0.00617 0 -10.000 -0.500 -10.000 -0.000 0 NA
120.00 0.15000 120.0 0.01017 0 -10.000 -0.500 -10.000 -0.000 0 NA
130.00 0.15000 130.0 0.01509 0 -10.000 -0.500 -10.000 -0.000 0 NA
140.00 0.15000 140.0 0.02087 0 -10.000 -0.500 -10.000 -0.000 0 NA
150.00 0.15000 150.0 0.02747 0 -10.000 -0.500 -10.000 -0.000 0 NA
160.00 0.15000 160.0 0.03485 0 -10.000 -0.500 -10.000 -0.000 0 NA
170.00 0.14706 170.0 0.04293 0 -10.000 -0.500 -10.000 -0.000 0 NA
180.00 0.13889 180.0 0.05166 0 -10.000 -0.500 -10.000 -0.000 0 NA
190.00 0.13158 190.0 0.06106 0 -10.000 -0.500 -10.000 -0.000 0 NA
200.00 0.12500 200.0 0.07104 0 -10.000 -0.500 -10.000 -0.000 0 NA
210.00 0.11905 209.7 0.08161 0 -10.000 -0.500 -10.000 -0.000 0 NA
220.00 0.11364 220.0 0.09274 0 -10.000 -0.500 -10.000 -0.000 0 NA
230.00 0.10870 226.4 0.10003 1 -10.000 -0.500 -10.000 -0.000 0 NA
0.00 0.15000 0.1 0.00000 0 -15.000 -0.333 -15.000 -0.000 0 NA
10.00 0.15000 10.0 0.00000 0 -15.000 -0.333 -15.000 -0.000 0 NA
20.00 0.15000 20.0 0.00000 0 -15.000 -0.333 -15.000 -0.000 0 NA
30.00 0.15000 30.0 0.00000 0 -15.000 -0.333 -15.000 -0.000 0 NA
40.00 0.15000 40.0 0.00000 0 -15.000 -0.333 -15.000 -0.000 0 NA
50.00 0.15000 50.0 0.00000 0 -15.000 -0.333 -15.000 -0.000 0 NA
60.00 0.15000 60.0 0.00000 0 -15.000 -0.333 -15.000 -0.000 0 NA
70.00 0.15000 70.0 0.00000 0 -15.000 -0.333 -15.000 -0.000 0 NA
80.00 0.15000 80.0 0.00000 0 -15.000 -0.333 -15.000 -0.000 0 NA
90.00 0.15000 90.0 0.00000 0 -15.000 -0.333 -15.000 -0.000 0 NA
100.00 0.15000 100.0 0.00000 0 -15.000 -0.333 -15.000 -0.000 0 NA
110.00 0.15000 110.0 0.00006 0 -15.000 -0.333 -15.000 -0.000 0 NA
120.00 0.15000 120.0 0.00026 0 -15.000 -0.333 -15.000 -0.000 0 NA
130.00 0.15000 130.0 0.00099 0 -15.000 -0.333 -15.000 -0.000 0 NA
140.00 0.15000 140.0 0.00253 0 -15.000 -0.333 -15.000 -0.000 0 NA
150.00 0.15000 150.0 0.00494 0 -15.000 -0.333 -15.000 -0.000 0 NA
160.00 0.15000 160.0 0.00822 0 -15.000 -0.333 -15.000 -0.000 0 NA
170.00 0.14706 170.0 0.01230 0 -15.000 -0.333 -15.000 -0.000 0 NA
180.00 0.13889 180.0 0.01717 0 -15.000 -0.333 -15.000 -0.000 0 NA
190.00 0.13158 190.0 0.02278 0 -15.000 -0.333 -15.000 -0.000 0 NA
200.00 0.12500 200.0 0.02910 0 -15.000 -0.333 -15.000 -0.000 0 NA
210.00 0.11905 210.0 0.03612 0 -15.000 -0.333 -15.000 -0.000 0 NA
220.00 0.11364 220.0 0.04379 0 -15.000 -0.333 -15.000 -0.000 0 NA
230.00 0.10870 230.1 0.05207 0 -15.000 -0.333 -15.000 -0.000 0 NA
240.00 0.10417 240.1 0.06094 0 -15.000 -0.333 -15.000 -0.000 0 NA
250.00 0.10000 250.1 0.07037 0 -15.000 -0.333 -15.000 -0.000 0 NA
260.00 0.09615 260.1 0.08034 0 -15.000 -0.333 -15.000 -0.000 0 NA
270.00 0.09259 270.1 0.09085 0 -15.000 -0.333 -15.000 -0.000 0 NA
280.00 0.08929 259.9 0.08002 1 -15.000 -0.333 -15.000 -0.000 0 NA
0.00 0.15000 0.1 0.00000 0 -20.000 -0.250 -20.000 -0.000 0 NA
10.00 0.15000 10.0 0.00000 0 -20.000 -0.250 -20.000 -0.000 0 NA
20.00 0.15000 20.0 0.00000 0 -20.000 -0.250 -20.000 -0.000 0 NA
30.00 0.15000 30.0 0.00000 0 -20.000 -0.250 -20.000 -0.000 0 NA
40.00 0.15000 40.0 0.00000 0 -20.000 -0.250 -20.000 -0.000 0 NA
50.00 0.15000 50.0 0.00000 0 -20.000 -0.250 -20.000 -0.000 0 NA
60.00 0.15000 60.0 0.00000 0 -20.000 -0.250 -20.000 -0.000 0 NA
70.00 0.15000 70.0 0.00000 0 -20.000 -0.250 -20.000 -0.000 0 NA
80.00 0.15000 80.0 0.00000 0 -20.000 -0.250 -20.000 -0.000 0 NA
90.00 0.15000 90.0 0.00000 0 -20.000 -0.250 -20.000 -0.000 0 NA
100.00 0.15000 100.0 0.00000 0 -20.000 -0.250 -20.000 -0.000 0 NA
110.00 0.15000 110.0 0.00000 0 -20.000 -0.250 -20.000 -0.000 0 NA
120.00 0.15000 120.0 0.00000 0 -20.000 -0.250 -20.000 -0.000 0 NA
130.00 0.15000 130.0 0.00000 0 -20.000 -0.250 -20.000 -0.000 0 NA
140.00 0.15000 140.0 0.00000 0 -20.000 -0.250 -20.000 -0.000 0 NA
150.00 0.15000 150.0 0.00007 0 -20.000 -0.250 -20.000 -0.000 0 NA
160.00 0.15000 160.0 0.00026 0 -20.000 -0.250 -20.000 -0.000 0 NA
170.00 0.14706 170.0 0.00086 0 -20.000 -0.250 -20.000 -0.000 0 NA
180.00 0.13889 180.0 0.00211 0 -20.000 -0.250 -20.000 -0.000 0 NA
190.00 0.13158 190.0 0.00410 0 -20.000 -0.250 -20.000 -0.000 0 NA
200.00 0.12500 200.0 0.00684 0 -20.000 -0.250 -20.000 -0.000 0 NA
210.00 0.11905 210.0 0.01032 0 -20.000 -0.250 -20.000 -0.000 0 NA
220.00 0.11364 220.0 0.01452 0 -20.000 -0.250 -20.000 -0.000 0 NA
230.00 0.10870 230.1 0.01941 0 -20.000 -0.250 -20.000 -0.000 0 NA
240.00 0.10417 240.1 0.02495 0 -20.000 -0.250 -20.000 -0.000 0 NA
250.00 0.10000 250.1 0.03114 0 -20.000 -0.250 -20.000 -0.000 0 NA
260.00 0.09615 260.1 0.03794 0 -20.000 -0.250 -20.000 -0.000 0 NA
270.00 0.09259 270.1 0.04533 0 -20.000 -0.250 -20.000 -0.000 0 NA
280.00 0.08929 280.1 0.05331 0 -20.000 -0.250 -20.000 -0.000 0 NA
290.00 0.08621 290.0 0.06184 0 -20.000 -0.250 -20.000 -0.000 0 NA
300.00 0.08333 300.0 0.07089 0 -20.000 -0.250 -20.000 -0.000 0 NA
310.00 0.08065 310.1 0.08045 0 -20.000 -0.250 -20.000 -0.000 0 NA
320.00 0.07812 309.8 0.08002 1 -20.000 -0.250 -20.000 -0.000 0 NA
0.00 0.15000 0.1 0.00000 0 -25.000 -0.200 -25.000 -0.000 0 NA
10.00 0.15000 10.0 0.00000 0 -25.000 -0.200 -25.000 -0.000 0 NA
20.00 0.15000 20.0 0.00000 0 -25.000 -0.200 -25.000 -0.000 0 NA
30.00 0.15000 30.0 0.00000 0 -25.000 -0.200 -25.000 -0.000 0 NA
40.00 0.15000 40.0 0.00000 0 -25.000 -0.200 -25.000 -0.000 0 NA
50.00 0.15000 50.0 0.00000 0 -25.000 -0.200 -25.000 -0.000 0 NA
60.00 0.15000 60.0 0.00000 0 -25.000 -0.200 -25.000 -0.000 0 NA
70.00 0.15000 70.0 0.00000 0 -25.000 -0.200 -25.000 -0.000 0 NA
80.00 0.15000 80.0 0.00000 0 -25.000 -0.200 -25.000 -0.000 0 NA
90.00 0.15000 90.0 0.00000 0 -25.000 -0.200 -25.000 -0.000 0 NA
100.00 0.15000 100.0 0.00000 0 -25.000 -0.200 -25.000 -0.000 0 NA
110.00 0.15000 110.0 0.00000 0 -25.000 -0.200 -25.000 -0.000 0 NA
120.00 0.15000 120.0 0.00000 0 -25.000 -0.200 -25.000 -0.000 0 NA
130.00 0.15000 130.0 0.00000 0 -25.000 -0.200 -25.000 -0.000 0 NA
140.00 0.15000 140.0 0.00000 0 -25.000 -0.200 -25.000 -0.000 0 NA
150.00 0.15000 150.0 0.00000 0 -25.000 -0.200 -25.000 -0.000 0 NA
160.00 0.15000 160.0 0.00000 0 -25.000 -0.200 -25.000 -0.000 0 NA
170.00 0.14706 170.0 0.00000 0 -25.000 -0.200 -25.000 -0.000 0 NA
180.00 0.13889 180.0 0.00000 0 -25.000 -0.200 -25.000 -0.000 0 NA
190.00 0.13158 190.0 0.00008 0 -25.000 -0.200 -25.000 -0.000 0 NA
200.00 0.12500 200.0 0.00026 0 -25.000 -0.200 -25.000 -0.000 0 NA
210.00 0.11905 210.0 0.00077 0 -25.000 -0.200 -25.000 -0.000 0 NA
220.00 0.11364 220.0 0.00180 0 -25.000 -0.200 -25.000 -0.000 0 NA
230.00 0.10870 230.1 0.00347 0 -25.000 -0.200 -25.000 -0.000 0 NA
240.00 0.10417 240.1 0.00582 0 -25.000 -0.200 -25.000 -0.000 0 NA
250.00 0.10000 250.1 0.00883 0 -25.000 -0.200 -25.000 -0.000 0 NA
260.00 0.09615 260.1 0.01250 0 -25.000 -0.200 -25.000 -0.000 0 NA
270.00 0.09259 270.0 0.01681 0 -25.000 -0.200 -25.000 -0.000 0 NA
280.00 0.08929 280.1 0.02174 0 -25.000 -0.200 -25.000 -0.000 0 NA
290.00 0.08621 290.0 0.02726 0 -25.000 -0.200 -25.000 -0.000 0 NA
300.00 0.08333 300.0 0.03336 0 -25.000 -0.200 -25.000 -0.000 0 NA
310.00 0.08065 310.1 0.04004 0 -25.000 -0.200 -25.000 -0.000 0 NA
320.00 0.07812 320.0 0.04726 0 -25.000 -0.200 -25.000 -0.000 0 NA
330.00 0.07576 330.0 0.05500 0 -25.000 -0.200 -25.000 -0.000 0 NA
340.00 0.07353 340.0 0.06331 0 -25.000 -0.200 -25.000 -0.000 0 NA
350.00 0.07143 350.0 0.07207 1 -25.000 -0.200 -25.000 -0.000 0 NA
0.00 0.15000 0.1 0.00000 0 -30.000 -0.167 -30.000 -0.000 0 NA
10.00 0.15000 10.0 0.00000 0 -30.000 -0.167 -30.000 -0.000 0 NA
20.00 0.15000 20.0 0.00000 0 -30.000 -0.167 -30.000 -0.000 0 NA
30.00 0.15000 30.0 0.00000 0 -30.000 -0.167 -30.000 -0.000 0 NA
40.00 0.15000 40.0 0.00000 0 -30.000 -0.167 -30.000 -0.000 0 NA
50.00 0.15000 50.0 0.00000 0 -30.000 -0.167 -30.000 -0.000 0 NA
60.00 0.15000 60.0 0.00000 0 -30.000 -0.167 -30.000 -0.000 0 NA
70.00 0.15000 70.0 0.00000 0 -30.000 -0.167 -30.000 -0.000 0 NA
80.00 0.15000 80.0 0.00000 0 -30.000 -0.167 -30.000 -0.000 0 NA
90.00 0.15000 90.0 0.00000 0 -30.000 -0.167 -30.000 -0.000 0 NA
100.00 0.15000 100.0 0.00000 0 -30.000 -0.167 -30.000 -0.000 0 NA
110.00 0.15000 110.0 0.00000 0 -30.000 -0.167 -30.000 -0.000 0 NA
120.00 0.15000 120.0 0.00000 0 -30.000 -0.167 -30.000 -0.000 0 NA
130.00 0.15000 130.0 0.00000 0 -30.000 -0.167 -30.000 -0.000 0 NA
140.00 0.15000 140.0 0.00000 0 -30.000 -0.167 -30.000 -0.000 0 NA
150.00 0.15000 150.0 0.00000 0 -30.000 -0.167 -30.000 -0.000 0 NA
160.00 0.15000 160.0 0.00000 0 -30.000 -0.167 -30.000 -0.000 0 NA
170.00 0.14706 170.0 0.00000 0 -30.000 -0.167 -30.000 -0.000 0 NA
180.00 0.13889 180.0 0.00000 0 -30.000 -0.167 -30.000 -0.000 0 NA
190.00 0.13158 190.0 0.00000 0 -30.000 -0.167 -30.000 -0.000 0 NA
200.00 0.12500 200.0 0.00000 0 -30.000 -0.167 -30.000 -0.000 0 NA
210.00 0.11905 210.0 0.00000 0 -30.000 -0.167 -30.000 -0.000 0 NA
220.00 0.11364 220.0 0.00000 0 -30.000 -0.167 -30.000 -0.000 0 NA
230.00 0.10870 230.1 0.00009 0 -30.000 -0.167 -30.000 -0.000 0 NA
240.00 0.10417 240.1 0.00026 0 -30.000 -0.167 -30.000 -0.000 0 NA
250.00 0.10000 250.1 0.00071 0 -30.000 -0.167 -30.000 -0.000 0 NA
260.00 0.09615 260.1 0.00157 0 -30.000 -0.167 -30.000 -0.000 0 NA
270.00 0.09259 270.1 0.00299 0 -30.000 -0.167 -30.000 -0.000 0 NA
280.00 0.08929 280.1 0.00501 0 -30.000 -0.167 -30.000 -0.000 0 NA
290.00 0.08621 290.0 0.00764 0 -30.000 -0.167 -30.000 -0.000 0 NA
300.00 0.08333 300.0 0.01087 0 -30.000 -0.167 -30.000 -0.000 0 NA
310.00 0.08065 310.1 0.01471 0 -30.000 -0.167 -30.000 -0.000 0 NA
320.00 0.07812 320.0 0.01913 0 -30.000 -0.167 -30.000 -0.000 0 NA
330.00 0.07576 330.0 0.02411 0 -30.000 -0.167 -30.000 -0.000 0 NA
340.00 0.07353 340.0 0.02964 0 -30.000 -0.167 -30.000 -0.000 0 NA
350.00 0.07143 350.0 0.03572 0 -30.000 -0.167 -30.000 -0.000 0 NA
360.00 0.06944 360.0 0.04230 0 -30.000 -0.167 -30.000 -0.000 0 NA
370.00 0.06757 370.0 0.04939 0 -30.000 -0.167 -30.000 -0.000 0 NA
380.00 0.06579 380.0 0.05698 0 -30.000 -0.167 -30.000 -0.000 0 NA
390.00 0.06410 384.0 0.06001 1 -30.000 -0.167 -30.000 -0.000 0 NA
0.00 0.15000 0.1 0.00000 0 -35.000 -0.143 -35.000 -0.000 0 NA
10.00 0.15000 10.0 0.00000 0 -35.000 -0.143 -35.000 -0.000 0 NA
20.00 0.15000 20.0 0.00000 0 -35.000 -0.143 -35.000 -0.000 0 NA
30.00 0.15000 30.0 0.00000 0 -35.000 -0.143 -35.000 -0.000 0 NA
40.00 0.15000 40.0 0.00000 0 -35.000 -0.143 -35.000 -0.000 0 NA
50.00 0.15000 50.0 0.00000 0 -35.000 -0.143 -35.000 -0.000 0 NA
60.00 0.15000 60.0 0.00000 0 -35.000 -0.143 -35.000 -0.000 0 NA
70.00 0.15000 70.0 0.00000 0 -35.000 -0.143 -35.000 -0.000 0 NA
80.00 0.15000 80.0 0.00000 0 -35.000 -0.143 -35.000 -0.000 0 NA
90.00 0.15000 90.0 0.00000 0 -35.000 -0.143 -35.000 -0.000 0 NA
100.00 0.15000 100.0 0.00000 0 -35.000 -0.143 -35.000 -0.000 0 NA
110.00 0.15000 110.0 0.00000 0 -35.000 -0.143 -35.000 -0.000 0 NA
120.00 0.15000 120.0 0.00000 0 -35.000 -0.143 -35.000 -0.000 0 NA
130.00 0.15000 130.0 0.00000 0 -35.000 -0.143 -35.000 -0.000 0 NA
140.00 0.15000 140.0 0.00000 0 -35.000 -0.143 -35.000 -0.000 0 NA
150.00 0.15000 150.0 0.00000 0 -35.000 -0.143 -35.000 -0.000 0 NA
160.00 0.15000 160.0 0.00000 0 -35.000 -0.143 -35.000 -0.000 0 NA
170.00 0.14706 170.0 0.00000 0 -35.000 -0.143 -35.000 -0.000 0 NA
180.00 0.13889 180.0 0.00000 0 -35.000 -0.143 -35.000 -0.000 0 NA
190.00 0.13158 190.0 0.00000 0 -35.000 -0.143 -35.000 -0.000 0 NA
200.00 0.12500 200.0 0.00000 0 -35.000 -0.143 -35.000 -0.000 0 NA
210.00 0.11905 210.0 0.00000 0 -35.000 -0.143 -35.000 -0.000 0 NA
220.00 0.11364 220.0 0.00000 0 -35.000 -0.143 -35.000 -0.000 0 NA
230.00 0.10870 230.1 0.00000 0 -35.000 -0.143 -35.000 -0.000 0 NA
240.00 0.10417 240.1 0.00000 0 -35.000 -0.143 -35.000 -0.000 0 NA
250.00 0.10000 250.1 0.00000 0 -35.000 -0.143 -35.000 -0.000 0 NA
260.00 0.09615 260.1 0.00005 0 -35.000 -0.143 -35.000 -0.000 0 NA
270.00 0.09259 270.0 0.00010 0 -35.000 -0.143 -35.000 -0.000 0 NA
280.00 0.08929 280.1 0.00026 0 -35.000 -0.143 -35.000 -0.000 0 NA
290.00 0.08621 290.0 0.00065 0 -35.000 -0.143 -35.000 -0.000 0 NA
300.00 0.08333 300.0 0.00142 0 -35.000 -0.143 -35.000 -0.000 0 NA
310.00 0.08065 310.1 0.00266 0 -35.000 -0.143 -35.000 -0.000 0 NA
320.00 0.07812 320.0 0.00443 0 -35.000 -0.143 -35.000 -0.000 0 NA
330.00 0.07576 330.0 0.00675 0 -35.000 -0.143 -35.000 -0.000 0 NA
340.00 0.07353 340.0 0.00965 0 -35.000 -0.143 -35.000 -0.000 0 NA
350.00 0.07143 350.0 0.01309 0 -35.000 -0.143 -35.000 -0.000 0 NA
360.00 0.06944 360.0 0.01709 0 -35.000 -0.143 -35.000 -0.000 0 NA
370.00 0.06757 370.0 0.02162 0 -35.000 -0.143 -35.000 -0.000 0 NA
380.00 0.06579 380.0 0.02668 0 -35.000 -0.143 -35.000 -0.000 0 NA
390.00 0.06410 390.0 0.03225 0 -35.000 -0.143 -35.000 -0.000 0 NA
400.00 0.06250 400.0 0.03832 0 -35.000 -0.143 -35.000 -0.000 0 NA
410.00 0.06098 410.0 0.04479 0 -35.000 -0.143 -35.000 -0.000 0 NA
420.00 0.05952 420.0 0.05183 0 -35.000 -0.143 -35.000 -0.000 0 NA
430.00 0.05814 430.0 0.05934 1 -35.000 -0.143 -35.000 -0.000 0 NA
0.00 0.15000 0.1 0.00000 0 -40.000 -0.125 -40.000 -0.000 0 NA
10.00 0.15000 10.0 0.00000 0 -40.000 -0.125 -40.000 -0.000 0 NA
20.00 0.15000 20.0 0.00000 0 -40.000 -0.125 -40.000 -0.000 0 NA
30.00 0.15000 30.0 0.00000 0 -40.000 -0.125 -40.000 -0.000 0 NA
40.00 0.15000 40.0 0.00000 0 -40.000 -0.125 -40.000 -0.000 0 NA
50.00 0.15000 50.0 0.00000 0 -40.000 -0.125 -40.000 -0.000 0 NA
60.00 0.15000 60.0 0.00000 0 -40.000 -0.125 -40.000 -0.000 0 NA
70.00 0.15000 70.0 0.00000 0 -40.000 -0.125 -40.000 -0.000 0 NA
80.00 0.15000 80.0 0.00000 0 -40.000 -0.125 -40.000 -0.000 0 NA
90.00 0.15000 90.0 0.00000 0 -40.000 -0.125 -40.000 -0.000 0 NA
100.00 0.15000 100.0 0.00000 0 -40.000 -0.125 -40.000 -0.000 0 NA
110.00 0.15000 110.0 0.00000 0 -40.000 -0.125 -40.000 -0.000 0 NA
120.00 0.15000 120.0 0.00000 0 -40.000 -0.125 -40.000 -0.000 0 NA
130.00 0.15000 130.0 0.00000 0 -40.000 -0.125 -40.000 -0.000 0 NA
140.00 0.15000 140.0 0.00000 0 -40.000 -0.125 -40.000 -0.000 0 NA
150.00 0.15000 150.0 0.00000 0 -40.000 -0.125 -40.000 -0.000 0 NA
160.00 0.15000 160.0 0.00000 0 -40.000 -0.125 -40.000 -0.000 0 NA
170.00 0.14706 170.0 0.00000 0 -40.000 -0.125 -40.000 -0.000 0 NA
180.00 0.13889 180.0 0.00000 0 -40.000 -0.125 -40.000 -0.000 0 NA
190.00 0.13158 190.0 0.00000 0 -40.000 -0.125 -40.000 -0.000 0 NA
200.00 0.12500 200.0 0.00000 0 -40.000 -0.125 -40.000 -0.000 0 NA
210.00 0.11905 210.0 0.00000 0 -40.000 -0.125 -40.000 -0.000 0 NA
220.00 0.11364 220.0 0.00000 0 -40.000 -0.125 -40.000 -0.000 0 NA
230.00 0.10870 230.1 0.00000 0 -40.000 -0.125 -40.000 -0.000 0 NA
240.00 0.10417 240.1 0.00000 0 -40.000 -0.125 -40.000 -0.000 0 NA
250.00 0.10000 250.1 0.00000 0 -40.000 -0.125 -40.000 -0.000 0 NA
260.00 0.09615 260.1 0.00000 0 -40.000 -0.125 -40.000 -0.000 0 NA
270.00 0.09259 270.1 0.00000 0 -40.000 -0.125 -40.000 -0.000 0 NA
280.00 0.08929 280.1 0.00000 0 -40.000 -0.125 -40.000 -0.000 0 NA
290.00 0.08621 290.0 0.00000 0 -40.000 -0.125 -40.000 -0.000 0 NA
300.00 0.08333 300.0 0.00005 0 -40.000 -0.125 -40.000 -0.000 0 NA
310.00 0.08065 310.1 0.00011 0 -40.000 -0.125 -40.000 -0.000 0 NA
320.00 0.07812 320.0 0.00027 0 -40.000 -0.125 -40.000 -0.000 0 NA
330.00 0.07576 330.0 0.00063 0 -40.000 -0.125 -40.000 -0.000 0 NA
340.00 0.07353 340.0 0.00129 0 -40.000 -0.125 -40.000 -0.000 0 NA
350.00 0.07143 350.0 0.00238 0 -40.000 -0.125 -40.000 -0.000 0 NA
360.00 0.06944 360.0 0.00394 0 -40.000 -0.125 -40.000 -0.000 0 NA
370.00 0.06757 370.0 0.00601 0 -40.000 -0.125 -40.000 -0.000 0 NA
380.00 0.06579 380.0 0.00859 0 -40.000 -0.125 -40.000 -0.000 0 NA
390.00 0.06410 390.0 0.01171 0 -40.000 -0.125 -40.000 -0.000 0 NA
400.00 0.06250 400.0 0.01533 0 -40.000 -0.125 -40.000 -0.000 0 NA
410.00 0.06098 410.0 0.01944 0 -40.000 -0.125 -40.000 -0.000 0 NA
420.00 0.05952 420.0 0.02408 0 -40.000 -0.125 -40.000 -0.000 0 NA
430.00 0.05814 430.0 0.02921 0 -40.000 -0.125 -40.000 -0.000 0 NA
440.00 0.05682 440.0 0.03480 0 -40.000 -0.125 -40.000 -0.000 0 NA
450.00 0.05556 450.0 0.04087 0 -40.000 -0.125 -40.000 -0.000 0 NA
460.00 0.05435 460.0 0.04739 0 -40.000 -0.125 -40.000 -0.000 0 NA
470.00 0.05319 470.0 0.05434 1 -40.000 -0.125 -40.000 -0.000 0 NA
0.00 0.15000 0.1 0.00000 0 -45.000 -0.111 -45.000 -0.000 0 NA
10.00 0.15000 10.0 0.00000 0 -45.000 -0.111 -45.000 -0.000 0 NA
20.00 0.15000 20.0 0.00000 0 -45.000 -0.111 -45.000 -0.000 0 NA
30.00 0.15000 30.0 0.00000 0 -45.000 -0.111 -45.000 -0.000 0 NA
40.00 0.15000 40.0 0.00000 0 -45.000 -0.111 -45.000 -0.000 0 NA
50.00 0.15000 50.0 0.00000 0 -45.000 -0.111 -45.000 -0.000 0 NA
60.00 0.15000 60.0 0.00000 0 -45.000 -0.111 -45.000 -0.000 0 NA
70.00 0.15000 70.0 0.00000 0 -45.000 -0.111 -45.000 -0.000 0 NA
80.00 0.15000 80.0 0.00000 0 -45.000 -0.111 -45.000 -0.000 0 NA
90.00 0.15000 90.0 0.00000 0 -45.000 -0.111 -45.000 -0.000 0 NA
100.00 0.15000 100.0 0.00000 0 -45.000 -0.111 -45.000 -0.000 0 NA
110.00 0.15000 110.0 0.00000 0 -45.000 -0.111 -45.000 -0.000 0 NA
120.00 0.15000 120.0 0.00000 0 -45.000 -0.111 -45.000 -0.000 0 NA
130.00 0.15000 130.0 0.00000 0 -45.000 -0.111 -45.000 -0.000 0 NA
140.00 0.15000 140.0 0.00000 0 -45.000 -0.111 -45.000 -0.000 0 NA
150.00 0.15000 150.0 0.00000 0 -45.000 -0.111 -45.000 -0.000 0 NA
160.00 0.15000 160.0 0.00000 0 -45.000 -0.111 -45.000 -0.000 0 NA
170.00 0.14706 170.0 0.00000 0 -45.000 -0.111 -45.000 -0.000 0 NA
180.00 0.13889 180.0 0.00000 0 -45.000 -0.111 -45.000 -0.000 0 NA
190.00 0.13158 190.0 0.00000 0 -45.000 -0.111 -45.000 -0.000 0 NA
200.00 0.12500 200.0 0.00000 0 -45.000 -0.111 -45.000 -0.000 0 NA
210.00 0.11905 210.0 0.00000 0 -45.000 -0.111 -45.000 -0.000 0 NA
220.00 0.11364 220.0 0.00000 0 -45.000 -0.111 -45.000 -0.000 0 NA
230.00 0.10870 230.1 0.00000 0 -45.000 -0.111 -45.000 -0.000 0 NA
240.00 0.10417 240.1 0.00000 0 -45.000 -0.111 -45.000 -0.000 0 NA
250.00 0.10000 250.1 0.00000 0 -45.000 -0.111 -45.000 -0.000 0 NA
260.00 0.09615 260.1 0.00000 0 -45.000 -0.111 -45.000 -0.000 0 NA
270.00 0.09259 270.0 0.00000 0 -45.000 -0.111 -45.000 -0.000 0 NA
280.00 0.08929 280.1 0.00000 0 -45.000 -0.111 -45.000 -0.000 0 NA
290.00 0.08621 290.0 0.00000 0 -45.000 -0.111 -45.000 -0.000 0 NA
300.00 0.08333 300.0 0.00000 0 -45.000 -0.111 -45.000 -0.000 0 NA
310.00 0.08065 310.1 0.00000 0 -45.000 -0.111 -45.000 -0.000 0 NA
320.00 0.07812 320.0 0.00000 0 -45.000 -0.111 -45.000 -0.000 0 NA
330.00 0.07576 330.0 0.00000 0 -45.000 -0.111 -45.000 -0.000 0 NA
340.00 0.07353 340.0 0.00006 0 -45.000 -0.111 -45.000 -0.000 0 NA
350.00 0.07143 350.0 0.00013 0 -45.000 -0.111 -45.000 -0.000 0 NA
360.00 0.06944 360.0 0.00028 0 -45.000 -0.111 -45.000 -0.000 0 NA
370.00 0.06757 370.0 0.00060 0 -45.000 -0.111 -45.000 -0.000 0 NA
380.00 0.06579 380.0 0.00120 0 -45.000 -0.111 -45.000 -0.000 0 NA
390.00 0.06410 390.0 0.00215 0 -45.000 -0.111 -45.000 -0.000 0 NA
400.00 0.06250 400.0 0.00353 0 -45.000 -0.111 -45.000 -0.000 0 NA
410.00 0.06098 410.0 0.00538 0 -45.000 -0.111 -45.000 -0.000 0 NA
420.00 0.05952 420.0 0.00770 0 -45.000 -0.111 -45.000 -0.000 0 NA
430.00 0.05814 430.0 0.01051 0 -45.000 -0.111 -45.000 -0.000 0 NA
440.00 0.05682 440.0 0.01381 0 -45.000 -0.111 -45.000 -0.000 0 NA
450.00 0.05556 450.0 0.01760 0 -45.000 -0.111 -45.000 -0.000 0 NA
460.00 0.05435 460.0 0.02186 0 -45.000 -0.111 -45.000 -0.000 0 NA
470.00 0.05319 470.0 0.02659 0 -45.000 -0.111 -45.000 -0.000 0 NA
480.00 0.05208 480.0 0.03177 0 -45.000 -0.111 -45.000 -0.000 0 NA
490.00 0.05102 490.0 0.03742 0 -45.000 -0.111 -45.000 -0.000 0 NA
500.00 0.05000 494.5 0.04001 1 -45.000 -0.111 -45.000 -0.000 0 NA
0.00 0.15000 0.1 0.00000 0 -50.000 -0.100 -50.000 -0.000 0 NA
10.00 0.15000 10.0 0.00000 0 -50.000 -0.100 -50.000 -0.000 0 NA
20.00 0.15000 20.0 0.00000 0 -50.000 -0.100 -50.000 -0.000 0 NA
30.00 0.15000 30.0 0.00000 0 -50.000 -0.100 -50.000 -0.000 0 NA
40.00 0.15000 40.0 0.00000 0 -50.000 -0.100 -50.000 -0.000 0 NA
50.00 0.15000 50.0 0.00000 0 -50.000 -0.100 -50.000 -0.000 0 NA
60.00 0.15000 60.0 0.00000 0 -50.000 -0.100 -50.000 -0.000 0 NA
70.00 0.15000 70.0 0.00000 0 -50.000 -0.100 -50.000 -0.000 0 NA
80.00 0.15000 80.0 0.00000 0 -50.000 -0.100 -50.000 -0.000 0 NA
90.00 0.15000 90.0 0.00000 0 -50.000 -0.100 -50.000 -0.000 0 NA
100.00 0.15000 100.0 0.00000 0 -50.000 -0.100 -50.000 -0.000 0 NA
110.00 0.15000 110.0 0.00000 0 -50.000 -0.100 -50.000 -0.000 0 NA
120.00 0.15000 120.0 0.00000 0 -50.000 -0.100 -50.000 -0.000 0 NA
130.00 0.15000 130.0 0.00000 0 -50.000 -0.100 -50.000 -0.000 0 NA
140.00 0.15000 140.0 0.00000 0 -50.000 -0.100 -50.000 -0.000 0 NA
150.00 0.15000 150.0 0.00000 0 -50.000 -0.100 -50.000 -0.000 0 NA
160.00 0.15000 160.0 0.00000 0 -50.000 -0.100 -50.000 -0.000 0 NA
170.00 0.14706 170.0 0.00000 0 -50.000 -0.100 -50.000 -0.000 0 NA
180.00 0.13889 180.0 0.00000 0 -50.000 -0.100 -50.000 -0.000 0 NA
190.00 0.13158 190.0 0.00000 0 -50.000 -0.100 -50.000 -0.000 0 NA
200.00 0.12500 200.0 0.00000 0 -50.000 -0.100 -50.000 -0.000 0 NA
210.00 0.11905 210.0 0.00000 0 -50.000 -0.100 -50.000 -0.000 0 NA
220.00 0.11364 220.0 0.00000 0 -50.000 -0.100 -50.000 -0.000 0 NA
230.00 0.10870 230.1 0.00000 0 -50.000 -0.100 -50.000 -0.000 0 NA
240.00 0.10417 240.1 0.00000 0 -50.000 -0.100 -50.000 -0.000 0 NA
250.00 0.10000 250.1 0.00000 0 -50.000 -0.100 -50.000 -0.000 0 NA
260.00 0.09615 260.1 0.00000 0 -50.000 -0.100 -50.000 -0.000 0 NA
270.00 0.09259 270.1 0.00000 0 -50.000 -0.100 -50.000 -0.000 0 NA
280.00 0.08929 280.1 0.00000 0 -50.000 -0.100 -50.000 -0.000 0 NA
290.00 0.08621 290.1 0.00000 0 -50.000 -0.100 -50.000 -0.000 0 NA
300.00 0.08333 300.0 0.00000 0 -50.000 -0.100 -50.000 -0.000 0 NA
310.00 0.08065 310.1 0.00000 0 -50.000 -0.100 -50.000 -0.000 0 NA
320.00 0.07812 320.0 0.00000 0 -50.000 -0.100 -50.000 -0.000 0 NA
330.00 0.07576 330.0 0.00000 0 -50.000 -0.100 -50.000 -0.000 0 NA
340.00 0.07353 340.0 0.00000 0 -50.000 -0.100 -50.000 -0.000 0 NA
350.00 0.07143 350.0 0.00000 0 -50.000 -0.100 -50.000 -0.000 0 NA
360.00 0.06944 360.0 0.00000 0 -50.000 -0.100 -50.000 -0.000 0 NA
370.00 0.06757 370.0 0.00000 0 -50.000 -0.100 -50.000 -0.000 0 NA
380.00 0.06579 380.0 0.00007 0 -50.000 -0.100 -50.000 -0.000 0 NA
390.00 0.06410 390.0 0.00014 0 -50.000 -0.100 -50.000 -0.000 0 NA
400.00 0.06250 400.0 0.00028 0 -50.000 -0.100 -50.000 -0.000 0 NA
410.00 0.06098 410.0 0.00058 0 -50.000 -0.100 -50.000 -0.000 0 NA
420.00 0.05952 420.0 0.00112 0 -50.000 -0.100 -50.000 -0.000 0 NA
430.00 0.05814 430.0 0.00196 0 -50.000 -0.100 -50.000 -0.000 0 NA
440.00 0.05682 440.0 0.00319 0 -50.000 -0.100 -50.000 -0.000 0 NA
450.00 0.05556 450.0 0.00485 0 -50.000 -0.100 -50.000 -0.000 0 NA
460.00 0.05435 460.0 0.00695 0 -50.000 -0.100 -50.000 -0.000 0 NA
470.00 0.05319 470.0 0.00951 0 -50.000 -0.100 -50.000 -0.000 0 NA
480.00 0.05208 480.0 0.01254 0 -50.000 -0.100 -50.000 -0.000 0 NA
490.00 0.05102 490.0 0.01601 0 -50.000 -0.100 -50.000 -0.000 0 NA
500.00 0.05000 500.0 0.01994 0 -50.000 -0.100 -50.000 -0.000 0 NA
510.00 0.04902 510.0 0.02432 0 -50.000 -0.100 -50.000 -0.000 0 NA
520.00 0.04808 520.0 0.02914 0 -50.000 -0.100 -50.000 -0.000 0 NA
530.00 0.04717 530.0 0.03438 0 -50.000 -0.100 -50.000 -0.000 0 NA
540.00 0.04630 540.0 0.04007 0 -50.000 -0.100 -50.000 -0.000 0 NA
550.00 0.04545 540.1 0.04001 1 -50.000 -0.100 -50.000 -0.000 0 NA
0.00 0.15000 0.1 0.00000 0 -55.000 -0.091 -55.000 -0.000 0 NA
10.00 0.15000 10.0 0.00000 0 -55.000 -0.091 -55.000 -0.000 0 NA
20.00 0.15000 20.0 0.00000 0 -55.000 -0.091 -55.000 -0.000 0 NA
30.00 0.15000 30.0 0.00000 0 -55.000 -0.091 -55.000 -0.000 0 NA
40.00 0.15000 40.0 0.00000 0 -55.000 -0.091 -55.000 -0.000 0 NA
50.00 0.15000 50.0 0.00000 0 -55.000 -0.091 -55.000 -0.000 0 NA
60.00 0.15000 60.0 0.00000 0 -55.000 -0.091 -55.000 -0.000 0 NA
70.00 0.15000 70.0 0.00000 0 -55.000 -0.091 -55.000 -0.000 0 NA
80.00 0.15000 80.0 0.00000 0 -55.000 -0.091 -55.000 -0.000 0 NA
90.00 0.15000 90.0 0.00000 0 -55.000 -0.091 -55.000 -0.000 0 NA
100.00 0.15000 100.0 0.00000 0 -55.000 -0.091 -55.000 -0.000 0 NA
110.00 0.15000 110.0 0.00000 0 -55.000 -0.091 -55.000 -0.000 0 NA
120.00 0.15000 120.0 0.00000 0 -55.000 -0.091 -55.000 -0.000 0 NA
130.00 0.15000 130.0 0.00000 0 -55.000 -0.091 -55.000 -0.000 0 NA
140.00 0.15000 140.0 0.00000 0 -55.000 -0.091 -55.000 -0.000 0 NA
150.00 0.15000 150.0 0.00000 0 -55.000 -0.091 -55.000 -0.000 0 NA
160.00 0.15000 160.0 0.00000 0 -55.000 -0.091 -55.000 -0.000 0 NA
170.00 0.14706 170.0 0.00000 0 -55.000 -0.091 -55.000 -0.000 0 NA
180.00 0.13889 180.0 0.00000 0 -55.000 -0.091 -55.000 -0.000 0 NA
190.00 0.13158 190.0 0.00000 0 -55.000 -0.091 -55.000 -0.000 0 NA
200.00 0.12500 200.0 0.00000 0 -55.000 -0.091 -55.000 -0.000 0 NA
210.00 0.11905 210.0 0.00000 0 -55.000 -0.091 -55.000 -0.000 0 NA
220.00 0.11364 220.0 0.00000 0 -55.000 -0.091 -55.000 -0.000 0 NA
230.00 0.10870 230.1 0.00000 0 -55.000 -0.091 -55.000 -0.000 0 NA
240.00 0.10417 240.1 0.00000 0 -55.000 -0.091 -55.000 -0.000 0 NA
250.00 0.10000 250.1 0.00000 0 -55.000 -0.091 -55.000 -0.000 0 NA
260.00 0.09615 260.1 0.00000 0 -55.000 -0.091 -55.000 -0.000 0 NA
270.00 0.09259 270.1 0.00000 0 -55.000 -0.091 -55.000 -0.000 0 NA
280.00 0.08929 280.1 0.00000 0 -55.000 -0.091 -55.000 -0.000 0 NA
290.00 0.08621 290.0 0.00000 0 -55.000 -0.091 -55.000 -0.000 0 NA
300.00 0.08333 300.0 0.00000 0 -55.000 -0.091 -55.000 -0.000 0 NA
310.00 0.08065 310.1 0.00000 0 -55.000 -0.091 -55.000 -0.000 0 NA
320.00 0.07812 320.0 0.00000 0 -55.000 -0.091 -55.000 -0.000 0 NA
330.00 0.07576 330.0 0.00000 0 -55.000 -0.091 -55.000 -0.000 0 NA
340.00 0.07353 340.0 0.00000 0 -55.000 -0.091 -55.000 -0.000 0 NA
350.00 0.07143 350.0 0.00000 0 -55.000 -0.091 -55.000 -0.000 0 NA
360.00 0.06944 360.0 0.00000 0 -55.000 -0.091 -55.000 -0.000 0 NA
370.00 0.06757 370.0 0.00000 0 -55.000 -0.091 -55.000 -0.000 0 NA
380.00 0.06579 380.0 0.00000 0 -55.000 -0.091 -55.000 -0.000 0 NA
390.00 0.06410 390.0 0.00000 0 -55.000 -0.091 -55.000 -0.000 0 NA
400.00 0.06250 400.0 0.00000 0 -55.000 -0.091 -55.000 -0.000 0 NA
410.00 0.06098 410.0 0.00005 0 -55.000 -0.091 -55.000 -0.000 0 NA
420.00 0.05952 420.0 0.00007 0 -55.000 -0.091 -55.000 -0.000 0 NA
430.00 0.05814 430.0 0.00014 0 -55.000 -0.091 -55.000 -0.000 0 NA
440.00 0.05682 440.0 0.00029 0 -55.000 -0.091 -55.000 -0.000 0 NA
450.00 0.05556 450.0 0.00057 0 -55.000 -0.091 -55.000 -0.000 0 NA
460.00 0.05435 460.0 0.00106 0 -55.000 -0.091 -55.000 -0.000 0 NA
470.00 0.05319 470.0 0.00182 0 -55.000 -0.091 -55.000 -0.000 0 NA
480.00 0.05208 480.0 0.00292 0 -55.000 -0.091 -55.000 -0.000 0 NA
490.00 0.05102 490.0 0.00442 0 -55.000 -0.091 -55.000 -0.000 0 NA
500.00 0.05000 500.0 0.00633 0 -55.000 -0.091 -55.000 -0.000 0 NA
510.00 0.04902 510.0 0.00866 0 -55.000 -0.091 -55.000 -0.000 0 NA
520.00 0.04808 520.0 0.01143 0 -55.000 -0.091 -55.000 -0.000 0 NA
530.00 0.04717 530.0 0.01463 0 -55.000 -0.091 -55.000 -0.000 0 NA
540.00 0.04630 540.0 0.01828 0 -55.000 -0.091 -55.000 -0.000 0 NA
550.00 0.04545 550.0 0.02235 0 -55.000 -0.091 -55.000 -0.000 0 NA
560.00 0.04464 560.0 0.02683 0 -55.000 -0.091 -55.000 -0.000 0 NA
570.00 0.04386 570.0 0.03173 0 -55.000 -0.091 -55.000 -0.000 0 NA
580.00 0.04310 580.0 0.03705 0 -55.000 -0.091 -55.000 -0.000 0 NA
590.00 0.04237 585.5 0.04001 1 -55.000 -0.091 -55.000 -0.000 0 NA
0.00 0.15000 0.1 0.00000 0 -60.000 -0.083 -60.000 -0.000 0 NA
10.00 0.15000 10.0 0.00000 0 -60.000 -0.083 -60.000 -0.000 0 NA
20.00 0.15000 20.0 0.00000 0 -60.000 -0.083 -60.000 -0.000 0 NA
30.00 0.15000 30.0 0.00000 0 -60.000 -0.083 -60.000 -0.000 0 NA
40.00 0.15000 40.0 0.00000 0 -60.000 -0.083 -60.000 -0.000 0 NA
50.00 0.15000 50.0 0.00000 0 -60.000 -0.083 -60.000 -0.000 0 NA
60.00 0.15000 60.0 0.00000 0 -60.000 -0.083 -60.000 -0.000 0 NA
70.00 0.15000 70.0 0.00000 0 -60.000 -0.083 -60.000 -0.000 0 NA
80.00 0.15000 80.0 0.00000 0 -60.000 -0.083 -60.000 -0.000 0 NA
90.00 0.15000 90.0 0.00000 0 -60.000 -0.083 -60.000 -0.000 0 NA
100.00 0.15000 100.0 0.00000 0 -60.000 -0.083 -60.000 -0.000 0 NA
110.00 0.15000 110.0 0.00000 0 -60.000 -0.083 -60.000 -0.000 0 NA
120.00 0.15000 120.0 0.00000 0 -60.000 -0.083 -60.000 -0.000 0 NA
130.00 0.15000 130.0 0.00000 0 -60.000 -0.083 -60.000 -0.000 0 NA
140.00 0.15000 140.0 0.00000 0 -60.000 -0.083 -60.000 -0.000 0 NA
150.00 0.15000 150.0 0.00000 0 -60.000 -0.083 -60.000 -0.000 0 NA
160.00 0.15000 160.0 0.00000 0 -60.000 -0.083 -60.000 -0.000 0 NA
170.00 0.14706 170.0 0.00000 0 -60.000 -0.083 -60.000 -0.000 0 NA
180.00 0.13889 180.0 0.00000 0 -60.000 -0.083 -60.000 -0.000 0 NA
190.00 0.13158 190.0 0.00000 0 -60.000 -0.083 -60.000 -0.000 0 NA
200.00 0.12500 200.0 0.00000 0 -60.000 -0.083 -60.000 -0.000 0 NA
210.00 0.11905 210.0 0.00000 0 -60.000 -0.083 -60.000 -0.000 0 NA
220.00 0.11364 220.0 0.00000 0 -60.000 -0.083 -60.000 -0.000 0 NA
230.00 0.10870 230.1 0.00000 0 -60.000 -0.083 -60.000 -0.000 0 NA
240.00 0.10417 240.1 0.00000 0 -60.000 -0.083 -60.000 -0.000 0 NA
250.00 0.10000 250.1 0.00000 0 -60.000 -0.083 -60.000 -0.000 0 NA
260.00 0.09615 260.1 0.00000 0 -60.000 -0.083 -60.000 -0.000 0 NA
270.00 0.09259 270.1 0.00000 0 -60.000 -0.083 -60.000 -0.000 0 NA
280.00 0.08929 280.1 0.00000 0 -60.000 -0.083 -60.000 -0.000 0 NA
290.00 0.08621 290.0 0.00000 0 -60.000 -0.083 -60.000 -0.000 0 NA
300.00 0.08333 300.0 0.00000 0 -60.000 -0.083 -60.000 -0.000 0 NA
310.00 0.08065 310.1 0.00000 0 -60.000 -0.083 -60.000 -0.000 0 NA
320.00 0.07812 320.0 0.00000 0 -60.000 -0.083 -60.000 -0.000 0 NA
330.00 0.07576 330.0 0.00000 0 -60.000 -0.083 -60.000 -0.000 0 NA
340.00 0.07353 340.0 0.00000 0 -60.000 -0.083 -60.000 -0.000 0 NA
350.00 0.07143 350.0 0.00000 0 -60.000 -0.083 -60.000 -0.000 0 NA
360.00 0.06944 360.0 0.00000 0 -60.000 -0.083 -60.000 -0.000 0 NA
370.00 0.06757 370.0 0.00000 0 -60.000 -0.083 -60.000 -0.000 0 NA
380.00 0.06579 380.0 0.00000 0 -60.000 -0.083 -60.000 -0.000 0 NA
390.00 0.06410 390.0 0.00000 0 -60.000 -0.083 -60.000 -0.000 0 NA
400.00 0.06250 400.0 0.00000 0 -60.000 -0.083 -60.000 -0.000 0 NA
410.00 0.06098 410.0 0.00000 0 -60.000 -0.083 -60.000 -0.000 0 NA
420.00 0.05952 420.0 0.00000 0 -60.000 -0.083 -60.000 -0.000 0 NA
430.00 0.05814 430.0 0.00000 0 -60.000 -0.083 -60.000 -0.000 0 NA
440.00 0.05682 440.0 0.00000 0 -60.000 -0.083 -60.000 -0.000 0 NA
450.00 0.05556 450.0 0.00006 0 -60.000 -0.083 -60.000 -0.000 0 NA
460.00 0.05435 460.0 0.00009 0 -60.000 -0.083 -60.000 -0.000 0 NA
470.00 0.05319 470.0 0.00016 0 -60.000 -0.083 -60.000 -0.000 0 NA
480.00 0.05208 480.0 0.00030 0 -60.000 -0.083 -60.000 -0.000 0 NA
490.00 0.05102 490.0 0.00056 0 -60.000 -0.083 -60.000 -0.000 0 NA
500.00 0.05000 500.0 0.00101 0 -60.000 -0.083 -60.000 -0.000 0 NA
510.00 0.04902 510.0 0.00170 0 -60.000 -0.083 -60.000 -0.000 0 NA
520.00 0.04808 520.0 0.00270 0 -60.000 -0.083 -60.000 -0.000 0 NA
530.00 0.04717 530.0 0.00406 0 -60.000 -0.083 -60.000 -0.000 0 NA
540.00 0.04630 540.0 0.00580 0 -60.000 -0.083 -60.000 -0.000 0 NA
550.00 0.04545 550.0 0.00795 0 -60.000 -0.083 -60.000 -0.000 0 NA
560.00 0.04464 560.0 0.01050 0 -60.000 -0.083 -60.000 -0.000 0 NA
570.00 0.04386 570.0 0.01347 0 -60.000 -0.083 -60.000 -0.000 0 NA
580.00 0.04310 580.0 0.01683 0 -60.000 -0.083 -60.000 -0.000 0 NA
590.00 0.04237 590.0 0.02062 0 -60.000 -0.083 -60.000 -0.000 0 NA
600.00 0.04167 600.0 0.02481 0 -60.000 -0.083 -60.000 -0.000 0 NA
