% * Sample: 841_2
% * Date / time: 2024-01-19 18:05:59.892624
% * R2CONTROL =  NOT SPECIFIED
% Column 1:  PSU1 nominal voltage setting (V)
% Column 2:  PSU1 nominal current setting (A)
% Column 3:  PSU1 voltage measurement (V)
% Column 4:  PSU1 current measurement (I)
% Column 5:  PSU1 limiter flag
% Column 6:  PSU2 nominal voltage setting (V)
% Column 7:  PSU2 nominal current setting (A)
% Column 8:  PSU2 voltage measurement (V)
% Column 9:  PSU2 current measurement (I)
% Column 10: PSU2 limiter flag
% Column 11: Heaterblock temperature (°C)
% * OPERATING POINT AT END OF PREHEAT / IDLE: U1 = 420.1 V  I1 = 0.01000 A  U2 = -1.132 V  I2 = -0.000 A  T = NA °C
0.00 0.06000 0.1 0.00005 0 -0.000 -1.000 -0.070 -0.000 0 NA
5.00 0.06000 5.1 0.00007 0 -0.000 -1.000 -0.054 -0.000 0 NA
10.00 0.06000 10.1 0.00009 0 -0.000 -1.000 -0.000 -0.000 0 NA
15.00 0.06000 15.1 0.00011 0 -0.000 -1.000 -0.000 -0.000 0 NA
20.00 0.06000 20.1 0.00014 0 -0.000 -1.000 -0.000 -0.000 0 NA
25.00 0.06000 25.1 0.00015 0 -0.000 -1.000 -0.000 -0.000 0 NA
30.00 0.06000 30.1 0.00018 0 -0.000 -1.000 -0.000 -0.000 0 NA
35.00 0.06000 35.1 0.00021 0 -0.000 -1.000 -0.000 -0.000 0 NA
40.00 0.06000 40.1 0.00024 0 -0.000 -1.000 -0.000 -0.000 0 NA
45.00 0.06000 45.0 0.00028 0 -0.000 -1.000 -0.000 -0.000 0 NA
50.00 0.06000 50.1 0.00031 0 -0.000 -1.000 -0.000 -0.000 0 NA
55.00 0.06000 55.0 0.00035 0 -0.000 -1.000 -0.000 -0.000 0 NA
60.00 0.06000 60.1 0.00040 0 -0.000 -1.000 -0.000 -0.000 0 NA
65.00 0.06000 65.0 0.00044 0 -0.000 -1.000 -0.000 -0.000 0 NA
70.00 0.06000 70.1 0.00049 0 -0.000 -1.000 -0.000 -0.000 0 NA
75.00 0.06000 75.1 0.00054 0 -0.000 -1.000 -0.000 -0.000 0 NA
80.00 0.06000 80.1 0.00060 0 -0.000 -1.000 -0.000 -0.000 0 NA
85.00 0.06000 85.1 0.00065 0 -0.000 -1.000 -0.000 -0.000 0 NA
90.00 0.06000 90.1 0.00071 0 -0.000 -1.000 -0.000 -0.000 0 NA
95.00 0.06000 95.1 0.00078 0 -0.000 -1.000 -0.000 -0.000 0 NA
100.00 0.06000 100.1 0.00085 0 -0.000 -1.000 -0.000 -0.000 0 NA
105.00 0.06000 105.1 0.00092 0 -0.000 -1.000 -0.000 -0.000 0 NA
110.00 0.06000 110.1 0.00099 0 -0.000 -1.000 -0.000 -0.000 0 NA
115.00 0.06000 115.1 0.00106 0 -0.000 -1.000 -0.000 -0.000 0 NA
120.00 0.06000 120.1 0.00115 0 -0.000 -1.000 -0.000 -0.000 0 NA
125.00 0.06000 125.1 0.00123 0 -0.000 -1.000 -0.000 -0.000 0 NA
130.00 0.06000 130.1 0.00133 0 -0.000 -1.000 -0.000 -0.000 0 NA
135.00 0.06000 135.1 0.00142 0 -0.000 -1.000 -0.000 -0.000 0 NA
140.00 0.06000 140.1 0.00151 0 -0.000 -1.000 -0.000 -0.000 0 NA
145.00 0.06000 145.1 0.00162 0 -0.000 -1.000 -0.000 -0.000 0 NA
150.00 0.06000 150.1 0.00172 0 -0.000 -1.000 -0.000 -0.000 0 NA
155.00 0.06000 155.1 0.00183 0 -0.000 -1.000 -0.000 -0.000 0 NA
160.00 0.06000 160.1 0.00194 0 -0.000 -1.000 -0.000 -0.000 0 NA
165.00 0.06000 165.1 0.00206 0 -0.000 -1.000 -0.000 -0.000 0 NA
170.00 0.06000 170.1 0.00218 0 -0.000 -1.000 -0.000 -0.000 0 NA
175.00 0.06000 175.1 0.00231 0 -0.000 -1.000 -0.000 -0.000 0 NA
180.00 0.06000 180.1 0.00244 0 -0.000 -1.000 -0.000 -0.000 0 NA
185.00 0.06000 185.1 0.00257 0 -0.000 -1.000 -0.000 -0.000 0 NA
190.00 0.06000 190.1 0.00271 0 -0.000 -1.000 -0.000 -0.000 0 NA
195.00 0.06000 195.1 0.00285 0 -0.000 -1.000 -0.000 -0.000 0 NA
200.00 0.06000 200.1 0.00300 0 -0.000 -1.000 -0.000 -0.000 0 NA
205.00 0.05854 205.1 0.00315 0 -0.000 -1.000 -0.000 -0.000 0 NA
210.00 0.05714 210.1 0.00331 0 -0.000 -1.000 -0.000 -0.000 0 NA
215.00 0.05581 215.1 0.00347 0 -0.000 -1.000 -0.000 -0.000 0 NA
220.00 0.05455 220.1 0.00362 0 -0.000 -1.000 -0.000 -0.000 0 NA
225.00 0.05333 225.1 0.00379 0 -0.000 -1.000 -0.000 -0.000 0 NA
230.00 0.05217 230.1 0.00396 0 -0.000 -1.000 -0.000 -0.000 0 NA
235.00 0.05106 235.1 0.00413 0 -0.000 -1.000 -0.000 -0.000 0 NA
240.00 0.05000 240.1 0.00431 0 -0.000 -1.000 -0.000 -0.000 0 NA
245.00 0.04898 245.1 0.00448 0 -0.000 -1.000 -0.000 -0.000 0 NA
250.00 0.04800 250.1 0.00466 0 -0.000 -1.000 -0.000 -0.000 0 NA
255.00 0.04706 255.1 0.00483 0 -0.000 -1.000 -0.000 -0.000 0 NA
260.00 0.04615 260.1 0.00501 0 -0.000 -1.000 -0.000 -0.000 0 NA
265.00 0.04528 265.1 0.00518 0 -0.000 -1.000 -0.000 -0.000 0 NA
270.00 0.04444 270.1 0.00536 0 -0.000 -1.000 -0.000 -0.000 0 NA
275.00 0.04364 275.1 0.00554 0 -0.000 -1.000 -0.000 -0.000 0 NA
280.00 0.04286 280.1 0.00573 0 -0.000 -1.000 -0.000 -0.000 0 NA
285.00 0.04211 285.1 0.00591 0 -0.000 -1.000 -0.000 -0.000 0 NA
290.00 0.04138 290.1 0.00610 0 -0.000 -1.000 -0.000 -0.000 0 NA
295.00 0.04068 295.1 0.00628 0 -0.000 -1.000 -0.000 -0.000 0 NA
300.00 0.04000 300.1 0.00647 0 -0.000 -1.000 -0.000 -0.000 0 NA
305.00 0.03934 305.1 0.00667 0 -0.000 -1.000 -0.000 -0.000 0 NA
310.00 0.03871 310.1 0.00686 0 -0.000 -1.000 -0.000 -0.000 0 NA
315.00 0.03810 315.1 0.00706 0 -0.000 -1.000 -0.000 -0.000 0 NA
320.00 0.03750 320.1 0.00725 0 -0.000 -1.000 -0.000 -0.000 0 NA
325.00 0.03692 325.1 0.00745 0 -0.000 -1.000 -0.000 -0.000 0 NA
330.00 0.03636 330.1 0.00766 0 -0.000 -1.000 -0.000 -0.000 0 NA
335.00 0.03582 335.1 0.00786 0 -0.000 -1.000 -0.000 -0.000 0 NA
340.00 0.03529 340.1 0.00809 0 -0.000 -1.000 -0.000 -0.000 0 NA
345.00 0.03478 345.1 0.00830 0 -0.000 -1.000 -0.000 -0.000 0 NA
350.00 0.03429 350.1 0.00851 0 -0.000 -1.000 -0.000 -0.000 0 NA
355.00 0.03380 355.1 0.00872 0 -0.000 -1.000 -0.000 -0.000 0 NA
360.00 0.03333 360.1 0.00893 0 -0.000 -1.000 -0.000 -0.000 0 NA
365.00 0.03288 365.1 0.00914 0 -0.000 -1.000 -0.000 -0.000 0 NA
370.00 0.03243 370.1 0.00935 0 -0.000 -1.000 -0.000 -0.000 0 NA
375.00 0.03200 375.1 0.00957 0 -0.000 -1.000 -0.000 -0.000 0 NA
380.00 0.03158 380.1 0.00979 0 -0.000 -1.000 -0.000 -0.000 0 NA
385.00 0.03117 385.1 0.01000 0 -0.000 -1.000 -0.000 -0.000 0 NA
390.00 0.03077 390.1 0.01022 0 -0.000 -1.000 -0.000 -0.000 0 NA
395.00 0.03038 395.1 0.01044 0 -0.000 -1.000 -0.000 -0.000 0 NA
400.00 0.03000 400.1 0.01066 0 -0.000 -1.000 -0.000 -0.000 0 NA
405.00 0.02963 405.1 0.01089 0 -0.000 -1.000 -0.000 -0.000 0 NA
410.00 0.02927 410.1 0.01111 0 -0.000 -1.000 -0.000 -0.000 0 NA
415.00 0.02892 415.1 0.01134 0 -0.000 -1.000 -0.000 -0.000 0 NA
420.00 0.02857 420.1 0.01157 0 -0.000 -1.000 -0.000 -0.000 0 NA
425.00 0.02824 425.1 0.01179 0 -0.000 -1.000 -0.000 -0.000 0 NA
0.00 0.06000 0.1 0.00000 0 -2.000 -1.000 -2.000 -0.000 0 NA
5.00 0.06000 5.1 0.00000 0 -2.000 -1.000 -2.000 -0.000 0 NA
10.00 0.06000 10.1 0.00000 0 -2.000 -1.000 -2.000 -0.000 0 NA
15.00 0.06000 15.1 0.00000 0 -2.000 -1.000 -2.000 -0.000 0 NA
20.00 0.06000 20.1 0.00000 0 -2.000 -1.000 -2.000 -0.000 0 NA
25.00 0.06000 25.1 0.00000 0 -2.000 -1.000 -2.000 -0.000 0 NA
30.00 0.06000 30.1 0.00000 0 -2.000 -1.000 -2.000 -0.000 0 NA
35.00 0.06000 35.1 0.00000 0 -2.000 -1.000 -2.000 -0.000 0 NA
40.00 0.06000 40.1 0.00000 0 -2.000 -1.000 -2.000 -0.000 0 NA
45.00 0.06000 45.0 0.00000 0 -2.000 -1.000 -2.000 -0.000 0 NA
50.00 0.06000 50.1 0.00005 0 -2.000 -1.000 -2.000 -0.000 0 NA
55.00 0.06000 55.0 0.00005 0 -2.000 -1.000 -2.000 -0.000 0 NA
60.00 0.06000 60.1 0.00006 0 -2.000 -1.000 -2.000 -0.000 0 NA
65.00 0.06000 65.0 0.00007 0 -2.000 -1.000 -2.000 -0.000 0 NA
70.00 0.06000 70.1 0.00008 0 -2.000 -1.000 -2.000 -0.000 0 NA
75.00 0.06000 75.1 0.00010 0 -2.000 -1.000 -2.000 -0.000 0 NA
80.00 0.06000 80.1 0.00012 0 -2.000 -1.000 -2.000 -0.000 0 NA
85.00 0.06000 85.1 0.00014 0 -2.000 -1.000 -2.000 -0.000 0 NA
90.00 0.06000 90.1 0.00017 0 -2.000 -1.000 -2.000 -0.000 0 NA
95.00 0.06000 95.1 0.00020 0 -2.000 -1.000 -2.000 -0.000 0 NA
100.00 0.06000 100.1 0.00022 0 -2.000 -1.000 -2.000 -0.000 0 NA
105.00 0.06000 105.1 0.00026 0 -2.000 -1.000 -2.000 -0.000 0 NA
110.00 0.06000 110.1 0.00029 0 -2.000 -1.000 -2.000 -0.000 0 NA
115.00 0.06000 115.1 0.00033 0 -2.000 -1.000 -2.000 -0.000 0 NA
120.00 0.06000 120.1 0.00037 0 -2.000 -1.000 -2.000 -0.000 0 NA
125.00 0.06000 125.1 0.00042 0 -2.000 -1.000 -2.000 -0.000 0 NA
130.00 0.06000 130.1 0.00047 0 -2.000 -1.000 -2.000 -0.000 0 NA
135.00 0.06000 135.1 0.00051 0 -2.000 -1.000 -2.000 -0.000 0 NA
140.00 0.06000 140.1 0.00056 0 -2.000 -1.000 -2.000 -0.000 0 NA
145.00 0.06000 145.1 0.00063 0 -2.000 -1.000 -2.000 -0.000 0 NA
150.00 0.06000 150.1 0.00069 0 -2.000 -1.000 -2.000 -0.000 0 NA
155.00 0.06000 155.1 0.00075 0 -2.000 -1.000 -2.000 -0.000 0 NA
160.00 0.06000 160.1 0.00081 0 -2.000 -1.000 -2.000 -0.000 0 NA
165.00 0.06000 165.1 0.00088 0 -2.000 -1.000 -2.000 -0.000 0 NA
170.00 0.06000 170.1 0.00096 0 -2.000 -1.000 -2.000 -0.000 0 NA
175.00 0.06000 175.1 0.00103 0 -2.000 -1.000 -2.000 -0.000 0 NA
180.00 0.06000 180.1 0.00111 0 -2.000 -1.000 -2.000 -0.000 0 NA
185.00 0.06000 185.1 0.00120 0 -2.000 -1.000 -2.000 -0.000 0 NA
190.00 0.06000 190.1 0.00128 0 -2.000 -1.000 -2.000 -0.000 0 NA
195.00 0.06000 195.1 0.00137 0 -2.000 -1.000 -2.000 -0.000 0 NA
200.00 0.06000 200.1 0.00147 0 -2.000 -1.000 -2.000 -0.000 0 NA
205.00 0.05854 205.1 0.00157 0 -2.000 -1.000 -2.000 -0.000 0 NA
210.00 0.05714 210.1 0.00168 0 -2.000 -1.000 -2.000 -0.000 0 NA
215.00 0.05581 215.1 0.00178 0 -2.000 -1.000 -2.000 -0.000 0 NA
220.00 0.05455 220.1 0.00190 0 -2.000 -1.000 -2.000 -0.000 0 NA
225.00 0.05333 225.1 0.00201 0 -2.000 -1.000 -2.000 -0.000 0 NA
230.00 0.05217 230.1 0.00213 0 -2.000 -1.000 -2.000 -0.000 0 NA
235.00 0.05106 235.1 0.00226 0 -2.000 -1.000 -2.000 -0.000 0 NA
240.00 0.05000 240.1 0.00239 0 -2.000 -1.000 -2.000 -0.000 0 NA
245.00 0.04898 245.1 0.00252 0 -2.000 -1.000 -2.000 -0.000 0 NA
250.00 0.04800 250.1 0.00265 0 -2.000 -1.000 -2.000 -0.000 0 NA
255.00 0.04706 255.1 0.00279 0 -2.000 -1.000 -2.000 -0.000 0 NA
260.00 0.04615 260.1 0.00294 0 -2.000 -1.000 -2.000 -0.000 0 NA
265.00 0.04528 265.1 0.00309 0 -2.000 -1.000 -2.000 -0.000 0 NA
270.00 0.04444 270.1 0.00324 0 -2.000 -1.000 -2.000 -0.000 0 NA
275.00 0.04364 275.1 0.00340 0 -2.000 -1.000 -2.000 -0.000 0 NA
280.00 0.04286 280.1 0.00356 0 -2.000 -1.000 -2.000 -0.000 0 NA
285.00 0.04211 285.1 0.00372 0 -2.000 -1.000 -2.000 -0.000 0 NA
290.00 0.04138 290.1 0.00389 0 -2.000 -1.000 -2.000 -0.000 0 NA
295.00 0.04068 295.1 0.00405 0 -2.000 -1.000 -2.000 -0.000 0 NA
300.00 0.04000 300.1 0.00423 0 -2.000 -1.000 -2.000 -0.000 0 NA
305.00 0.03934 305.1 0.00440 0 -2.000 -1.000 -2.000 -0.000 0 NA
310.00 0.03871 310.1 0.00460 0 -2.000 -1.000 -2.000 -0.000 0 NA
315.00 0.03810 315.1 0.00477 0 -2.000 -1.000 -2.000 -0.000 0 NA
320.00 0.03750 320.1 0.00495 0 -2.000 -1.000 -2.000 -0.000 0 NA
325.00 0.03692 325.1 0.00512 0 -2.000 -1.000 -2.000 -0.000 0 NA
330.00 0.03636 330.1 0.00531 0 -2.000 -1.000 -2.000 -0.000 0 NA
335.00 0.03582 335.1 0.00548 0 -2.000 -1.000 -2.000 -0.000 0 NA
340.00 0.03529 340.1 0.00567 0 -2.000 -1.000 -2.000 -0.000 0 NA
345.00 0.03478 345.1 0.00585 0 -2.000 -1.000 -2.000 -0.000 0 NA
350.00 0.03429 350.1 0.00603 0 -2.000 -1.000 -2.000 -0.000 0 NA
355.00 0.03380 355.1 0.00622 0 -2.000 -1.000 -2.000 -0.000 0 NA
360.00 0.03333 360.1 0.00641 0 -2.000 -1.000 -2.000 -0.000 0 NA
365.00 0.03288 365.1 0.00660 0 -2.000 -1.000 -2.000 -0.000 0 NA
370.00 0.03243 370.1 0.00680 0 -2.000 -1.000 -2.000 -0.000 0 NA
375.00 0.03200 375.1 0.00699 0 -2.000 -1.000 -2.000 -0.000 0 NA
380.00 0.03158 380.1 0.00719 0 -2.000 -1.000 -2.000 -0.000 0 NA
385.00 0.03117 385.1 0.00738 0 -2.000 -1.000 -2.000 -0.000 0 NA
390.00 0.03077 390.1 0.00759 0 -2.000 -1.000 -2.000 -0.000 0 NA
395.00 0.03038 395.1 0.00780 0 -2.000 -1.000 -2.000 -0.000 0 NA
400.00 0.03000 400.1 0.00800 0 -2.000 -1.000 -2.000 -0.000 0 NA
405.00 0.02963 405.1 0.00821 0 -2.000 -1.000 -2.000 -0.000 0 NA
410.00 0.02927 410.1 0.00841 0 -2.000 -1.000 -2.000 -0.000 0 NA
415.00 0.02892 415.1 0.00862 0 -2.000 -1.000 -2.000 -0.000 0 NA
420.00 0.02857 420.1 0.00883 0 -2.000 -1.000 -2.000 -0.000 0 NA
425.00 0.02824 425.1 0.00904 0 -2.000 -1.000 -2.000 -0.000 0 NA
0.00 0.06000 0.1 0.00000 0 -4.000 -1.000 -4.000 -0.000 0 NA
5.00 0.06000 5.1 0.00000 0 -4.000 -1.000 -4.000 -0.000 0 NA
10.00 0.06000 10.1 0.00000 0 -4.000 -1.000 -4.000 -0.000 0 NA
15.00 0.06000 15.1 0.00000 0 -4.000 -1.000 -4.000 -0.000 0 NA
20.00 0.06000 20.1 0.00000 0 -4.000 -1.000 -4.000 -0.000 0 NA
25.00 0.06000 25.1 0.00000 0 -4.000 -1.000 -4.000 -0.000 0 NA
30.00 0.06000 30.1 0.00000 0 -4.000 -1.000 -4.000 -0.000 0 NA
35.00 0.06000 35.1 0.00000 0 -4.000 -1.000 -4.000 -0.000 0 NA
40.00 0.06000 40.1 0.00000 0 -4.000 -1.000 -4.000 -0.000 0 NA
45.00 0.06000 45.0 0.00000 0 -4.000 -1.000 -4.000 -0.000 0 NA
50.00 0.06000 50.1 0.00000 0 -4.000 -1.000 -4.000 -0.000 0 NA
55.00 0.06000 55.0 0.00000 0 -4.000 -1.000 -4.000 -0.000 0 NA
60.00 0.06000 60.0 0.00000 0 -4.000 -1.000 -4.000 -0.000 0 NA
65.00 0.06000 65.0 0.00000 0 -4.000 -1.000 -4.000 -0.000 0 NA
70.00 0.06000 70.1 0.00000 0 -4.000 -1.000 -4.000 -0.000 0 NA
75.00 0.06000 75.1 0.00000 0 -4.000 -1.000 -4.000 -0.000 0 NA
80.00 0.06000 80.1 0.00000 0 -4.000 -1.000 -4.000 -0.000 0 NA
85.00 0.06000 85.1 0.00000 0 -4.000 -1.000 -4.000 -0.000 0 NA
90.00 0.06000 90.1 0.00000 0 -4.000 -1.000 -4.000 -0.000 0 NA
95.00 0.06000 95.1 0.00000 0 -4.000 -1.000 -4.000 -0.000 0 NA
100.00 0.06000 100.1 0.00000 0 -4.000 -1.000 -4.000 -0.000 0 NA
105.00 0.06000 105.1 0.00000 0 -4.000 -1.000 -4.000 -0.000 0 NA
110.00 0.06000 110.1 0.00005 0 -4.000 -1.000 -4.000 -0.000 0 NA
115.00 0.06000 115.1 0.00005 0 -4.000 -1.000 -4.000 -0.000 0 NA
120.00 0.06000 120.1 0.00006 0 -4.000 -1.000 -4.000 -0.000 0 NA
125.00 0.06000 125.1 0.00007 0 -4.000 -1.000 -4.000 -0.000 0 NA
130.00 0.06000 130.1 0.00008 0 -4.000 -1.000 -4.000 -0.000 0 NA
135.00 0.06000 135.1 0.00009 0 -4.000 -1.000 -4.000 -0.000 0 NA
140.00 0.06000 140.1 0.00011 0 -4.000 -1.000 -4.000 -0.000 0 NA
145.00 0.06000 145.1 0.00014 0 -4.000 -1.000 -4.000 -0.000 0 NA
150.00 0.06000 150.1 0.00015 0 -4.000 -1.000 -4.000 -0.000 0 NA
155.00 0.06000 155.1 0.00018 0 -4.000 -1.000 -4.000 -0.000 0 NA
160.00 0.06000 160.1 0.00021 0 -4.000 -1.000 -4.000 -0.000 0 NA
165.00 0.06000 165.1 0.00024 0 -4.000 -1.000 -4.000 -0.000 0 NA
170.00 0.06000 170.1 0.00028 0 -4.000 -1.000 -4.000 -0.000 0 NA
175.00 0.06000 175.1 0.00031 0 -4.000 -1.000 -4.000 -0.000 0 NA
180.00 0.06000 180.1 0.00035 0 -4.000 -1.000 -4.000 -0.000 0 NA
185.00 0.06000 185.1 0.00040 0 -4.000 -1.000 -4.000 -0.000 0 NA
190.00 0.06000 190.1 0.00044 0 -4.000 -1.000 -4.000 -0.000 0 NA
195.00 0.06000 195.1 0.00049 0 -4.000 -1.000 -4.000 -0.000 0 NA
200.00 0.06000 200.1 0.00055 0 -4.000 -1.000 -4.000 -0.000 0 NA
205.00 0.05854 205.1 0.00061 0 -4.000 -1.000 -4.000 -0.000 0 NA
210.00 0.05714 210.1 0.00066 0 -4.000 -1.000 -4.000 -0.000 0 NA
215.00 0.05581 215.1 0.00072 0 -4.000 -1.000 -4.000 -0.000 0 NA
220.00 0.05455 220.1 0.00078 0 -4.000 -1.000 -4.000 -0.000 0 NA
225.00 0.05333 225.1 0.00085 0 -4.000 -1.000 -4.000 -0.000 0 NA
230.00 0.05217 230.1 0.00092 0 -4.000 -1.000 -4.000 -0.000 0 NA
235.00 0.05106 235.1 0.00100 0 -4.000 -1.000 -4.000 -0.000 0 NA
240.00 0.05000 240.1 0.00108 0 -4.000 -1.000 -4.000 -0.000 0 NA
245.00 0.04898 245.1 0.00116 0 -4.000 -1.000 -4.000 -0.000 0 NA
250.00 0.04800 250.1 0.00125 0 -4.000 -1.000 -4.000 -0.000 0 NA
255.00 0.04706 255.1 0.00134 0 -4.000 -1.000 -4.000 -0.000 0 NA
260.00 0.04615 260.1 0.00143 0 -4.000 -1.000 -4.000 -0.000 0 NA
265.00 0.04528 265.1 0.00154 0 -4.000 -1.000 -4.000 -0.000 0 NA
270.00 0.04444 270.1 0.00163 0 -4.000 -1.000 -4.000 -0.000 0 NA
275.00 0.04364 275.1 0.00174 0 -4.000 -1.000 -4.000 -0.000 0 NA
280.00 0.04286 280.1 0.00185 0 -4.000 -1.000 -4.000 -0.000 0 NA
285.00 0.04211 285.1 0.00197 0 -4.000 -1.000 -4.000 -0.000 0 NA
290.00 0.04138 290.1 0.00209 0 -4.000 -1.000 -4.000 -0.000 0 NA
295.00 0.04068 295.1 0.00221 0 -4.000 -1.000 -4.000 -0.000 0 NA
300.00 0.04000 300.1 0.00234 0 -4.000 -1.000 -4.000 -0.000 0 NA
305.00 0.03934 305.1 0.00247 0 -4.000 -1.000 -4.000 -0.000 0 NA
310.00 0.03871 310.1 0.00261 0 -4.000 -1.000 -4.000 -0.000 0 NA
315.00 0.03810 315.1 0.00274 0 -4.000 -1.000 -4.000 -0.000 0 NA
320.00 0.03750 320.1 0.00289 0 -4.000 -1.000 -4.000 -0.000 0 NA
325.00 0.03692 325.1 0.00304 0 -4.000 -1.000 -4.000 -0.000 0 NA
330.00 0.03636 330.1 0.00319 0 -4.000 -1.000 -4.000 -0.000 0 NA
335.00 0.03582 335.1 0.00333 0 -4.000 -1.000 -4.000 -0.000 0 NA
340.00 0.03529 340.1 0.00349 0 -4.000 -1.000 -4.000 -0.000 0 NA
345.00 0.03478 345.1 0.00366 0 -4.000 -1.000 -4.000 -0.000 0 NA
350.00 0.03429 350.1 0.00383 0 -4.000 -1.000 -4.000 -0.000 0 NA
355.00 0.03380 355.1 0.00399 0 -4.000 -1.000 -4.000 -0.000 0 NA
360.00 0.03333 360.1 0.00416 0 -4.000 -1.000 -4.000 -0.000 0 NA
365.00 0.03288 365.1 0.00433 0 -4.000 -1.000 -4.000 -0.000 0 NA
370.00 0.03243 370.1 0.00451 0 -4.000 -1.000 -4.000 -0.000 0 NA
375.00 0.03200 375.1 0.00468 0 -4.000 -1.000 -4.000 -0.000 0 NA
380.00 0.03158 380.1 0.00486 0 -4.000 -1.000 -4.000 -0.000 0 NA
385.00 0.03117 385.1 0.00504 0 -4.000 -1.000 -4.000 -0.000 0 NA
390.00 0.03077 390.1 0.00522 0 -4.000 -1.000 -4.000 -0.000 0 NA
395.00 0.03038 395.1 0.00539 0 -4.000 -1.000 -4.000 -0.000 0 NA
400.00 0.03000 400.1 0.00558 0 -4.000 -1.000 -4.000 -0.000 0 NA
405.00 0.02963 405.1 0.00576 0 -4.000 -1.000 -4.000 -0.000 0 NA
410.00 0.02927 410.1 0.00595 0 -4.000 -1.000 -4.000 -0.000 0 NA
415.00 0.02892 415.1 0.00613 0 -4.000 -1.000 -4.000 -0.000 0 NA
420.00 0.02857 420.1 0.00632 0 -4.000 -1.000 -4.000 -0.000 0 NA
425.00 0.02824 425.1 0.00652 0 -4.000 -1.000 -4.000 -0.000 0 NA
0.00 0.06000 0.1 0.00000 0 -6.000 -0.833 -6.000 -0.000 0 NA
5.00 0.06000 5.1 0.00000 0 -6.000 -0.833 -6.000 -0.000 0 NA
10.00 0.06000 10.1 0.00000 0 -6.000 -0.833 -6.000 -0.000 0 NA
15.00 0.06000 15.1 0.00000 0 -6.000 -0.833 -6.000 -0.000 0 NA
20.00 0.06000 20.1 0.00000 0 -6.000 -0.833 -6.000 -0.000 0 NA
25.00 0.06000 25.1 0.00000 0 -6.000 -0.833 -6.000 -0.000 0 NA
30.00 0.06000 30.1 0.00000 0 -6.000 -0.833 -6.000 -0.000 0 NA
35.00 0.06000 35.1 0.00000 0 -6.000 -0.833 -6.000 -0.000 0 NA
40.00 0.06000 40.1 0.00000 0 -6.000 -0.833 -6.000 -0.000 0 NA
45.00 0.06000 45.0 0.00000 0 -6.000 -0.833 -6.000 -0.000 0 NA
50.00 0.06000 50.1 0.00000 0 -6.000 -0.833 -6.000 -0.000 0 NA
55.00 0.06000 55.0 0.00000 0 -6.000 -0.833 -6.000 -0.000 0 NA
60.00 0.06000 60.0 0.00000 0 -6.000 -0.833 -6.000 -0.000 0 NA
65.00 0.06000 65.0 0.00000 0 -6.000 -0.833 -6.000 -0.000 0 NA
70.00 0.06000 70.1 0.00000 0 -6.000 -0.833 -6.000 -0.000 0 NA
75.00 0.06000 75.1 0.00000 0 -6.000 -0.833 -6.000 -0.000 0 NA
80.00 0.06000 80.1 0.00000 0 -6.000 -0.833 -6.000 -0.000 0 NA
85.00 0.06000 85.1 0.00000 0 -6.000 -0.833 -6.000 -0.000 0 NA
90.00 0.06000 90.1 0.00000 0 -6.000 -0.833 -6.000 -0.000 0 NA
95.00 0.06000 95.1 0.00000 0 -6.000 -0.833 -6.000 -0.000 0 NA
100.00 0.06000 100.1 0.00000 0 -6.000 -0.833 -6.000 -0.000 0 NA
105.00 0.06000 105.1 0.00000 0 -6.000 -0.833 -6.000 -0.000 0 NA
110.00 0.06000 110.1 0.00000 0 -6.000 -0.833 -6.000 -0.000 0 NA
115.00 0.06000 115.1 0.00000 0 -6.000 -0.833 -6.000 -0.000 0 NA
120.00 0.06000 120.1 0.00000 0 -6.000 -0.833 -6.000 -0.000 0 NA
125.00 0.06000 125.1 0.00000 0 -6.000 -0.833 -6.000 -0.000 0 NA
130.00 0.06000 130.1 0.00000 0 -6.000 -0.833 -6.000 -0.000 0 NA
135.00 0.06000 135.1 0.00000 0 -6.000 -0.833 -6.000 -0.000 0 NA
140.00 0.06000 140.1 0.00000 0 -6.000 -0.833 -6.000 -0.000 0 NA
145.00 0.06000 145.1 0.00000 0 -6.000 -0.833 -6.000 -0.000 0 NA
150.00 0.06000 150.1 0.00000 0 -6.000 -0.833 -6.000 -0.000 0 NA
155.00 0.06000 155.1 0.00000 0 -6.000 -0.833 -6.000 -0.000 0 NA
160.00 0.06000 160.1 0.00000 0 -6.000 -0.833 -6.000 -0.000 0 NA
165.00 0.06000 165.1 0.00000 0 -6.000 -0.833 -6.000 -0.000 0 NA
170.00 0.06000 170.1 0.00005 0 -6.000 -0.833 -6.000 -0.000 0 NA
175.00 0.06000 175.1 0.00005 0 -6.000 -0.833 -6.000 -0.000 0 NA
180.00 0.06000 180.1 0.00006 0 -6.000 -0.833 -6.000 -0.000 0 NA
185.00 0.06000 185.1 0.00007 0 -6.000 -0.833 -6.000 -0.000 0 NA
190.00 0.06000 190.1 0.00007 0 -6.000 -0.833 -6.000 -0.000 0 NA
195.00 0.06000 195.1 0.00009 0 -6.000 -0.833 -6.000 -0.000 0 NA
200.00 0.06000 200.1 0.00010 0 -6.000 -0.833 -6.000 -0.000 0 NA
205.00 0.05854 205.0 0.00013 0 -6.000 -0.833 -6.000 -0.000 0 NA
210.00 0.05714 210.1 0.00014 0 -6.000 -0.833 -6.000 -0.000 0 NA
215.00 0.05581 215.1 0.00017 0 -6.000 -0.833 -6.000 -0.000 0 NA
220.00 0.05455 220.1 0.00020 0 -6.000 -0.833 -6.000 -0.000 0 NA
225.00 0.05333 225.1 0.00022 0 -6.000 -0.833 -6.000 -0.000 0 NA
230.00 0.05217 230.1 0.00026 0 -6.000 -0.833 -6.000 -0.000 0 NA
235.00 0.05106 235.1 0.00029 0 -6.000 -0.833 -6.000 -0.000 0 NA
240.00 0.05000 240.1 0.00034 0 -6.000 -0.833 -6.000 -0.000 0 NA
245.00 0.04898 245.1 0.00038 0 -6.000 -0.833 -6.000 -0.000 0 NA
250.00 0.04800 250.1 0.00042 0 -6.000 -0.833 -6.000 -0.000 0 NA
255.00 0.04706 255.1 0.00048 0 -6.000 -0.833 -6.000 -0.000 0 NA
260.00 0.04615 260.1 0.00053 0 -6.000 -0.833 -6.000 -0.000 0 NA
265.00 0.04528 265.1 0.00058 0 -6.000 -0.833 -6.000 -0.000 0 NA
270.00 0.04444 270.1 0.00063 0 -6.000 -0.833 -6.000 -0.000 0 NA
275.00 0.04364 275.1 0.00070 0 -6.000 -0.833 -6.000 -0.000 0 NA
280.00 0.04286 280.1 0.00076 0 -6.000 -0.833 -6.000 -0.000 0 NA
285.00 0.04211 285.1 0.00083 0 -6.000 -0.833 -6.000 -0.000 0 NA
290.00 0.04138 290.1 0.00090 0 -6.000 -0.833 -6.000 -0.000 0 NA
295.00 0.04068 295.1 0.00097 0 -6.000 -0.833 -6.000 -0.000 0 NA
300.00 0.04000 300.1 0.00105 0 -6.000 -0.833 -6.000 -0.000 0 NA
305.00 0.03934 305.1 0.00113 0 -6.000 -0.833 -6.000 -0.000 0 NA
310.00 0.03871 310.1 0.00121 0 -6.000 -0.833 -6.000 -0.000 0 NA
315.00 0.03810 315.1 0.00130 0 -6.000 -0.833 -6.000 -0.000 0 NA
320.00 0.03750 320.1 0.00140 0 -6.000 -0.833 -6.000 -0.000 0 NA
325.00 0.03692 325.1 0.00149 0 -6.000 -0.833 -6.000 -0.000 0 NA
330.00 0.03636 330.1 0.00159 0 -6.000 -0.833 -6.000 -0.000 0 NA
335.00 0.03582 335.1 0.00170 0 -6.000 -0.833 -6.000 -0.000 0 NA
340.00 0.03529 340.1 0.00181 0 -6.000 -0.833 -6.000 -0.000 0 NA
345.00 0.03478 345.1 0.00192 0 -6.000 -0.833 -6.000 -0.000 0 NA
350.00 0.03429 350.1 0.00204 0 -6.000 -0.833 -6.000 -0.000 0 NA
355.00 0.03380 355.1 0.00216 0 -6.000 -0.833 -6.000 -0.000 0 NA
360.00 0.03333 360.1 0.00228 0 -6.000 -0.833 -6.000 -0.000 0 NA
365.00 0.03288 365.1 0.00241 0 -6.000 -0.833 -6.000 -0.000 0 NA
370.00 0.03243 370.1 0.00255 0 -6.000 -0.833 -6.000 -0.000 0 NA
375.00 0.03200 375.1 0.00269 0 -6.000 -0.833 -6.000 -0.000 0 NA
380.00 0.03158 380.1 0.00283 0 -6.000 -0.833 -6.000 -0.000 0 NA
385.00 0.03117 385.1 0.00297 0 -6.000 -0.833 -6.000 -0.000 0 NA
390.00 0.03077 390.1 0.00312 0 -6.000 -0.833 -6.000 -0.000 0 NA
395.00 0.03038 395.1 0.00327 0 -6.000 -0.833 -6.000 -0.000 0 NA
400.00 0.03000 400.1 0.00343 0 -6.000 -0.833 -6.000 -0.000 0 NA
405.00 0.02963 405.1 0.00359 0 -6.000 -0.833 -6.000 -0.000 0 NA
410.00 0.02927 410.1 0.00376 0 -6.000 -0.833 -6.000 -0.000 0 NA
415.00 0.02892 415.1 0.00392 0 -6.000 -0.833 -6.000 -0.000 0 NA
420.00 0.02857 420.1 0.00409 0 -6.000 -0.833 -6.000 -0.000 0 NA
425.00 0.02824 425.1 0.00425 0 -6.000 -0.833 -6.000 -0.000 0 NA
0.00 0.06000 0.1 0.00000 0 -8.000 -0.625 -8.000 -0.000 0 NA
5.00 0.06000 5.1 0.00000 0 -8.000 -0.625 -8.000 -0.000 0 NA
10.00 0.06000 10.1 0.00000 0 -8.000 -0.625 -8.000 -0.000 0 NA
15.00 0.06000 15.1 0.00000 0 -8.000 -0.625 -8.000 -0.000 0 NA
20.00 0.06000 20.1 0.00000 0 -8.000 -0.625 -8.000 -0.000 0 NA
25.00 0.06000 25.1 0.00000 0 -8.000 -0.625 -8.000 -0.000 0 NA
30.00 0.06000 30.1 0.00000 0 -8.000 -0.625 -8.000 -0.000 0 NA
35.00 0.06000 35.1 0.00000 0 -8.000 -0.625 -8.000 -0.000 0 NA
40.00 0.06000 40.1 0.00000 0 -8.000 -0.625 -8.000 -0.000 0 NA
45.00 0.06000 45.0 0.00000 0 -8.000 -0.625 -8.000 -0.000 0 NA
50.00 0.06000 50.1 0.00000 0 -8.000 -0.625 -8.000 -0.000 0 NA
55.00 0.06000 55.0 0.00000 0 -8.000 -0.625 -8.000 -0.000 0 NA
60.00 0.06000 60.0 0.00000 0 -8.000 -0.625 -8.000 -0.000 0 NA
65.00 0.06000 65.0 0.00000 0 -8.000 -0.625 -8.000 -0.000 0 NA
70.00 0.06000 70.1 0.00000 0 -8.000 -0.625 -8.000 -0.000 0 NA
75.00 0.06000 75.1 0.00000 0 -8.000 -0.625 -8.000 -0.000 0 NA
80.00 0.06000 80.1 0.00000 0 -8.000 -0.625 -8.000 -0.000 0 NA
85.00 0.06000 85.1 0.00000 0 -8.000 -0.625 -8.000 -0.000 0 NA
90.00 0.06000 90.1 0.00000 0 -8.000 -0.625 -8.000 -0.000 0 NA
95.00 0.06000 95.1 0.00000 0 -8.000 -0.625 -8.000 -0.000 0 NA
100.00 0.06000 100.1 0.00000 0 -8.000 -0.625 -8.000 -0.000 0 NA
105.00 0.06000 105.1 0.00000 0 -8.000 -0.625 -8.000 -0.000 0 NA
110.00 0.06000 110.1 0.00000 0 -8.000 -0.625 -8.000 -0.000 0 NA
115.00 0.06000 115.1 0.00000 0 -8.000 -0.625 -8.000 -0.000 0 NA
120.00 0.06000 120.1 0.00000 0 -8.000 -0.625 -8.000 -0.000 0 NA
125.00 0.06000 125.1 0.00000 0 -8.000 -0.625 -8.000 -0.000 0 NA
130.00 0.06000 130.1 0.00000 0 -8.000 -0.625 -8.000 -0.000 0 NA
135.00 0.06000 135.1 0.00000 0 -8.000 -0.625 -8.000 -0.000 0 NA
140.00 0.06000 140.1 0.00000 0 -8.000 -0.625 -8.000 -0.000 0 NA
145.00 0.06000 145.1 0.00000 0 -8.000 -0.625 -8.000 -0.000 0 NA
150.00 0.06000 150.1 0.00000 0 -8.000 -0.625 -8.000 -0.000 0 NA
155.00 0.06000 155.1 0.00000 0 -8.000 -0.625 -8.000 -0.000 0 NA
160.00 0.06000 160.1 0.00000 0 -8.000 -0.625 -8.000 -0.000 0 NA
165.00 0.06000 165.1 0.00000 0 -8.000 -0.625 -8.000 -0.000 0 NA
170.00 0.06000 170.1 0.00000 0 -8.000 -0.625 -8.000 -0.000 0 NA
175.00 0.06000 175.1 0.00000 0 -8.000 -0.625 -8.000 -0.000 0 NA
180.00 0.06000 180.1 0.00000 0 -8.000 -0.625 -8.000 -0.000 0 NA
185.00 0.06000 185.1 0.00000 0 -8.000 -0.625 -8.000 -0.000 0 NA
190.00 0.06000 190.1 0.00000 0 -8.000 -0.625 -8.000 -0.000 0 NA
195.00 0.06000 195.1 0.00000 0 -8.000 -0.625 -8.000 -0.000 0 NA
200.00 0.06000 200.1 0.00000 0 -8.000 -0.625 -8.000 -0.000 0 NA
205.00 0.05854 205.1 0.00000 0 -8.000 -0.625 -8.000 -0.000 0 NA
210.00 0.05714 210.1 0.00000 0 -8.000 -0.625 -8.000 -0.000 0 NA
215.00 0.05581 215.1 0.00000 0 -8.000 -0.625 -8.000 -0.000 0 NA
220.00 0.05455 220.1 0.00000 0 -8.000 -0.625 -8.000 -0.000 0 NA
225.00 0.05333 225.1 0.00000 0 -8.000 -0.625 -8.000 -0.000 0 NA
230.00 0.05217 230.1 0.00005 0 -8.000 -0.625 -8.000 -0.000 0 NA
235.00 0.05106 235.1 0.00005 0 -8.000 -0.625 -8.000 -0.000 0 NA
240.00 0.05000 240.1 0.00006 0 -8.000 -0.625 -8.000 -0.000 0 NA
245.00 0.04898 245.1 0.00007 0 -8.000 -0.625 -8.000 -0.000 0 NA
250.00 0.04800 250.1 0.00007 0 -8.000 -0.625 -8.000 -0.000 0 NA
255.00 0.04706 255.1 0.00008 0 -8.000 -0.625 -8.000 -0.000 0 NA
260.00 0.04615 260.1 0.00010 0 -8.000 -0.625 -8.000 -0.000 0 NA
265.00 0.04528 265.1 0.00012 0 -8.000 -0.625 -8.000 -0.000 0 NA
270.00 0.04444 270.1 0.00014 0 -8.000 -0.625 -8.000 -0.000 0 NA
275.00 0.04364 275.1 0.00016 0 -8.000 -0.625 -8.000 -0.000 0 NA
280.00 0.04286 280.1 0.00019 0 -8.000 -0.625 -8.000 -0.000 0 NA
285.00 0.04211 285.1 0.00021 0 -8.000 -0.625 -8.000 -0.000 0 NA
290.00 0.04138 290.1 0.00025 0 -8.000 -0.625 -8.000 -0.000 0 NA
295.00 0.04068 295.1 0.00028 0 -8.000 -0.625 -8.000 -0.000 0 NA
300.00 0.04000 300.1 0.00032 0 -8.000 -0.625 -8.000 -0.000 0 NA
305.00 0.03934 305.1 0.00036 0 -8.000 -0.625 -8.000 -0.000 0 NA
310.00 0.03871 310.1 0.00041 0 -8.000 -0.625 -8.000 -0.000 0 NA
315.00 0.03810 315.1 0.00046 0 -8.000 -0.625 -8.000 -0.000 0 NA
320.00 0.03750 320.1 0.00050 0 -8.000 -0.625 -8.000 -0.000 0 NA
325.00 0.03692 325.1 0.00056 0 -8.000 -0.625 -8.000 -0.000 0 NA
330.00 0.03636 330.1 0.00061 0 -8.000 -0.625 -8.000 -0.000 0 NA
335.00 0.03582 335.1 0.00067 0 -8.000 -0.625 -8.000 -0.000 0 NA
340.00 0.03529 340.1 0.00073 0 -8.000 -0.625 -8.000 -0.000 0 NA
345.00 0.03478 345.1 0.00080 0 -8.000 -0.625 -8.000 -0.000 0 NA
350.00 0.03429 350.1 0.00087 0 -8.000 -0.625 -8.000 -0.000 0 NA
355.00 0.03380 355.1 0.00094 0 -8.000 -0.625 -8.000 -0.000 0 NA
360.00 0.03333 360.1 0.00102 0 -8.000 -0.625 -8.000 -0.000 0 NA
365.00 0.03288 365.1 0.00110 0 -8.000 -0.625 -8.000 -0.000 0 NA
370.00 0.03243 370.1 0.00118 0 -8.000 -0.625 -8.000 -0.000 0 NA
375.00 0.03200 375.1 0.00127 0 -8.000 -0.625 -8.000 -0.000 0 NA
380.00 0.03158 380.1 0.00136 0 -8.000 -0.625 -8.000 -0.000 0 NA
385.00 0.03117 385.1 0.00146 0 -8.000 -0.625 -8.000 -0.000 0 NA
390.00 0.03077 390.1 0.00156 0 -8.000 -0.625 -8.000 -0.000 0 NA
395.00 0.03038 395.1 0.00166 0 -8.000 -0.625 -8.000 -0.000 0 NA
400.00 0.03000 400.1 0.00177 0 -8.000 -0.625 -8.000 -0.000 0 NA
405.00 0.02963 405.1 0.00188 0 -8.000 -0.625 -8.000 -0.000 0 NA
410.00 0.02927 410.1 0.00199 0 -8.000 -0.625 -8.000 -0.000 0 NA
415.00 0.02892 415.1 0.00212 0 -8.000 -0.625 -8.000 -0.000 0 NA
420.00 0.02857 420.1 0.00224 0 -8.000 -0.625 -8.000 -0.000 0 NA
425.00 0.02824 425.1 0.00236 0 -8.000 -0.625 -8.000 -0.000 0 NA
0.00 0.06000 0.1 0.00000 0 -10.000 -0.500 -10.000 -0.000 0 NA
5.00 0.06000 5.1 0.00000 0 -10.000 -0.500 -10.000 -0.000 0 NA
10.00 0.06000 10.1 0.00000 0 -10.000 -0.500 -10.000 -0.000 0 NA
15.00 0.06000 15.1 0.00000 0 -10.000 -0.500 -10.000 -0.000 0 NA
20.00 0.06000 20.1 0.00000 0 -10.000 -0.500 -10.000 -0.000 0 NA
25.00 0.06000 25.1 0.00000 0 -10.000 -0.500 -10.000 -0.000 0 NA
30.00 0.06000 30.1 0.00000 0 -10.000 -0.500 -10.000 -0.000 0 NA
35.00 0.06000 35.1 0.00000 0 -10.000 -0.500 -10.000 -0.000 0 NA
40.00 0.06000 40.1 0.00000 0 -10.000 -0.500 -10.000 -0.000 0 NA
45.00 0.06000 45.0 0.00000 0 -10.000 -0.500 -10.000 -0.000 0 NA
50.00 0.06000 50.1 0.00000 0 -10.000 -0.500 -10.000 -0.000 0 NA
55.00 0.06000 55.0 0.00000 0 -10.000 -0.500 -10.000 -0.000 0 NA
60.00 0.06000 60.0 0.00000 0 -10.000 -0.500 -10.000 -0.000 0 NA
65.00 0.06000 65.0 0.00000 0 -10.000 -0.500 -10.000 -0.000 0 NA
70.00 0.06000 70.1 0.00000 0 -10.000 -0.500 -10.000 -0.000 0 NA
75.00 0.06000 75.1 0.00000 0 -10.000 -0.500 -10.000 -0.000 0 NA
80.00 0.06000 80.1 0.00000 0 -10.000 -0.500 -10.000 -0.000 0 NA
85.00 0.06000 85.1 0.00000 0 -10.000 -0.500 -10.000 -0.000 0 NA
90.00 0.06000 90.1 0.00000 0 -10.000 -0.500 -10.000 -0.000 0 NA
95.00 0.06000 95.1 0.00000 0 -10.000 -0.500 -10.000 -0.000 0 NA
100.00 0.06000 100.1 0.00000 0 -10.000 -0.500 -10.000 -0.000 0 NA
105.00 0.06000 105.1 0.00000 0 -10.000 -0.500 -10.000 -0.000 0 NA
110.00 0.06000 110.1 0.00000 0 -10.000 -0.500 -10.000 -0.000 0 NA
115.00 0.06000 115.1 0.00000 0 -10.000 -0.500 -10.000 -0.000 0 NA
120.00 0.06000 120.1 0.00000 0 -10.000 -0.500 -10.000 -0.000 0 NA
125.00 0.06000 125.1 0.00000 0 -10.000 -0.500 -10.000 -0.000 0 NA
130.00 0.06000 130.1 0.00000 0 -10.000 -0.500 -10.000 -0.000 0 NA
135.00 0.06000 135.1 0.00000 0 -10.000 -0.500 -10.000 -0.000 0 NA
140.00 0.06000 140.1 0.00000 0 -10.000 -0.500 -10.000 -0.000 0 NA
145.00 0.06000 145.1 0.00000 0 -10.000 -0.500 -10.000 -0.000 0 NA
150.00 0.06000 150.1 0.00000 0 -10.000 -0.500 -10.000 -0.000 0 NA
155.00 0.06000 155.1 0.00000 0 -10.000 -0.500 -10.000 -0.000 0 NA
160.00 0.06000 160.1 0.00000 0 -10.000 -0.500 -10.000 -0.000 0 NA
165.00 0.06000 165.1 0.00000 0 -10.000 -0.500 -10.000 -0.000 0 NA
170.00 0.06000 170.1 0.00000 0 -10.000 -0.500 -10.000 -0.000 0 NA
175.00 0.06000 175.1 0.00000 0 -10.000 -0.500 -10.000 -0.000 0 NA
180.00 0.06000 180.1 0.00000 0 -10.000 -0.500 -10.000 -0.000 0 NA
185.00 0.06000 185.1 0.00000 0 -10.000 -0.500 -10.000 -0.000 0 NA
190.00 0.06000 190.1 0.00000 0 -10.000 -0.500 -10.000 -0.000 0 NA
195.00 0.06000 195.1 0.00000 0 -10.000 -0.500 -10.000 -0.000 0 NA
200.00 0.06000 200.1 0.00000 0 -10.000 -0.500 -10.000 -0.000 0 NA
205.00 0.05854 205.1 0.00000 0 -10.000 -0.500 -10.000 -0.000 0 NA
210.00 0.05714 210.1 0.00000 0 -10.000 -0.500 -10.000 -0.000 0 NA
215.00 0.05581 215.1 0.00000 0 -10.000 -0.500 -10.000 -0.000 0 NA
220.00 0.05455 220.1 0.00000 0 -10.000 -0.500 -10.000 -0.000 0 NA
225.00 0.05333 225.1 0.00000 0 -10.000 -0.500 -10.000 -0.000 0 NA
230.00 0.05217 230.1 0.00000 0 -10.000 -0.500 -10.000 -0.000 0 NA
235.00 0.05106 235.1 0.00000 0 -10.000 -0.500 -10.000 -0.000 0 NA
240.00 0.05000 240.1 0.00000 0 -10.000 -0.500 -10.000 -0.000 0 NA
245.00 0.04898 245.1 0.00000 0 -10.000 -0.500 -10.000 -0.000 0 NA
250.00 0.04800 250.1 0.00000 0 -10.000 -0.500 -10.000 -0.000 0 NA
255.00 0.04706 255.1 0.00000 0 -10.000 -0.500 -10.000 -0.000 0 NA
260.00 0.04615 260.1 0.00000 0 -10.000 -0.500 -10.000 -0.000 0 NA
265.00 0.04528 265.1 0.00000 0 -10.000 -0.500 -10.000 -0.000 0 NA
270.00 0.04444 270.1 0.00000 0 -10.000 -0.500 -10.000 -0.000 0 NA
275.00 0.04364 275.1 0.00000 0 -10.000 -0.500 -10.000 -0.000 0 NA
280.00 0.04286 280.1 0.00000 0 -10.000 -0.500 -10.000 -0.000 0 NA
285.00 0.04211 285.1 0.00000 0 -10.000 -0.500 -10.000 -0.000 0 NA
290.00 0.04138 290.1 0.00005 0 -10.000 -0.500 -10.000 -0.000 0 NA
295.00 0.04068 295.1 0.00005 0 -10.000 -0.500 -10.000 -0.000 0 NA
300.00 0.04000 300.1 0.00006 0 -10.000 -0.500 -10.000 -0.000 0 NA
305.00 0.03934 305.1 0.00007 0 -10.000 -0.500 -10.000 -0.000 0 NA
310.00 0.03871 310.1 0.00007 0 -10.000 -0.500 -10.000 -0.000 0 NA
315.00 0.03810 315.1 0.00008 0 -10.000 -0.500 -10.000 -0.000 0 NA
320.00 0.03750 320.1 0.00010 0 -10.000 -0.500 -10.000 -0.000 0 NA
325.00 0.03692 325.1 0.00012 0 -10.000 -0.500 -10.000 -0.000 0 NA
330.00 0.03636 330.1 0.00014 0 -10.000 -0.500 -10.000 -0.000 0 NA
335.00 0.03582 335.1 0.00015 0 -10.000 -0.500 -10.000 -0.000 0 NA
340.00 0.03529 340.1 0.00018 0 -10.000 -0.500 -10.000 -0.000 0 NA
345.00 0.03478 345.1 0.00021 0 -10.000 -0.500 -10.000 -0.000 0 NA
350.00 0.03429 350.1 0.00024 0 -10.000 -0.500 -10.000 -0.000 0 NA
355.00 0.03380 355.1 0.00028 0 -10.000 -0.500 -10.000 -0.000 0 NA
360.00 0.03333 360.1 0.00031 0 -10.000 -0.500 -10.000 -0.000 0 NA
365.00 0.03288 365.1 0.00035 0 -10.000 -0.500 -10.000 -0.000 0 NA
370.00 0.03243 370.1 0.00040 0 -10.000 -0.500 -10.000 -0.000 0 NA
375.00 0.03200 375.1 0.00044 0 -10.000 -0.500 -10.000 -0.000 0 NA
380.00 0.03158 380.1 0.00049 0 -10.000 -0.500 -10.000 -0.000 0 NA
385.00 0.03117 385.1 0.00054 0 -10.000 -0.500 -10.000 -0.000 0 NA
390.00 0.03077 390.1 0.00059 0 -10.000 -0.500 -10.000 -0.000 0 NA
395.00 0.03038 395.1 0.00065 0 -10.000 -0.500 -10.000 -0.000 0 NA
400.00 0.03000 400.1 0.00071 0 -10.000 -0.500 -10.000 -0.000 0 NA
405.00 0.02963 405.1 0.00078 0 -10.000 -0.500 -10.000 -0.000 0 NA
410.00 0.02927 410.1 0.00085 0 -10.000 -0.500 -10.000 -0.000 0 NA
415.00 0.02892 415.1 0.00092 0 -10.000 -0.500 -10.000 -0.000 0 NA
420.00 0.02857 420.1 0.00099 0 -10.000 -0.500 -10.000 -0.000 0 NA
425.00 0.02824 425.1 0.00107 0 -10.000 -0.500 -10.000 -0.000 0 NA
