% * Sample: 801_posgrid_6
% * Date / time: 2024-02-10 16:47:33.929712
% * R2CONTROL =  NOT SPECIFIED
% Column 1:  PSU1 nominal voltage setting (V)
% Column 2:  PSU1 nominal current setting (A)
% Column 3:  PSU1 voltage measurement (V)
% Column 4:  PSU1 current measurement (I)
% Column 5:  PSU1 limiter flag
% Column 6:  PSU2 nominal voltage setting (V)
% Column 7:  PSU2 nominal current setting (A)
% Column 8:  PSU2 voltage measurement (V)
% Column 9:  PSU2 current measurement (I)
% Column 10: PSU2 limiter flag
% Column 11: Heaterblock temperature (°C)
% * OPERATING POINT AT END OF PREHEAT / IDLE: U1 = 120.1 V  I1 = 0.05000 A  U2 = 28.758 V  I2 = 0.002 A  T = NA °C
0.00 0.05500 0.1 0.00000 0 0.000 1.000 2.000 0.000 0 NA
5.00 0.05500 5.1 0.00019 0 0.000 1.000 1.132 0.000 0 NA
10.00 0.05500 10.1 0.00025 0 0.000 1.000 0.774 0.000 0 NA
15.00 0.05500 15.1 0.00035 0 0.000 1.000 0.540 0.000 0 NA
20.00 0.05500 20.1 0.00049 0 0.000 1.000 0.384 0.000 0 NA
25.00 0.05500 25.1 0.00068 0 0.000 1.000 0.253 0.000 0 NA
30.00 0.05500 30.1 0.00092 0 0.000 1.000 0.190 0.000 0 NA
35.00 0.05500 35.1 0.00121 0 0.000 1.000 0.147 0.000 0 NA
40.00 0.05500 40.1 0.00156 0 0.000 1.000 0.116 0.000 0 NA
45.00 0.05500 45.0 0.00197 0 0.000 1.000 0.093 0.000 0 NA
50.00 0.05500 50.1 0.00242 0 0.000 1.000 0.074 0.000 0 NA
55.00 0.05500 55.0 0.00293 0 0.000 1.000 0.063 0.000 0 NA
60.00 0.05500 60.1 0.00348 0 0.000 1.000 0.055 0.000 0 NA
65.00 0.05500 65.0 0.00410 0 0.000 1.000 0.000 0.000 0 NA
70.00 0.05500 70.1 0.00475 0 0.000 1.000 0.000 0.000 0 NA
75.00 0.05500 75.1 0.00546 0 0.000 1.000 0.000 0.000 0 NA
80.00 0.05500 80.1 0.00620 0 0.000 1.000 0.000 0.000 0 NA
85.00 0.05500 85.1 0.00697 0 0.000 1.000 0.000 0.000 0 NA
90.00 0.05500 90.1 0.00778 0 0.000 1.000 0.000 0.000 0 NA
95.00 0.05500 95.1 0.00859 0 0.000 1.000 0.000 0.000 0 NA
100.00 0.05500 100.1 0.00944 0 0.000 1.000 0.000 0.000 0 NA
105.00 0.05500 105.1 0.01030 0 0.000 1.000 0.000 0.000 0 NA
110.00 0.05500 110.1 0.01119 0 0.000 1.000 0.000 0.000 0 NA
115.00 0.05500 115.1 0.01209 0 0.000 1.000 0.000 0.000 0 NA
120.00 0.05500 120.1 0.01301 0 0.000 1.000 0.000 0.000 0 NA
125.00 0.05500 125.1 0.01394 0 0.000 1.000 0.000 0.000 0 NA
130.00 0.05500 130.1 0.01489 0 0.000 1.000 0.000 0.000 0 NA
135.00 0.05500 135.1 0.01585 0 0.000 1.000 0.000 0.000 0 NA
140.00 0.05500 140.1 0.01682 0 0.000 1.000 0.000 0.000 0 NA
145.00 0.05500 145.1 0.01781 0 0.000 1.000 0.000 0.000 0 NA
150.00 0.05500 150.1 0.01881 0 0.000 1.000 0.000 0.000 0 NA
155.00 0.05500 155.1 0.01982 0 0.000 1.000 0.000 0.000 0 NA
160.00 0.05500 160.1 0.02084 0 0.000 1.000 0.000 0.000 0 NA
165.00 0.05500 165.1 0.02186 0 0.000 1.000 0.000 0.000 0 NA
170.00 0.05500 170.1 0.02291 0 0.000 1.000 0.000 0.000 0 NA
175.00 0.05500 175.1 0.02395 0 0.000 1.000 0.000 0.000 0 NA
180.00 0.05500 180.1 0.02500 0 0.000 1.000 0.000 0.000 0 NA
185.00 0.05500 185.1 0.02606 0 0.000 1.000 0.000 0.000 0 NA
190.00 0.05500 190.1 0.02713 0 0.000 1.000 0.000 0.000 0 NA
195.00 0.05500 195.1 0.02821 0 0.000 1.000 0.000 0.000 0 NA
200.00 0.05500 200.1 0.02930 0 0.000 1.000 0.000 0.000 0 NA
0.00 0.05500 0.2 0.00000 0 5.000 1.000 5.000 0.000 0 NA
5.00 0.05500 5.1 0.00125 0 5.000 1.000 5.000 0.000 0 NA
10.00 0.05500 10.1 0.00174 0 5.000 1.000 5.000 0.000 0 NA
15.00 0.05500 15.1 0.00224 0 5.000 1.000 5.000 0.000 0 NA
20.00 0.05500 20.1 0.00279 0 5.000 1.000 5.000 0.000 0 NA
25.00 0.05500 25.1 0.00340 0 5.000 1.000 5.000 0.000 0 NA
30.00 0.05500 30.1 0.00406 0 5.000 1.000 5.000 0.000 0 NA
35.00 0.05500 35.1 0.00476 0 5.000 1.000 5.000 0.000 0 NA
40.00 0.05500 40.1 0.00550 0 5.000 1.000 5.000 0.000 0 NA
45.00 0.05500 45.0 0.00627 0 5.000 1.000 5.000 0.000 0 NA
50.00 0.05500 50.1 0.00706 0 5.000 1.000 5.000 0.000 0 NA
55.00 0.05500 55.1 0.00787 0 5.000 1.000 5.000 0.000 0 NA
60.00 0.05500 60.1 0.00871 0 5.000 1.000 5.000 0.000 0 NA
65.00 0.05500 65.1 0.00956 0 5.000 1.000 5.000 0.000 0 NA
70.00 0.05500 70.1 0.01043 0 5.000 1.000 5.000 0.000 0 NA
75.00 0.05500 75.1 0.01133 0 5.000 1.000 5.000 0.000 0 NA
80.00 0.05500 80.1 0.01223 0 5.000 1.000 5.000 0.000 0 NA
85.00 0.05500 85.1 0.01316 0 5.000 1.000 5.000 0.000 0 NA
90.00 0.05500 90.1 0.01411 0 5.000 1.000 5.000 0.000 0 NA
95.00 0.05500 95.1 0.01505 0 5.000 1.000 5.000 0.000 0 NA
100.00 0.05500 100.1 0.01603 0 5.000 1.000 5.000 0.000 0 NA
105.00 0.05500 105.1 0.01701 0 5.000 1.000 5.000 0.000 0 NA
110.00 0.05500 110.1 0.01800 0 5.000 1.000 5.000 0.000 0 NA
115.00 0.05500 115.1 0.01900 0 5.000 1.000 5.000 0.000 0 NA
120.00 0.05500 120.1 0.02001 0 5.000 1.000 5.000 0.000 0 NA
125.00 0.05500 125.1 0.02103 0 5.000 1.000 5.000 0.000 0 NA
130.00 0.05500 130.1 0.02207 0 5.000 1.000 5.000 0.000 0 NA
135.00 0.05500 135.1 0.02311 0 5.000 1.000 5.000 0.000 0 NA
140.00 0.05500 140.1 0.02416 0 5.000 1.000 5.000 0.000 0 NA
145.00 0.05500 145.1 0.02521 0 5.000 1.000 5.000 0.000 0 NA
150.00 0.05500 150.1 0.02627 0 5.000 1.000 5.000 0.000 0 NA
155.00 0.05500 155.1 0.02734 0 5.000 1.000 5.000 0.000 0 NA
160.00 0.05500 160.1 0.02843 0 5.000 1.000 5.000 0.000 0 NA
165.00 0.05500 165.1 0.02951 0 5.000 1.000 5.000 0.000 0 NA
170.00 0.05500 170.1 0.03060 0 5.000 1.000 5.000 0.000 0 NA
175.00 0.05500 175.1 0.03169 0 5.000 1.000 5.000 0.000 0 NA
180.00 0.05500 180.1 0.03279 0 5.000 1.000 5.000 0.000 0 NA
185.00 0.05500 185.1 0.03390 0 5.000 1.000 5.000 0.000 0 NA
190.00 0.05500 190.1 0.03501 0 5.000 1.000 5.000 0.000 0 NA
195.00 0.05500 195.1 0.03612 0 5.000 1.000 5.000 0.000 0 NA
200.00 0.05500 200.1 0.03724 0 5.000 1.000 5.000 0.000 0 NA
0.00 0.05500 0.2 0.00000 0 10.000 0.500 10.000 0.000 0 NA
5.00 0.05500 5.1 0.00295 0 10.000 0.500 10.000 0.000 0 NA
10.00 0.05500 10.1 0.00471 0 10.000 0.500 10.000 0.000 0 NA
15.00 0.05500 15.1 0.00567 0 10.000 0.500 10.000 0.000 0 NA
20.00 0.05500 20.1 0.00661 0 10.000 0.500 10.000 0.000 0 NA
25.00 0.05500 25.1 0.00752 0 10.000 0.500 10.000 0.000 0 NA
30.00 0.05500 30.1 0.00847 0 10.000 0.500 10.000 0.000 0 NA
35.00 0.05500 35.1 0.00940 0 10.000 0.500 10.000 0.000 0 NA
40.00 0.05500 40.1 0.01034 0 10.000 0.500 10.000 0.000 0 NA
45.00 0.05500 45.0 0.01128 0 10.000 0.500 10.000 0.000 0 NA
50.00 0.05500 50.1 0.01222 0 10.000 0.500 10.000 0.000 0 NA
55.00 0.05500 55.0 0.01318 0 10.000 0.500 10.000 0.000 0 NA
60.00 0.05500 60.1 0.01413 0 10.000 0.500 10.000 0.000 0 NA
65.00 0.05500 65.1 0.01510 0 10.000 0.500 10.000 0.000 0 NA
70.00 0.05500 70.1 0.01608 0 10.000 0.500 10.000 0.000 0 NA
75.00 0.05500 75.1 0.01707 0 10.000 0.500 10.000 0.000 0 NA
80.00 0.05500 80.1 0.01808 0 10.000 0.500 10.000 0.000 0 NA
85.00 0.05500 85.1 0.01909 0 10.000 0.500 10.000 0.000 0 NA
90.00 0.05500 90.1 0.02014 0 10.000 0.500 10.000 0.000 0 NA
95.00 0.05500 95.1 0.02117 0 10.000 0.500 10.000 0.000 0 NA
100.00 0.05500 100.1 0.02222 0 10.000 0.500 10.000 0.000 0 NA
105.00 0.05500 105.1 0.02328 0 10.000 0.500 10.000 0.000 0 NA
110.00 0.05500 110.1 0.02434 0 10.000 0.500 10.000 0.000 0 NA
115.00 0.05500 115.1 0.02541 0 10.000 0.500 10.000 0.000 0 NA
120.00 0.05500 120.1 0.02648 0 10.000 0.500 10.000 0.000 0 NA
125.00 0.05500 125.1 0.02757 0 10.000 0.500 10.000 0.000 0 NA
130.00 0.05500 130.1 0.02866 0 10.000 0.500 10.000 0.000 0 NA
135.00 0.05500 135.1 0.02975 0 10.000 0.500 10.000 0.000 0 NA
140.00 0.05500 140.1 0.03085 0 10.000 0.500 10.000 0.000 0 NA
145.00 0.05500 145.1 0.03195 0 10.000 0.500 10.000 0.000 0 NA
150.00 0.05500 150.1 0.03307 0 10.000 0.500 10.000 0.000 0 NA
155.00 0.05500 155.1 0.03418 0 10.000 0.500 10.000 0.000 0 NA
160.00 0.05500 160.1 0.03530 0 10.000 0.500 10.000 0.000 0 NA
165.00 0.05500 165.1 0.03642 0 10.000 0.500 10.000 0.000 0 NA
170.00 0.05500 170.1 0.03754 0 10.000 0.500 10.000 0.000 0 NA
175.00 0.05500 175.1 0.03868 0 10.000 0.500 10.000 0.000 0 NA
180.00 0.05500 180.1 0.03981 0 10.000 0.500 10.000 0.000 0 NA
185.00 0.05500 185.1 0.04094 0 10.000 0.500 10.000 0.000 0 NA
190.00 0.05500 190.1 0.04208 0 10.000 0.500 10.000 0.000 0 NA
195.00 0.05500 195.1 0.04321 0 10.000 0.500 10.000 0.000 0 NA
200.00 0.05500 200.1 0.04435 0 10.000 0.500 10.000 0.000 0 NA
0.00 0.05500 0.2 0.00000 0 15.000 0.333 15.000 0.002 0 NA
5.00 0.05500 5.1 0.00380 0 15.000 0.333 15.000 0.002 0 NA
10.00 0.05500 10.1 0.00796 0 15.000 0.333 15.000 0.001 0 NA
15.00 0.05500 15.1 0.00937 0 15.000 0.333 15.000 0.001 0 NA
20.00 0.05500 20.1 0.01070 0 15.000 0.333 15.000 0.001 0 NA
25.00 0.05500 25.1 0.01190 0 15.000 0.333 15.000 0.001 0 NA
30.00 0.05500 30.1 0.01310 0 15.000 0.333 15.000 0.001 0 NA
35.00 0.05500 35.1 0.01424 0 15.000 0.333 15.000 0.001 0 NA
40.00 0.05500 40.1 0.01535 0 15.000 0.333 15.000 0.001 0 NA
45.00 0.05500 45.0 0.01645 0 15.000 0.333 15.000 0.001 0 NA
50.00 0.05500 50.1 0.01753 0 15.000 0.333 15.000 0.001 0 NA
55.00 0.05500 55.0 0.01859 0 15.000 0.333 15.000 0.001 0 NA
60.00 0.05500 60.1 0.01965 0 15.000 0.333 15.000 0.001 0 NA
65.00 0.05500 65.1 0.02071 0 15.000 0.333 15.000 0.001 0 NA
70.00 0.05500 70.1 0.02177 0 15.000 0.333 15.000 0.000 0 NA
75.00 0.05500 75.1 0.02284 0 15.000 0.333 15.000 0.000 0 NA
80.00 0.05500 80.1 0.02392 0 15.000 0.333 15.000 0.000 0 NA
85.00 0.05500 85.1 0.02501 0 15.000 0.333 15.000 0.000 0 NA
90.00 0.05500 90.1 0.02612 0 15.000 0.333 15.000 0.000 0 NA
95.00 0.05500 95.1 0.02722 0 15.000 0.333 15.000 0.000 0 NA
100.00 0.05500 100.1 0.02833 0 15.000 0.333 15.000 0.000 0 NA
105.00 0.05500 105.1 0.02945 0 15.000 0.333 15.000 0.000 0 NA
110.00 0.05500 110.1 0.03056 0 15.000 0.333 15.000 0.000 0 NA
115.00 0.05500 115.1 0.03168 0 15.000 0.333 15.000 0.000 0 NA
120.00 0.05500 120.1 0.03280 0 15.000 0.333 15.000 0.000 0 NA
125.00 0.05500 125.1 0.03392 0 15.000 0.333 15.000 0.000 0 NA
130.00 0.05500 130.1 0.03506 0 15.000 0.333 15.000 0.000 0 NA
135.00 0.05500 135.1 0.03619 0 15.000 0.333 15.000 0.000 0 NA
140.00 0.05500 140.1 0.03733 0 15.000 0.333 15.000 0.000 0 NA
145.00 0.05500 145.1 0.03846 0 15.000 0.333 15.000 0.000 0 NA
150.00 0.05500 150.1 0.03960 0 15.000 0.333 15.000 0.000 0 NA
155.00 0.05500 155.1 0.04074 0 15.000 0.333 15.000 0.000 0 NA
160.00 0.05500 160.1 0.04188 0 15.000 0.333 15.000 0.000 0 NA
165.00 0.05500 165.1 0.04302 0 15.000 0.333 15.000 0.000 0 NA
170.00 0.05500 170.1 0.04417 0 15.000 0.333 15.000 0.000 0 NA
175.00 0.05500 175.1 0.04532 0 15.000 0.333 15.000 0.000 0 NA
180.00 0.05500 180.1 0.04647 0 15.000 0.333 15.000 0.000 0 NA
185.00 0.05500 185.1 0.04761 0 15.000 0.333 15.000 0.000 0 NA
190.00 0.05500 190.1 0.04876 0 15.000 0.333 15.000 0.000 0 NA
195.00 0.05500 195.1 0.04989 0 15.000 0.333 15.000 0.000 0 NA
200.00 0.05500 200.1 0.05104 0 15.000 0.333 15.000 0.000 0 NA
0.00 0.05500 0.1 0.00000 0 20.000 0.250 20.000 0.005 0 NA
5.00 0.05500 5.1 0.00428 0 20.000 0.250 20.000 0.004 0 NA
10.00 0.05500 10.1 0.01107 0 20.000 0.250 20.000 0.003 0 NA
15.00 0.05500 15.1 0.01282 0 20.000 0.250 20.000 0.002 0 NA
20.00 0.05500 20.1 0.01465 0 20.000 0.250 20.000 0.002 0 NA
25.00 0.05500 25.1 0.01624 0 20.000 0.250 20.000 0.002 0 NA
30.00 0.05500 30.1 0.01774 0 20.000 0.250 20.000 0.002 0 NA
35.00 0.05500 35.1 0.01913 0 20.000 0.250 20.000 0.002 0 NA
40.00 0.05500 40.1 0.02043 0 20.000 0.250 20.000 0.001 0 NA
45.00 0.05500 45.0 0.02168 0 20.000 0.250 20.000 0.001 0 NA
50.00 0.05500 50.1 0.02290 0 20.000 0.250 20.000 0.001 0 NA
55.00 0.05500 55.0 0.02407 0 20.000 0.250 20.000 0.001 0 NA
60.00 0.05500 60.1 0.02524 0 20.000 0.250 20.000 0.001 0 NA
65.00 0.05500 65.1 0.02638 0 20.000 0.250 20.000 0.001 0 NA
70.00 0.05500 70.1 0.02753 0 20.000 0.250 20.000 0.001 0 NA
75.00 0.05500 75.1 0.02867 0 20.000 0.250 20.000 0.001 0 NA
80.00 0.05500 80.1 0.02983 0 20.000 0.250 20.000 0.001 0 NA
85.00 0.05500 85.1 0.03099 0 20.000 0.250 20.000 0.001 0 NA
90.00 0.05500 90.1 0.03215 0 20.000 0.250 20.000 0.001 0 NA
95.00 0.05500 95.1 0.03332 0 20.000 0.250 20.000 0.001 0 NA
100.00 0.05500 100.1 0.03449 0 20.000 0.250 20.000 0.001 0 NA
105.00 0.05500 105.1 0.03565 0 20.000 0.250 20.000 0.001 0 NA
110.00 0.05500 110.1 0.03680 0 20.000 0.250 20.000 0.001 0 NA
115.00 0.05500 115.1 0.03796 0 20.000 0.250 20.000 0.001 0 NA
120.00 0.05500 120.1 0.03911 0 20.000 0.250 20.000 0.001 0 NA
125.00 0.05500 125.1 0.04027 0 20.000 0.250 20.000 0.001 0 NA
130.00 0.05500 130.1 0.04143 0 20.000 0.250 20.000 0.001 0 NA
135.00 0.05500 135.1 0.04258 0 20.000 0.250 20.000 0.001 0 NA
140.00 0.05500 140.1 0.04374 0 20.000 0.250 20.000 0.001 0 NA
145.00 0.05500 145.1 0.04489 0 20.000 0.250 20.000 0.001 0 NA
150.00 0.05500 150.1 0.04605 0 20.000 0.250 20.000 0.001 0 NA
155.00 0.05500 155.1 0.04720 0 20.000 0.250 20.000 0.001 0 NA
160.00 0.05500 160.1 0.04835 0 20.000 0.250 20.000 0.001 0 NA
165.00 0.05500 165.1 0.04950 0 20.000 0.250 20.000 0.001 0 NA
170.00 0.05500 170.1 0.05065 0 20.000 0.250 20.000 0.001 0 NA
175.00 0.05500 175.1 0.05179 0 20.000 0.250 20.000 0.001 0 NA
180.00 0.05500 180.1 0.05292 0 20.000 0.250 20.000 0.001 0 NA
185.00 0.05500 185.1 0.05404 0 20.000 0.250 20.000 0.001 0 NA
190.00 0.05500 190.1 0.05516 1 20.000 0.250 20.000 0.001 0 NA
0.00 0.05500 0.1 0.00000 0 25.000 0.200 25.000 0.007 0 NA
5.00 0.05500 5.1 0.00451 0 25.000 0.200 25.000 0.007 0 NA
10.00 0.05500 10.1 0.01318 0 25.000 0.200 25.000 0.004 0 NA
15.00 0.05500 15.1 0.01614 0 25.000 0.200 25.000 0.004 0 NA
20.00 0.05500 20.1 0.01824 0 25.000 0.200 25.000 0.003 0 NA
25.00 0.05500 25.1 0.02035 0 25.000 0.200 25.000 0.003 0 NA
30.00 0.05500 30.1 0.02226 0 25.000 0.200 25.000 0.003 0 NA
35.00 0.05500 35.1 0.02394 0 25.000 0.200 25.000 0.003 0 NA
40.00 0.05500 40.1 0.02546 0 25.000 0.200 25.000 0.003 0 NA
45.00 0.05500 45.0 0.02689 0 25.000 0.200 25.000 0.003 0 NA
50.00 0.05500 50.1 0.02825 0 25.000 0.200 25.000 0.003 0 NA
55.00 0.05500 55.0 0.02954 0 25.000 0.200 25.000 0.002 0 NA
60.00 0.05500 60.1 0.03080 0 25.000 0.200 25.000 0.002 0 NA
65.00 0.05500 65.0 0.03203 0 25.000 0.200 25.000 0.002 0 NA
70.00 0.05500 70.1 0.03325 0 25.000 0.200 25.000 0.002 0 NA
75.00 0.05500 75.1 0.03448 0 25.000 0.200 25.000 0.002 0 NA
80.00 0.05500 80.1 0.03570 0 25.000 0.200 25.000 0.002 0 NA
85.00 0.05500 85.1 0.03693 0 25.000 0.200 25.000 0.002 0 NA
90.00 0.05500 90.1 0.03817 0 25.000 0.200 25.000 0.002 0 NA
95.00 0.05500 95.1 0.03938 0 25.000 0.200 25.000 0.002 0 NA
100.00 0.05500 100.1 0.04060 0 25.000 0.200 25.000 0.002 0 NA
105.00 0.05500 105.1 0.04180 0 25.000 0.200 25.000 0.002 0 NA
110.00 0.05500 110.1 0.04300 0 25.000 0.200 25.000 0.002 0 NA
115.00 0.05500 115.1 0.04418 0 25.000 0.200 25.000 0.002 0 NA
120.00 0.05500 120.1 0.04536 0 25.000 0.200 25.000 0.002 0 NA
125.00 0.05500 125.1 0.04655 0 25.000 0.200 25.000 0.002 0 NA
130.00 0.05500 130.1 0.04772 0 25.000 0.200 25.000 0.002 0 NA
135.00 0.05500 135.1 0.04889 0 25.000 0.200 25.000 0.002 0 NA
140.00 0.05500 140.1 0.05005 0 25.000 0.200 25.000 0.002 0 NA
145.00 0.05500 145.1 0.05120 0 25.000 0.200 25.000 0.002 0 NA
150.00 0.05500 150.1 0.05235 0 25.000 0.200 25.000 0.002 0 NA
155.00 0.05500 155.1 0.05348 0 25.000 0.200 25.000 0.002 0 NA
160.00 0.05500 160.1 0.05461 0 25.000 0.200 25.000 0.002 0 NA
165.00 0.05500 165.1 0.05572 1 25.000 0.200 25.000 0.002 0 NA
0.00 0.05500 0.1 0.00000 0 30.000 0.167 30.000 0.010 0 NA
5.00 0.05500 5.1 0.00455 0 30.000 0.167 30.000 0.009 0 NA
10.00 0.05500 10.1 0.01429 0 30.000 0.167 30.000 0.007 0 NA
15.00 0.05500 15.1 0.01936 0 30.000 0.167 30.000 0.005 0 NA
20.00 0.05500 20.1 0.02158 0 30.000 0.167 30.000 0.005 0 NA
25.00 0.05500 25.1 0.02409 0 30.000 0.167 30.000 0.005 0 NA
30.00 0.05500 30.1 0.02651 0 30.000 0.167 30.000 0.004 0 NA
35.00 0.05500 35.1 0.02858 0 30.000 0.167 30.000 0.004 0 NA
40.00 0.05500 40.1 0.03037 0 30.000 0.167 30.000 0.004 0 NA
45.00 0.05500 45.0 0.03201 0 30.000 0.167 30.000 0.004 0 NA
50.00 0.05500 50.1 0.03352 0 30.000 0.167 30.000 0.004 0 NA
55.00 0.05500 55.0 0.03494 0 30.000 0.167 30.000 0.004 0 NA
60.00 0.05500 60.1 0.03631 0 30.000 0.167 30.000 0.003 0 NA
65.00 0.05500 65.0 0.03762 0 30.000 0.167 30.000 0.003 0 NA
70.00 0.05500 70.1 0.03892 0 30.000 0.167 30.000 0.003 0 NA
75.00 0.05500 75.1 0.04020 0 30.000 0.167 30.000 0.003 0 NA
80.00 0.05500 80.1 0.04149 0 30.000 0.167 30.000 0.003 0 NA
85.00 0.05500 85.1 0.04277 0 30.000 0.167 30.000 0.003 0 NA
90.00 0.05500 90.1 0.04407 0 30.000 0.167 30.000 0.003 0 NA
95.00 0.05500 95.1 0.04533 0 30.000 0.167 30.000 0.003 0 NA
100.00 0.05500 100.1 0.04660 0 30.000 0.167 30.000 0.003 0 NA
105.00 0.05500 105.1 0.04784 0 30.000 0.167 30.000 0.003 0 NA
110.00 0.05500 110.1 0.04906 0 30.000 0.167 30.000 0.003 0 NA
115.00 0.05500 115.1 0.05027 0 30.000 0.167 30.000 0.003 0 NA
120.00 0.05500 120.1 0.05146 0 30.000 0.167 30.000 0.003 0 NA
125.00 0.05500 125.1 0.05264 0 30.000 0.167 30.000 0.003 0 NA
130.00 0.05500 130.1 0.05380 0 30.000 0.167 30.000 0.003 0 NA
135.00 0.05500 135.1 0.05495 0 30.000 0.167 30.000 0.003 0 NA
140.00 0.05500 140.1 0.05609 1 30.000 0.167 30.000 0.003 0 NA
