% * Sample: 801A_1
% * Date / time: 2024-01-16 15:13:21.330888
% * R2CONTROL =  NOT SPECIFIED
% Column 1:  PSU1 nominal voltage setting (V)
% Column 2:  PSU1 nominal current setting (A)
% Column 3:  PSU1 voltage measurement (V)
% Column 4:  PSU1 current measurement (I)
% Column 5:  PSU1 limiter flag
% Column 6:  PSU2 nominal voltage setting (V)
% Column 7:  PSU2 nominal current setting (A)
% Column 8:  PSU2 voltage measurement (V)
% Column 9:  PSU2 current measurement (I)
% Column 10: PSU2 limiter flag
% Column 11: Heaterblock temperature (°C)
% * OPERATING POINT AT END OF PREHEAT / IDLE: U1 = 300.1 V  I1 = 0.02000 A  U2 = -19.871 V  I2 = -0.000 A  T = NA °C
0.00 0.03000 0.1 0.00000 0 -0.000 -1.000 -1.621 -0.000 0 NA
5.00 0.03000 5.1 0.00000 0 -0.000 -1.000 -1.099 -0.000 0 NA
10.00 0.03000 10.1 0.00008 0 -0.000 -1.000 -0.757 -0.000 0 NA
15.00 0.03000 15.1 0.00019 0 -0.000 -1.000 -0.473 -0.000 0 NA
20.00 0.03000 20.1 0.00034 0 -0.000 -1.000 -0.341 -0.000 0 NA
25.00 0.03000 25.1 0.00056 0 -0.000 -1.000 -0.252 -0.000 0 NA
30.00 0.03000 30.1 0.00082 0 -0.000 -1.000 -0.191 -0.000 0 NA
35.00 0.03000 35.1 0.00113 0 -0.000 -1.000 -0.149 -0.000 0 NA
40.00 0.03000 40.1 0.00150 0 -0.000 -1.000 -0.119 -0.000 0 NA
45.00 0.03000 45.0 0.00192 0 -0.000 -1.000 -0.091 -0.000 0 NA
50.00 0.03000 50.1 0.00241 0 -0.000 -1.000 -0.077 -0.000 0 NA
55.00 0.03000 55.1 0.00294 0 -0.000 -1.000 -0.067 -0.000 0 NA
60.00 0.03000 60.1 0.00354 0 -0.000 -1.000 -0.059 -0.000 0 NA
65.00 0.03000 65.1 0.00418 0 -0.000 -1.000 -0.053 -0.000 0 NA
70.00 0.03000 70.1 0.00487 0 -0.000 -1.000 -0.000 -0.000 0 NA
75.00 0.03000 75.1 0.00560 0 -0.000 -1.000 -0.000 -0.000 0 NA
80.00 0.03000 80.1 0.00636 0 -0.000 -1.000 -0.000 -0.000 0 NA
85.00 0.03000 85.1 0.00716 0 -0.000 -1.000 -0.000 -0.000 0 NA
90.00 0.03000 90.1 0.00800 0 -0.000 -1.000 -0.000 -0.000 0 NA
95.00 0.03000 95.1 0.00886 0 -0.000 -1.000 -0.000 -0.000 0 NA
100.00 0.03000 100.1 0.00975 0 -0.000 -1.000 -0.000 -0.000 0 NA
105.00 0.03000 105.1 0.01067 0 -0.000 -1.000 -0.000 -0.000 0 NA
110.00 0.03000 110.1 0.01161 0 -0.000 -1.000 -0.000 -0.000 0 NA
115.00 0.03000 115.1 0.01258 0 -0.000 -1.000 -0.000 -0.000 0 NA
120.00 0.03000 120.1 0.01357 0 -0.000 -1.000 -0.000 -0.000 0 NA
125.00 0.03000 125.1 0.01458 0 -0.000 -1.000 -0.000 -0.000 0 NA
130.00 0.03000 130.1 0.01561 0 -0.000 -1.000 -0.000 -0.000 0 NA
135.00 0.03000 135.1 0.01668 0 -0.000 -1.000 -0.000 -0.000 0 NA
140.00 0.03000 140.1 0.01774 0 -0.000 -1.000 -0.000 -0.000 0 NA
145.00 0.03000 145.1 0.01884 0 -0.000 -1.000 -0.000 -0.000 0 NA
150.00 0.03000 150.1 0.01996 0 -0.000 -1.000 -0.000 -0.000 0 NA
155.00 0.03000 155.1 0.02109 0 -0.000 -1.000 -0.000 -0.000 0 NA
160.00 0.03000 160.1 0.02225 0 -0.000 -1.000 -0.000 -0.000 0 NA
165.00 0.03000 165.1 0.02342 0 -0.000 -1.000 -0.000 -0.000 0 NA
170.00 0.03000 170.1 0.02461 0 -0.000 -1.000 -0.000 -0.000 0 NA
175.00 0.03000 175.1 0.02582 0 -0.000 -1.000 -0.000 -0.000 0 NA
180.00 0.03000 180.1 0.02704 0 -0.000 -1.000 -0.000 -0.000 0 NA
185.00 0.03000 185.1 0.02828 0 -0.000 -1.000 -0.000 -0.000 0 NA
190.00 0.03000 190.1 0.02953 0 -0.000 -1.000 -0.000 -0.000 0 NA
195.00 0.03000 195.1 0.03080 1 -0.000 -1.000 -0.000 -0.000 0 NA
0.00 0.03000 0.1 0.00000 0 -5.000 -1.000 -5.000 -0.000 0 NA
5.00 0.03000 5.1 0.00000 0 -5.000 -1.000 -5.000 -0.000 0 NA
10.00 0.03000 10.1 0.00000 0 -5.000 -1.000 -5.000 -0.000 0 NA
15.00 0.03000 15.1 0.00000 0 -5.000 -1.000 -5.000 -0.000 0 NA
20.00 0.03000 20.1 0.00000 0 -5.000 -1.000 -5.000 -0.000 0 NA
25.00 0.03000 25.1 0.00000 0 -5.000 -1.000 -5.000 -0.000 0 NA
30.00 0.03000 30.1 0.00000 0 -5.000 -1.000 -5.000 -0.000 0 NA
35.00 0.03000 35.1 0.00005 0 -5.000 -1.000 -5.000 -0.000 0 NA
40.00 0.03000 40.1 0.00007 0 -5.000 -1.000 -5.000 -0.000 0 NA
45.00 0.03000 45.0 0.00013 0 -5.000 -1.000 -5.000 -0.000 0 NA
50.00 0.03000 50.1 0.00021 0 -5.000 -1.000 -5.000 -0.000 0 NA
55.00 0.03000 55.1 0.00035 0 -5.000 -1.000 -5.000 -0.000 0 NA
60.00 0.03000 60.1 0.00053 0 -5.000 -1.000 -5.000 -0.000 0 NA
65.00 0.03000 65.1 0.00076 0 -5.000 -1.000 -5.000 -0.000 0 NA
70.00 0.03000 70.1 0.00104 0 -5.000 -1.000 -5.000 -0.000 0 NA
75.00 0.03000 75.1 0.00137 0 -5.000 -1.000 -5.000 -0.000 0 NA
80.00 0.03000 80.1 0.00177 0 -5.000 -1.000 -5.000 -0.000 0 NA
85.00 0.03000 85.1 0.00220 0 -5.000 -1.000 -5.000 -0.000 0 NA
90.00 0.03000 90.1 0.00270 0 -5.000 -1.000 -5.000 -0.000 0 NA
95.00 0.03000 95.1 0.00326 0 -5.000 -1.000 -5.000 -0.000 0 NA
100.00 0.03000 100.1 0.00387 0 -5.000 -1.000 -5.000 -0.000 0 NA
105.00 0.03000 105.1 0.00454 0 -5.000 -1.000 -5.000 -0.000 0 NA
110.00 0.03000 110.1 0.00524 0 -5.000 -1.000 -5.000 -0.000 0 NA
115.00 0.03000 115.1 0.00598 0 -5.000 -1.000 -5.000 -0.000 0 NA
120.00 0.03000 120.1 0.00676 0 -5.000 -1.000 -5.000 -0.000 0 NA
125.00 0.03000 125.1 0.00758 0 -5.000 -1.000 -5.000 -0.000 0 NA
130.00 0.03000 130.1 0.00842 0 -5.000 -1.000 -5.000 -0.000 0 NA
135.00 0.03000 135.1 0.00929 0 -5.000 -1.000 -5.000 -0.000 0 NA
140.00 0.03000 140.1 0.01020 0 -5.000 -1.000 -5.000 -0.000 0 NA
145.00 0.03000 145.1 0.01112 0 -5.000 -1.000 -5.000 -0.000 0 NA
150.00 0.03000 150.1 0.01207 0 -5.000 -1.000 -5.000 -0.000 0 NA
155.00 0.03000 155.1 0.01305 0 -5.000 -1.000 -5.000 -0.000 0 NA
160.00 0.03000 160.1 0.01405 0 -5.000 -1.000 -5.000 -0.000 0 NA
165.00 0.03000 165.1 0.01507 0 -5.000 -1.000 -5.000 -0.000 0 NA
170.00 0.03000 170.1 0.01611 0 -5.000 -1.000 -5.000 -0.000 0 NA
175.00 0.03000 175.1 0.01717 0 -5.000 -1.000 -5.000 -0.000 0 NA
180.00 0.03000 180.1 0.01826 0 -5.000 -1.000 -5.000 -0.000 0 NA
185.00 0.03000 185.1 0.01937 0 -5.000 -1.000 -5.000 -0.000 0 NA
190.00 0.03000 190.1 0.02050 0 -5.000 -1.000 -5.000 -0.000 0 NA
195.00 0.03000 195.1 0.02164 0 -5.000 -1.000 -5.000 -0.000 0 NA
200.00 0.03000 200.1 0.02281 0 -5.000 -1.000 -5.000 -0.000 0 NA
205.00 0.03000 205.1 0.02399 0 -5.000 -1.000 -5.000 -0.000 0 NA
210.00 0.03000 210.1 0.02519 0 -5.000 -1.000 -5.000 -0.000 0 NA
215.00 0.03000 215.1 0.02640 0 -5.000 -1.000 -5.000 -0.000 0 NA
220.00 0.03000 220.1 0.02764 0 -5.000 -1.000 -5.000 -0.000 0 NA
225.00 0.03000 225.1 0.02888 0 -5.000 -1.000 -5.000 -0.000 0 NA
230.00 0.03000 230.1 0.03015 1 -5.000 -1.000 -5.000 -0.000 0 NA
0.00 0.03000 0.1 0.00000 0 -10.000 -0.500 -10.000 -0.000 0 NA
5.00 0.03000 5.1 0.00000 0 -10.000 -0.500 -10.000 -0.000 0 NA
10.00 0.03000 10.1 0.00000 0 -10.000 -0.500 -10.000 -0.000 0 NA
15.00 0.03000 15.1 0.00000 0 -10.000 -0.500 -10.000 -0.000 0 NA
20.00 0.03000 20.1 0.00000 0 -10.000 -0.500 -10.000 -0.000 0 NA
25.00 0.03000 25.1 0.00000 0 -10.000 -0.500 -10.000 -0.000 0 NA
30.00 0.03000 30.1 0.00000 0 -10.000 -0.500 -10.000 -0.000 0 NA
35.00 0.03000 35.1 0.00000 0 -10.000 -0.500 -10.000 -0.000 0 NA
40.00 0.03000 40.1 0.00000 0 -10.000 -0.500 -10.000 -0.000 0 NA
45.00 0.03000 45.0 0.00000 0 -10.000 -0.500 -10.000 -0.000 0 NA
50.00 0.03000 50.1 0.00000 0 -10.000 -0.500 -10.000 -0.000 0 NA
55.00 0.03000 55.1 0.00000 0 -10.000 -0.500 -10.000 -0.000 0 NA
60.00 0.03000 60.1 0.00000 0 -10.000 -0.500 -10.000 -0.000 0 NA
65.00 0.03000 65.1 0.00000 0 -10.000 -0.500 -10.000 -0.000 0 NA
70.00 0.03000 70.1 0.00005 0 -10.000 -0.500 -10.000 -0.000 0 NA
75.00 0.03000 75.1 0.00007 0 -10.000 -0.500 -10.000 -0.000 0 NA
80.00 0.03000 80.1 0.00011 0 -10.000 -0.500 -10.000 -0.000 0 NA
85.00 0.03000 85.1 0.00018 0 -10.000 -0.500 -10.000 -0.000 0 NA
90.00 0.03000 90.1 0.00029 0 -10.000 -0.500 -10.000 -0.000 0 NA
95.00 0.03000 95.1 0.00045 0 -10.000 -0.500 -10.000 -0.000 0 NA
100.00 0.03000 100.1 0.00065 0 -10.000 -0.500 -10.000 -0.000 0 NA
105.00 0.03000 105.1 0.00091 0 -10.000 -0.500 -10.000 -0.000 0 NA
110.00 0.03000 110.1 0.00121 0 -10.000 -0.500 -10.000 -0.000 0 NA
115.00 0.03000 115.1 0.00157 0 -10.000 -0.500 -10.000 -0.000 0 NA
120.00 0.03000 120.1 0.00198 0 -10.000 -0.500 -10.000 -0.000 0 NA
125.00 0.03000 125.1 0.00246 0 -10.000 -0.500 -10.000 -0.000 0 NA
130.00 0.03000 130.1 0.00298 0 -10.000 -0.500 -10.000 -0.000 0 NA
135.00 0.03000 135.1 0.00355 0 -10.000 -0.500 -10.000 -0.000 0 NA
140.00 0.03000 140.1 0.00418 0 -10.000 -0.500 -10.000 -0.000 0 NA
145.00 0.03000 145.1 0.00486 0 -10.000 -0.500 -10.000 -0.000 0 NA
150.00 0.03000 150.1 0.00558 0 -10.000 -0.500 -10.000 -0.000 0 NA
155.00 0.03000 155.1 0.00634 0 -10.000 -0.500 -10.000 -0.000 0 NA
160.00 0.03000 160.1 0.00714 0 -10.000 -0.500 -10.000 -0.000 0 NA
165.00 0.03000 165.1 0.00796 0 -10.000 -0.500 -10.000 -0.000 0 NA
170.00 0.03000 170.1 0.00882 0 -10.000 -0.500 -10.000 -0.000 0 NA
175.00 0.03000 175.1 0.00970 0 -10.000 -0.500 -10.000 -0.000 0 NA
180.00 0.03000 180.1 0.01061 0 -10.000 -0.500 -10.000 -0.000 0 NA
185.00 0.03000 185.1 0.01155 0 -10.000 -0.500 -10.000 -0.000 0 NA
190.00 0.03000 190.1 0.01251 0 -10.000 -0.500 -10.000 -0.000 0 NA
195.00 0.03000 195.1 0.01350 0 -10.000 -0.500 -10.000 -0.000 0 NA
200.00 0.03000 200.1 0.01451 0 -10.000 -0.500 -10.000 -0.000 0 NA
205.00 0.03000 205.1 0.01554 0 -10.000 -0.500 -10.000 -0.000 0 NA
210.00 0.03000 210.1 0.01660 0 -10.000 -0.500 -10.000 -0.000 0 NA
215.00 0.03000 215.1 0.01767 0 -10.000 -0.500 -10.000 -0.000 0 NA
220.00 0.03000 220.1 0.01877 0 -10.000 -0.500 -10.000 -0.000 0 NA
225.00 0.03000 225.1 0.01989 0 -10.000 -0.500 -10.000 -0.000 0 NA
230.00 0.03000 230.1 0.02102 0 -10.000 -0.500 -10.000 -0.000 0 NA
235.00 0.03000 235.1 0.02218 0 -10.000 -0.500 -10.000 -0.000 0 NA
240.00 0.03000 240.1 0.02335 0 -10.000 -0.500 -10.000 -0.000 0 NA
245.00 0.03000 245.1 0.02454 0 -10.000 -0.500 -10.000 -0.000 0 NA
250.00 0.03000 250.1 0.02575 0 -10.000 -0.500 -10.000 -0.000 0 NA
255.00 0.03000 255.1 0.02697 0 -10.000 -0.500 -10.000 -0.000 0 NA
260.00 0.03000 260.1 0.02821 0 -10.000 -0.500 -10.000 -0.000 0 NA
265.00 0.03000 265.1 0.02946 0 -10.000 -0.500 -10.000 -0.000 0 NA
270.00 0.03000 270.1 0.03073 1 -10.000 -0.500 -10.000 -0.000 0 NA
0.00 0.03000 0.1 0.00000 0 -15.000 -0.333 -15.000 -0.000 0 NA
5.00 0.03000 5.1 0.00000 0 -15.000 -0.333 -15.000 -0.000 0 NA
10.00 0.03000 10.1 0.00000 0 -15.000 -0.333 -15.000 -0.000 0 NA
15.00 0.03000 15.1 0.00000 0 -15.000 -0.333 -15.000 -0.000 0 NA
20.00 0.03000 20.1 0.00000 0 -15.000 -0.333 -15.000 -0.000 0 NA
25.00 0.03000 25.1 0.00000 0 -15.000 -0.333 -15.000 -0.000 0 NA
30.00 0.03000 30.1 0.00000 0 -15.000 -0.333 -15.000 -0.000 0 NA
35.00 0.03000 35.1 0.00000 0 -15.000 -0.333 -15.000 -0.000 0 NA
40.00 0.03000 40.1 0.00000 0 -15.000 -0.333 -15.000 -0.000 0 NA
45.00 0.03000 45.0 0.00000 0 -15.000 -0.333 -15.000 -0.000 0 NA
50.00 0.03000 50.1 0.00000 0 -15.000 -0.333 -15.000 -0.000 0 NA
55.00 0.03000 55.1 0.00000 0 -15.000 -0.333 -15.000 -0.000 0 NA
60.00 0.03000 60.1 0.00000 0 -15.000 -0.333 -15.000 -0.000 0 NA
65.00 0.03000 65.1 0.00000 0 -15.000 -0.333 -15.000 -0.000 0 NA
70.00 0.03000 70.1 0.00000 0 -15.000 -0.333 -15.000 -0.000 0 NA
75.00 0.03000 75.1 0.00000 0 -15.000 -0.333 -15.000 -0.000 0 NA
80.00 0.03000 80.1 0.00000 0 -15.000 -0.333 -15.000 -0.000 0 NA
85.00 0.03000 85.1 0.00000 0 -15.000 -0.333 -15.000 -0.000 0 NA
90.00 0.03000 90.1 0.00000 0 -15.000 -0.333 -15.000 -0.000 0 NA
95.00 0.03000 95.1 0.00000 0 -15.000 -0.333 -15.000 -0.000 0 NA
100.00 0.03000 100.1 0.00000 0 -15.000 -0.333 -15.000 -0.000 0 NA
105.00 0.03000 105.1 0.00000 0 -15.000 -0.333 -15.000 -0.000 0 NA
110.00 0.03000 110.1 0.00006 0 -15.000 -0.333 -15.000 -0.000 0 NA
115.00 0.03000 115.1 0.00010 0 -15.000 -0.333 -15.000 -0.000 0 NA
120.00 0.03000 120.1 0.00015 0 -15.000 -0.333 -15.000 -0.000 0 NA
125.00 0.03000 125.1 0.00025 0 -15.000 -0.333 -15.000 -0.000 0 NA
130.00 0.03000 130.1 0.00038 0 -15.000 -0.333 -15.000 -0.000 0 NA
135.00 0.03000 135.1 0.00056 0 -15.000 -0.333 -15.000 -0.000 0 NA
140.00 0.03000 140.1 0.00079 0 -15.000 -0.333 -15.000 -0.000 0 NA
145.00 0.03000 145.1 0.00107 0 -15.000 -0.333 -15.000 -0.000 0 NA
150.00 0.03000 150.1 0.00142 0 -15.000 -0.333 -15.000 -0.000 0 NA
155.00 0.03000 155.1 0.00180 0 -15.000 -0.333 -15.000 -0.000 0 NA
160.00 0.03000 160.1 0.00224 0 -15.000 -0.333 -15.000 -0.000 0 NA
165.00 0.03000 165.1 0.00273 0 -15.000 -0.333 -15.000 -0.000 0 NA
170.00 0.03000 170.1 0.00328 0 -15.000 -0.333 -15.000 -0.000 0 NA
175.00 0.03000 175.1 0.00388 0 -15.000 -0.333 -15.000 -0.000 0 NA
180.00 0.03000 180.1 0.00452 0 -15.000 -0.333 -15.000 -0.000 0 NA
185.00 0.03000 185.1 0.00521 0 -15.000 -0.333 -15.000 -0.000 0 NA
190.00 0.03000 190.1 0.00596 0 -15.000 -0.333 -15.000 -0.000 0 NA
195.00 0.03000 195.1 0.00673 0 -15.000 -0.333 -15.000 -0.000 0 NA
200.00 0.03000 200.1 0.00753 0 -15.000 -0.333 -15.000 -0.000 0 NA
205.00 0.03000 205.1 0.00837 0 -15.000 -0.333 -15.000 -0.000 0 NA
210.00 0.03000 210.1 0.00923 0 -15.000 -0.333 -15.000 -0.000 0 NA
215.00 0.03000 215.1 0.01014 0 -15.000 -0.333 -15.000 -0.000 0 NA
220.00 0.03000 220.1 0.01106 0 -15.000 -0.333 -15.000 -0.000 0 NA
225.00 0.03000 225.1 0.01200 0 -15.000 -0.333 -15.000 -0.000 0 NA
230.00 0.03000 230.1 0.01298 0 -15.000 -0.333 -15.000 -0.000 0 NA
235.00 0.03000 235.1 0.01398 0 -15.000 -0.333 -15.000 -0.000 0 NA
240.00 0.03000 240.1 0.01499 0 -15.000 -0.333 -15.000 -0.000 0 NA
245.00 0.03000 245.1 0.01604 0 -15.000 -0.333 -15.000 -0.000 0 NA
250.00 0.03000 250.1 0.01710 0 -15.000 -0.333 -15.000 -0.000 0 NA
255.00 0.03000 255.1 0.01818 0 -15.000 -0.333 -15.000 -0.000 0 NA
260.00 0.03000 260.1 0.01930 0 -15.000 -0.333 -15.000 -0.000 0 NA
265.00 0.03000 265.1 0.02042 0 -15.000 -0.333 -15.000 -0.000 0 NA
270.00 0.03000 270.1 0.02156 0 -15.000 -0.333 -15.000 -0.000 0 NA
275.00 0.03000 275.1 0.02272 0 -15.000 -0.333 -15.000 -0.000 0 NA
280.00 0.03000 280.1 0.02392 0 -15.000 -0.333 -15.000 -0.000 0 NA
285.00 0.03000 285.1 0.02511 0 -15.000 -0.333 -15.000 -0.000 0 NA
290.00 0.03000 290.1 0.02633 0 -15.000 -0.333 -15.000 -0.000 0 NA
295.00 0.03000 295.1 0.02756 0 -15.000 -0.333 -15.000 -0.000 0 NA
300.00 0.03000 300.1 0.02881 0 -15.000 -0.333 -15.000 -0.000 0 NA
305.00 0.03000 305.1 0.03008 1 -15.000 -0.333 -15.000 -0.000 0 NA
0.00 0.03000 0.1 0.00000 0 -20.000 -0.250 -20.000 -0.000 0 NA
5.00 0.03000 5.1 0.00000 0 -20.000 -0.250 -20.000 -0.000 0 NA
10.00 0.03000 10.1 0.00000 0 -20.000 -0.250 -20.000 -0.000 0 NA
15.00 0.03000 15.1 0.00000 0 -20.000 -0.250 -20.000 -0.000 0 NA
20.00 0.03000 20.1 0.00000 0 -20.000 -0.250 -20.000 -0.000 0 NA
25.00 0.03000 25.1 0.00000 0 -20.000 -0.250 -20.000 -0.000 0 NA
30.00 0.03000 30.1 0.00000 0 -20.000 -0.250 -20.000 -0.000 0 NA
35.00 0.03000 35.1 0.00000 0 -20.000 -0.250 -20.000 -0.000 0 NA
40.00 0.03000 40.1 0.00000 0 -20.000 -0.250 -20.000 -0.000 0 NA
45.00 0.03000 45.0 0.00000 0 -20.000 -0.250 -20.000 -0.000 0 NA
50.00 0.03000 50.1 0.00000 0 -20.000 -0.250 -20.000 -0.000 0 NA
55.00 0.03000 55.1 0.00000 0 -20.000 -0.250 -20.000 -0.000 0 NA
60.00 0.03000 60.1 0.00000 0 -20.000 -0.250 -20.000 -0.000 0 NA
65.00 0.03000 65.1 0.00000 0 -20.000 -0.250 -20.000 -0.000 0 NA
70.00 0.03000 70.1 0.00000 0 -20.000 -0.250 -20.000 -0.000 0 NA
75.00 0.03000 75.1 0.00000 0 -20.000 -0.250 -20.000 -0.000 0 NA
80.00 0.03000 80.1 0.00000 0 -20.000 -0.250 -20.000 -0.000 0 NA
85.00 0.03000 85.1 0.00000 0 -20.000 -0.250 -20.000 -0.000 0 NA
90.00 0.03000 90.1 0.00000 0 -20.000 -0.250 -20.000 -0.000 0 NA
95.00 0.03000 95.1 0.00000 0 -20.000 -0.250 -20.000 -0.000 0 NA
100.00 0.03000 100.1 0.00000 0 -20.000 -0.250 -20.000 -0.000 0 NA
105.00 0.03000 105.1 0.00000 0 -20.000 -0.250 -20.000 -0.000 0 NA
110.00 0.03000 110.1 0.00000 0 -20.000 -0.250 -20.000 -0.000 0 NA
115.00 0.03000 115.1 0.00000 0 -20.000 -0.250 -20.000 -0.000 0 NA
120.00 0.03000 120.1 0.00000 0 -20.000 -0.250 -20.000 -0.000 0 NA
125.00 0.03000 125.1 0.00000 0 -20.000 -0.250 -20.000 -0.000 0 NA
130.00 0.03000 130.1 0.00000 0 -20.000 -0.250 -20.000 -0.000 0 NA
135.00 0.03000 135.1 0.00000 0 -20.000 -0.250 -20.000 -0.000 0 NA
140.00 0.03000 140.1 0.00000 0 -20.000 -0.250 -20.000 -0.000 0 NA
145.00 0.03000 145.1 0.00006 0 -20.000 -0.250 -20.000 -0.000 0 NA
150.00 0.03000 150.1 0.00008 0 -20.000 -0.250 -20.000 -0.000 0 NA
155.00 0.03000 155.1 0.00014 0 -20.000 -0.250 -20.000 -0.000 0 NA
160.00 0.03000 160.1 0.00021 0 -20.000 -0.250 -20.000 -0.000 0 NA
165.00 0.03000 165.1 0.00034 0 -20.000 -0.250 -20.000 -0.000 0 NA
170.00 0.03000 170.1 0.00049 0 -20.000 -0.250 -20.000 -0.000 0 NA
175.00 0.03000 175.1 0.00071 0 -20.000 -0.250 -20.000 -0.000 0 NA
180.00 0.03000 180.1 0.00097 0 -20.000 -0.250 -20.000 -0.000 0 NA
185.00 0.03000 185.1 0.00127 0 -20.000 -0.250 -20.000 -0.000 0 NA
190.00 0.03000 190.1 0.00164 0 -20.000 -0.250 -20.000 -0.000 0 NA
195.00 0.03000 195.1 0.00205 0 -20.000 -0.250 -20.000 -0.000 0 NA
200.00 0.03000 200.1 0.00252 0 -20.000 -0.250 -20.000 -0.000 0 NA
205.00 0.03000 205.1 0.00304 0 -20.000 -0.250 -20.000 -0.000 0 NA
210.00 0.03000 210.1 0.00361 0 -20.000 -0.250 -20.000 -0.000 0 NA
215.00 0.03000 215.1 0.00423 0 -20.000 -0.250 -20.000 -0.000 0 NA
220.00 0.03000 220.1 0.00489 0 -20.000 -0.250 -20.000 -0.000 0 NA
225.00 0.03000 225.1 0.00560 0 -20.000 -0.250 -20.000 -0.000 0 NA
230.00 0.03000 230.1 0.00636 0 -20.000 -0.250 -20.000 -0.000 0 NA
235.00 0.03000 235.1 0.00714 0 -20.000 -0.250 -20.000 -0.000 0 NA
240.00 0.03000 240.1 0.00796 0 -20.000 -0.250 -20.000 -0.000 0 NA
245.00 0.03000 245.1 0.00880 0 -20.000 -0.250 -20.000 -0.000 0 NA
250.00 0.03000 250.1 0.00969 0 -20.000 -0.250 -20.000 -0.000 0 NA
255.00 0.03000 255.1 0.01059 0 -20.000 -0.250 -20.000 -0.000 0 NA
260.00 0.03000 260.1 0.01152 0 -20.000 -0.250 -20.000 -0.000 0 NA
265.00 0.03000 265.1 0.01248 0 -20.000 -0.250 -20.000 -0.000 0 NA
270.00 0.03000 270.1 0.01346 0 -20.000 -0.250 -20.000 -0.000 0 NA
275.00 0.03000 275.1 0.01447 0 -20.000 -0.250 -20.000 -0.000 0 NA
280.00 0.03000 280.1 0.01550 0 -20.000 -0.250 -20.000 -0.000 0 NA
285.00 0.03000 285.1 0.01655 0 -20.000 -0.250 -20.000 -0.000 0 NA
290.00 0.03000 290.1 0.01763 0 -20.000 -0.250 -20.000 -0.000 0 NA
295.00 0.03000 295.1 0.01872 0 -20.000 -0.250 -20.000 -0.000 0 NA
300.00 0.03000 300.1 0.01984 0 -20.000 -0.250 -20.000 -0.000 0 NA
305.00 0.03000 305.1 0.02098 0 -20.000 -0.250 -20.000 -0.000 0 NA
310.00 0.03000 310.1 0.02214 0 -20.000 -0.250 -20.000 -0.000 0 NA
315.00 0.03000 315.1 0.02331 0 -20.000 -0.250 -20.000 -0.000 0 NA
320.00 0.03000 320.1 0.02450 0 -20.000 -0.250 -20.000 -0.000 0 NA
325.00 0.03000 325.1 0.02572 0 -20.000 -0.250 -20.000 -0.000 0 NA
330.00 0.03000 330.1 0.02695 0 -20.000 -0.250 -20.000 -0.000 0 NA
335.00 0.03000 335.1 0.02820 0 -20.000 -0.250 -20.000 -0.000 0 NA
340.00 0.03000 340.1 0.02946 0 -20.000 -0.250 -20.000 -0.000 0 NA
345.00 0.03000 345.1 0.03074 1 -20.000 -0.250 -20.000 -0.000 0 NA
0.00 0.03000 0.1 0.00000 0 -25.000 -0.200 -25.000 -0.000 0 NA
5.00 0.03000 5.1 0.00000 0 -25.000 -0.200 -25.000 -0.000 0 NA
10.00 0.03000 10.1 0.00000 0 -25.000 -0.200 -25.000 -0.000 0 NA
15.00 0.03000 15.1 0.00000 0 -25.000 -0.200 -25.000 -0.000 0 NA
20.00 0.03000 20.1 0.00000 0 -25.000 -0.200 -25.000 -0.000 0 NA
25.00 0.03000 25.1 0.00000 0 -25.000 -0.200 -25.000 -0.000 0 NA
30.00 0.03000 30.1 0.00000 0 -25.000 -0.200 -25.000 -0.000 0 NA
35.00 0.03000 35.1 0.00000 0 -25.000 -0.200 -25.000 -0.000 0 NA
40.00 0.03000 40.1 0.00000 0 -25.000 -0.200 -25.000 -0.000 0 NA
45.00 0.03000 45.0 0.00000 0 -25.000 -0.200 -25.000 -0.000 0 NA
50.00 0.03000 50.1 0.00000 0 -25.000 -0.200 -25.000 -0.000 0 NA
55.00 0.03000 55.1 0.00000 0 -25.000 -0.200 -25.000 -0.000 0 NA
60.00 0.03000 60.1 0.00000 0 -25.000 -0.200 -25.000 -0.000 0 NA
65.00 0.03000 65.1 0.00000 0 -25.000 -0.200 -25.000 -0.000 0 NA
70.00 0.03000 70.1 0.00000 0 -25.000 -0.200 -25.000 -0.000 0 NA
75.00 0.03000 75.1 0.00000 0 -25.000 -0.200 -25.000 -0.000 0 NA
80.00 0.03000 80.1 0.00000 0 -25.000 -0.200 -25.000 -0.000 0 NA
85.00 0.03000 85.1 0.00000 0 -25.000 -0.200 -25.000 -0.000 0 NA
90.00 0.03000 90.1 0.00000 0 -25.000 -0.200 -25.000 -0.000 0 NA
95.00 0.03000 95.1 0.00000 0 -25.000 -0.200 -25.000 -0.000 0 NA
100.00 0.03000 100.1 0.00000 0 -25.000 -0.200 -25.000 -0.000 0 NA
105.00 0.03000 105.1 0.00000 0 -25.000 -0.200 -25.000 -0.000 0 NA
110.00 0.03000 110.1 0.00000 0 -25.000 -0.200 -25.000 -0.000 0 NA
115.00 0.03000 115.1 0.00000 0 -25.000 -0.200 -25.000 -0.000 0 NA
120.00 0.03000 120.1 0.00000 0 -25.000 -0.200 -25.000 -0.000 0 NA
125.00 0.03000 125.1 0.00000 0 -25.000 -0.200 -25.000 -0.000 0 NA
130.00 0.03000 130.1 0.00000 0 -25.000 -0.200 -25.000 -0.000 0 NA
135.00 0.03000 135.1 0.00000 0 -25.000 -0.200 -25.000 -0.000 0 NA
140.00 0.03000 140.1 0.00000 0 -25.000 -0.200 -25.000 -0.000 0 NA
145.00 0.03000 145.1 0.00000 0 -25.000 -0.200 -25.000 -0.000 0 NA
150.00 0.03000 150.1 0.00000 0 -25.000 -0.200 -25.000 -0.000 0 NA
155.00 0.03000 155.1 0.00000 0 -25.000 -0.200 -25.000 -0.000 0 NA
160.00 0.03000 160.1 0.00000 0 -25.000 -0.200 -25.000 -0.000 0 NA
165.00 0.03000 165.1 0.00000 0 -25.000 -0.200 -25.000 -0.000 0 NA
170.00 0.03000 170.1 0.00000 0 -25.000 -0.200 -25.000 -0.000 0 NA
175.00 0.03000 175.1 0.00000 0 -25.000 -0.200 -25.000 -0.000 0 NA
180.00 0.03000 180.1 0.00005 0 -25.000 -0.200 -25.000 -0.000 0 NA
185.00 0.03000 185.1 0.00007 0 -25.000 -0.200 -25.000 -0.000 0 NA
190.00 0.03000 190.1 0.00012 0 -25.000 -0.200 -25.000 -0.000 0 NA
195.00 0.03000 195.1 0.00019 0 -25.000 -0.200 -25.000 -0.000 0 NA
200.00 0.03000 200.1 0.00029 0 -25.000 -0.200 -25.000 -0.000 0 NA
205.00 0.03000 205.1 0.00044 0 -25.000 -0.200 -25.000 -0.000 0 NA
210.00 0.03000 210.1 0.00063 0 -25.000 -0.200 -25.000 -0.000 0 NA
215.00 0.03000 215.1 0.00086 0 -25.000 -0.200 -25.000 -0.000 0 NA
220.00 0.03000 220.1 0.00115 0 -25.000 -0.200 -25.000 -0.000 0 NA
225.00 0.03000 225.1 0.00149 0 -25.000 -0.200 -25.000 -0.000 0 NA
230.00 0.03000 230.1 0.00188 0 -25.000 -0.200 -25.000 -0.000 0 NA
235.00 0.03000 235.1 0.00233 0 -25.000 -0.200 -25.000 -0.000 0 NA
240.00 0.03000 240.1 0.00282 0 -25.000 -0.200 -25.000 -0.000 0 NA
245.00 0.03000 245.1 0.00336 0 -25.000 -0.200 -25.000 -0.000 0 NA
250.00 0.03000 250.1 0.00395 0 -25.000 -0.200 -25.000 -0.000 0 NA
255.00 0.03000 255.1 0.00459 0 -25.000 -0.200 -25.000 -0.000 0 NA
260.00 0.03000 260.1 0.00527 0 -25.000 -0.200 -25.000 -0.000 0 NA
265.00 0.03000 265.1 0.00600 0 -25.000 -0.200 -25.000 -0.000 0 NA
270.00 0.03000 270.1 0.00677 0 -25.000 -0.200 -25.000 -0.000 0 NA
275.00 0.03000 275.1 0.00756 0 -25.000 -0.200 -25.000 -0.000 0 NA
280.00 0.03000 280.1 0.00839 0 -25.000 -0.200 -25.000 -0.000 0 NA
285.00 0.03000 285.1 0.00925 0 -25.000 -0.200 -25.000 -0.000 0 NA
290.00 0.03000 290.1 0.01015 0 -25.000 -0.200 -25.000 -0.000 0 NA
295.00 0.03000 295.1 0.01106 0 -25.000 -0.200 -25.000 -0.000 0 NA
300.00 0.03000 300.1 0.01199 0 -25.000 -0.200 -25.000 -0.000 0 NA
305.00 0.03000 305.1 0.01297 0 -25.000 -0.200 -25.000 -0.000 0 NA
310.00 0.03000 310.1 0.01397 0 -25.000 -0.200 -25.000 -0.000 0 NA
315.00 0.03000 315.1 0.01498 0 -25.000 -0.200 -25.000 -0.000 0 NA
320.00 0.03000 320.1 0.01603 0 -25.000 -0.200 -25.000 -0.000 0 NA
325.00 0.03000 325.1 0.01709 0 -25.000 -0.200 -25.000 -0.000 0 NA
330.00 0.03000 330.1 0.01817 0 -25.000 -0.200 -25.000 -0.000 0 NA
335.00 0.03000 335.1 0.01928 0 -25.000 -0.200 -25.000 -0.000 0 NA
340.00 0.03000 340.1 0.02041 0 -25.000 -0.200 -25.000 -0.000 0 NA
345.00 0.03000 345.1 0.02156 0 -25.000 -0.200 -25.000 -0.000 0 NA
350.00 0.03000 350.1 0.02272 0 -25.000 -0.200 -25.000 -0.000 0 NA
355.00 0.03000 355.1 0.02392 0 -25.000 -0.200 -25.000 -0.000 0 NA
360.00 0.03000 360.1 0.02512 0 -25.000 -0.200 -25.000 -0.000 0 NA
365.00 0.03000 365.1 0.02634 0 -25.000 -0.200 -25.000 -0.000 0 NA
370.00 0.03000 370.1 0.02759 0 -25.000 -0.200 -25.000 -0.000 0 NA
375.00 0.03000 375.1 0.02885 0 -25.000 -0.200 -25.000 -0.000 0 NA
380.00 0.03000 380.1 0.03013 1 -25.000 -0.200 -25.000 -0.000 0 NA
0.00 0.03000 0.1 0.00000 0 -30.000 -0.167 -30.000 -0.000 0 NA
5.00 0.03000 5.1 0.00000 0 -30.000 -0.167 -30.000 -0.000 0 NA
10.00 0.03000 10.1 0.00000 0 -30.000 -0.167 -30.000 -0.000 0 NA
15.00 0.03000 15.1 0.00000 0 -30.000 -0.167 -30.000 -0.000 0 NA
20.00 0.03000 20.1 0.00000 0 -30.000 -0.167 -30.000 -0.000 0 NA
25.00 0.03000 25.1 0.00000 0 -30.000 -0.167 -30.000 -0.000 0 NA
30.00 0.03000 30.1 0.00000 0 -30.000 -0.167 -30.000 -0.000 0 NA
35.00 0.03000 35.1 0.00000 0 -30.000 -0.167 -30.000 -0.000 0 NA
40.00 0.03000 40.1 0.00000 0 -30.000 -0.167 -30.000 -0.000 0 NA
45.00 0.03000 45.0 0.00000 0 -30.000 -0.167 -30.000 -0.000 0 NA
50.00 0.03000 50.1 0.00000 0 -30.000 -0.167 -30.000 -0.000 0 NA
55.00 0.03000 55.1 0.00000 0 -30.000 -0.167 -30.000 -0.000 0 NA
60.00 0.03000 60.1 0.00000 0 -30.000 -0.167 -30.000 -0.000 0 NA
65.00 0.03000 65.1 0.00000 0 -30.000 -0.167 -30.000 -0.000 0 NA
70.00 0.03000 70.1 0.00000 0 -30.000 -0.167 -30.000 -0.000 0 NA
75.00 0.03000 75.1 0.00000 0 -30.000 -0.167 -30.000 -0.000 0 NA
80.00 0.03000 80.1 0.00000 0 -30.000 -0.167 -30.000 -0.000 0 NA
85.00 0.03000 85.1 0.00000 0 -30.000 -0.167 -30.000 -0.000 0 NA
90.00 0.03000 90.1 0.00000 0 -30.000 -0.167 -30.000 -0.000 0 NA
95.00 0.03000 95.1 0.00000 0 -30.000 -0.167 -30.000 -0.000 0 NA
100.00 0.03000 100.1 0.00000 0 -30.000 -0.167 -30.000 -0.000 0 NA
105.00 0.03000 105.1 0.00000 0 -30.000 -0.167 -30.000 -0.000 0 NA
110.00 0.03000 110.1 0.00000 0 -30.000 -0.167 -30.000 -0.000 0 NA
115.00 0.03000 115.1 0.00000 0 -30.000 -0.167 -30.000 -0.000 0 NA
120.00 0.03000 120.1 0.00000 0 -30.000 -0.167 -30.000 -0.000 0 NA
125.00 0.03000 125.1 0.00000 0 -30.000 -0.167 -30.000 -0.000 0 NA
130.00 0.03000 130.1 0.00000 0 -30.000 -0.167 -30.000 -0.000 0 NA
135.00 0.03000 135.1 0.00000 0 -30.000 -0.167 -30.000 -0.000 0 NA
140.00 0.03000 140.1 0.00000 0 -30.000 -0.167 -30.000 -0.000 0 NA
145.00 0.03000 145.1 0.00000 0 -30.000 -0.167 -30.000 -0.000 0 NA
150.00 0.03000 150.1 0.00000 0 -30.000 -0.167 -30.000 -0.000 0 NA
155.00 0.03000 155.1 0.00000 0 -30.000 -0.167 -30.000 -0.000 0 NA
160.00 0.03000 160.1 0.00000 0 -30.000 -0.167 -30.000 -0.000 0 NA
165.00 0.03000 165.1 0.00000 0 -30.000 -0.167 -30.000 -0.000 0 NA
170.00 0.03000 170.1 0.00000 0 -30.000 -0.167 -30.000 -0.000 0 NA
175.00 0.03000 175.1 0.00000 0 -30.000 -0.167 -30.000 -0.000 0 NA
180.00 0.03000 180.1 0.00000 0 -30.000 -0.167 -30.000 -0.000 0 NA
185.00 0.03000 185.1 0.00000 0 -30.000 -0.167 -30.000 -0.000 0 NA
190.00 0.03000 190.1 0.00000 0 -30.000 -0.167 -30.000 -0.000 0 NA
195.00 0.03000 195.1 0.00000 0 -30.000 -0.167 -30.000 -0.000 0 NA
200.00 0.03000 200.1 0.00000 0 -30.000 -0.167 -30.000 -0.000 0 NA
205.00 0.03000 205.1 0.00000 0 -30.000 -0.167 -30.000 -0.000 0 NA
210.00 0.03000 210.1 0.00000 0 -30.000 -0.167 -30.000 -0.000 0 NA
215.00 0.03000 215.1 0.00005 0 -30.000 -0.167 -30.000 -0.000 0 NA
220.00 0.03000 220.1 0.00007 0 -30.000 -0.167 -30.000 -0.000 0 NA
225.00 0.03000 225.1 0.00011 0 -30.000 -0.167 -30.000 -0.000 0 NA
230.00 0.03000 230.1 0.00017 0 -30.000 -0.167 -30.000 -0.000 0 NA
235.00 0.03000 235.1 0.00026 0 -30.000 -0.167 -30.000 -0.000 0 NA
240.00 0.03000 240.1 0.00039 0 -30.000 -0.167 -30.000 -0.000 0 NA
245.00 0.03000 245.1 0.00056 0 -30.000 -0.167 -30.000 -0.000 0 NA
250.00 0.03000 250.1 0.00078 0 -30.000 -0.167 -30.000 -0.000 0 NA
255.00 0.03000 255.1 0.00105 0 -30.000 -0.167 -30.000 -0.000 0 NA
260.00 0.03000 260.1 0.00136 0 -30.000 -0.167 -30.000 -0.000 0 NA
265.00 0.03000 265.1 0.00173 0 -30.000 -0.167 -30.000 -0.000 0 NA
270.00 0.03000 270.1 0.00214 0 -30.000 -0.167 -30.000 -0.000 0 NA
275.00 0.03000 275.1 0.00262 0 -30.000 -0.167 -30.000 -0.000 0 NA
280.00 0.03000 280.1 0.00313 0 -30.000 -0.167 -30.000 -0.000 0 NA
285.00 0.03000 285.1 0.00369 0 -30.000 -0.167 -30.000 -0.000 0 NA
290.00 0.03000 290.1 0.00431 0 -30.000 -0.167 -30.000 -0.000 0 NA
295.00 0.03000 295.1 0.00496 0 -30.000 -0.167 -30.000 -0.000 0 NA
300.00 0.03000 300.1 0.00567 0 -30.000 -0.167 -30.000 -0.000 0 NA
305.00 0.03000 305.1 0.00641 0 -30.000 -0.167 -30.000 -0.000 0 NA
310.00 0.03000 310.1 0.00719 0 -30.000 -0.167 -30.000 -0.000 0 NA
315.00 0.03000 315.1 0.00800 0 -30.000 -0.167 -30.000 -0.000 0 NA
320.00 0.03000 320.1 0.00884 0 -30.000 -0.167 -30.000 -0.000 0 NA
325.00 0.03000 325.1 0.00971 0 -30.000 -0.167 -30.000 -0.000 0 NA
330.00 0.03000 330.1 0.01061 0 -30.000 -0.167 -30.000 -0.000 0 NA
335.00 0.03000 335.1 0.01154 0 -30.000 -0.167 -30.000 -0.000 0 NA
340.00 0.03000 340.1 0.01249 0 -30.000 -0.167 -30.000 -0.000 0 NA
345.00 0.03000 345.1 0.01348 0 -30.000 -0.167 -30.000 -0.000 0 NA
350.00 0.03000 350.1 0.01448 0 -30.000 -0.167 -30.000 -0.000 0 NA
355.00 0.03000 355.1 0.01551 0 -30.000 -0.167 -30.000 -0.000 0 NA
360.00 0.03000 360.1 0.01656 0 -30.000 -0.167 -30.000 -0.000 0 NA
365.00 0.03000 365.1 0.01763 0 -30.000 -0.167 -30.000 -0.000 0 NA
370.00 0.03000 370.1 0.01873 0 -30.000 -0.167 -30.000 -0.000 0 NA
375.00 0.03000 375.1 0.01985 0 -30.000 -0.167 -30.000 -0.000 0 NA
380.00 0.03000 380.1 0.02099 0 -30.000 -0.167 -30.000 -0.000 0 NA
385.00 0.03000 385.1 0.02215 0 -30.000 -0.167 -30.000 -0.000 0 NA
390.00 0.03000 390.1 0.02334 0 -30.000 -0.167 -30.000 -0.000 0 NA
395.00 0.03000 395.1 0.02454 0 -30.000 -0.167 -30.000 -0.000 0 NA
400.00 0.03000 400.1 0.02576 0 -30.000 -0.167 -30.000 -0.000 0 NA
405.00 0.03000 405.1 0.02702 0 -30.000 -0.167 -30.000 -0.000 0 NA
410.00 0.03000 410.1 0.02827 0 -30.000 -0.167 -30.000 -0.000 0 NA
415.00 0.03000 415.1 0.02954 0 -30.000 -0.167 -30.000 -0.000 0 NA
420.00 0.03000 420.1 0.03084 1 -30.000 -0.167 -30.000 -0.000 0 NA
0.00 0.03000 0.1 0.00000 0 -35.000 -0.143 -35.000 -0.000 0 NA
5.00 0.03000 5.1 0.00000 0 -35.000 -0.143 -35.000 -0.000 0 NA
10.00 0.03000 10.1 0.00000 0 -35.000 -0.143 -35.000 -0.000 0 NA
15.00 0.03000 15.1 0.00000 0 -35.000 -0.143 -35.000 -0.000 0 NA
20.00 0.03000 20.1 0.00000 0 -35.000 -0.143 -35.000 -0.000 0 NA
25.00 0.03000 25.1 0.00000 0 -35.000 -0.143 -35.000 -0.000 0 NA
30.00 0.03000 30.1 0.00000 0 -35.000 -0.143 -35.000 -0.000 0 NA
35.00 0.03000 35.1 0.00000 0 -35.000 -0.143 -35.000 -0.000 0 NA
40.00 0.03000 40.1 0.00000 0 -35.000 -0.143 -35.000 -0.000 0 NA
45.00 0.03000 45.0 0.00000 0 -35.000 -0.143 -35.000 -0.000 0 NA
50.00 0.03000 50.1 0.00000 0 -35.000 -0.143 -35.000 -0.000 0 NA
55.00 0.03000 55.1 0.00000 0 -35.000 -0.143 -35.000 -0.000 0 NA
60.00 0.03000 60.1 0.00000 0 -35.000 -0.143 -35.000 -0.000 0 NA
65.00 0.03000 65.1 0.00000 0 -35.000 -0.143 -35.000 -0.000 0 NA
70.00 0.03000 70.1 0.00000 0 -35.000 -0.143 -35.000 -0.000 0 NA
75.00 0.03000 75.1 0.00000 0 -35.000 -0.143 -35.000 -0.000 0 NA
80.00 0.03000 80.1 0.00000 0 -35.000 -0.143 -35.000 -0.000 0 NA
85.00 0.03000 85.1 0.00000 0 -35.000 -0.143 -35.000 -0.000 0 NA
90.00 0.03000 90.1 0.00000 0 -35.000 -0.143 -35.000 -0.000 0 NA
95.00 0.03000 95.1 0.00000 0 -35.000 -0.143 -35.000 -0.000 0 NA
100.00 0.03000 100.1 0.00000 0 -35.000 -0.143 -35.000 -0.000 0 NA
105.00 0.03000 105.1 0.00000 0 -35.000 -0.143 -35.000 -0.000 0 NA
110.00 0.03000 110.1 0.00000 0 -35.000 -0.143 -35.000 -0.000 0 NA
115.00 0.03000 115.1 0.00000 0 -35.000 -0.143 -35.000 -0.000 0 NA
120.00 0.03000 120.1 0.00000 0 -35.000 -0.143 -35.000 -0.000 0 NA
125.00 0.03000 125.1 0.00000 0 -35.000 -0.143 -35.000 -0.000 0 NA
130.00 0.03000 130.1 0.00000 0 -35.000 -0.143 -35.000 -0.000 0 NA
135.00 0.03000 135.1 0.00000 0 -35.000 -0.143 -35.000 -0.000 0 NA
140.00 0.03000 140.1 0.00000 0 -35.000 -0.143 -35.000 -0.000 0 NA
145.00 0.03000 145.1 0.00000 0 -35.000 -0.143 -35.000 -0.000 0 NA
150.00 0.03000 150.1 0.00000 0 -35.000 -0.143 -35.000 -0.000 0 NA
155.00 0.03000 155.1 0.00000 0 -35.000 -0.143 -35.000 -0.000 0 NA
160.00 0.03000 160.1 0.00000 0 -35.000 -0.143 -35.000 -0.000 0 NA
165.00 0.03000 165.1 0.00000 0 -35.000 -0.143 -35.000 -0.000 0 NA
170.00 0.03000 170.1 0.00000 0 -35.000 -0.143 -35.000 -0.000 0 NA
175.00 0.03000 175.1 0.00000 0 -35.000 -0.143 -35.000 -0.000 0 NA
180.00 0.03000 180.1 0.00000 0 -35.000 -0.143 -35.000 -0.000 0 NA
185.00 0.03000 185.1 0.00000 0 -35.000 -0.143 -35.000 -0.000 0 NA
190.00 0.03000 190.1 0.00000 0 -35.000 -0.143 -35.000 -0.000 0 NA
195.00 0.03000 195.1 0.00000 0 -35.000 -0.143 -35.000 -0.000 0 NA
200.00 0.03000 200.1 0.00000 0 -35.000 -0.143 -35.000 -0.000 0 NA
205.00 0.03000 205.1 0.00000 0 -35.000 -0.143 -35.000 -0.000 0 NA
210.00 0.03000 210.1 0.00000 0 -35.000 -0.143 -35.000 -0.000 0 NA
215.00 0.03000 215.1 0.00000 0 -35.000 -0.143 -35.000 -0.000 0 NA
220.00 0.03000 220.1 0.00000 0 -35.000 -0.143 -35.000 -0.000 0 NA
225.00 0.03000 225.1 0.00000 0 -35.000 -0.143 -35.000 -0.000 0 NA
230.00 0.03000 230.1 0.00000 0 -35.000 -0.143 -35.000 -0.000 0 NA
235.00 0.03000 235.1 0.00000 0 -35.000 -0.143 -35.000 -0.000 0 NA
240.00 0.03000 240.1 0.00000 0 -35.000 -0.143 -35.000 -0.000 0 NA
245.00 0.03000 245.1 0.00000 0 -35.000 -0.143 -35.000 -0.000 0 NA
250.00 0.03000 250.1 0.00005 0 -35.000 -0.143 -35.000 -0.000 0 NA
255.00 0.03000 255.1 0.00007 0 -35.000 -0.143 -35.000 -0.000 0 NA
260.00 0.03000 260.1 0.00010 0 -35.000 -0.143 -35.000 -0.000 0 NA
265.00 0.03000 265.1 0.00015 0 -35.000 -0.143 -35.000 -0.000 0 NA
270.00 0.03000 270.1 0.00023 0 -35.000 -0.143 -35.000 -0.000 0 NA
275.00 0.03000 275.1 0.00035 0 -35.000 -0.143 -35.000 -0.000 0 NA
280.00 0.03000 280.1 0.00050 0 -35.000 -0.143 -35.000 -0.000 0 NA
285.00 0.03000 285.1 0.00070 0 -35.000 -0.143 -35.000 -0.000 0 NA
290.00 0.03000 290.1 0.00095 0 -35.000 -0.143 -35.000 -0.000 0 NA
295.00 0.03000 295.1 0.00124 0 -35.000 -0.143 -35.000 -0.000 0 NA
300.00 0.03000 300.1 0.00159 0 -35.000 -0.143 -35.000 -0.000 0 NA
305.00 0.03000 305.1 0.00198 0 -35.000 -0.143 -35.000 -0.000 0 NA
310.00 0.03000 310.1 0.00242 0 -35.000 -0.143 -35.000 -0.000 0 NA
315.00 0.03000 315.1 0.00292 0 -35.000 -0.143 -35.000 -0.000 0 NA
320.00 0.03000 320.1 0.00346 0 -35.000 -0.143 -35.000 -0.000 0 NA
325.00 0.03000 325.1 0.00404 0 -35.000 -0.143 -35.000 -0.000 0 NA
330.00 0.03000 330.1 0.00468 0 -35.000 -0.143 -35.000 -0.000 0 NA
335.00 0.03000 335.1 0.00536 0 -35.000 -0.143 -35.000 -0.000 0 NA
340.00 0.03000 340.1 0.00608 0 -35.000 -0.143 -35.000 -0.000 0 NA
345.00 0.03000 345.1 0.00684 0 -35.000 -0.143 -35.000 -0.000 0 NA
350.00 0.03000 350.1 0.00763 0 -35.000 -0.143 -35.000 -0.000 0 NA
355.00 0.03000 355.1 0.00845 0 -35.000 -0.143 -35.000 -0.000 0 NA
360.00 0.03000 360.1 0.00930 0 -35.000 -0.143 -35.000 -0.000 0 NA
365.00 0.03000 365.1 0.01019 0 -35.000 -0.143 -35.000 -0.000 0 NA
370.00 0.03000 370.1 0.01110 0 -35.000 -0.143 -35.000 -0.000 0 NA
375.00 0.03000 375.1 0.01204 0 -35.000 -0.143 -35.000 -0.000 0 NA
380.00 0.03000 380.1 0.01300 0 -35.000 -0.143 -35.000 -0.000 0 NA
385.00 0.03000 385.1 0.01399 0 -35.000 -0.143 -35.000 -0.000 0 NA
390.00 0.03000 390.1 0.01502 0 -35.000 -0.143 -35.000 -0.000 0 NA
395.00 0.03000 395.1 0.01605 0 -35.000 -0.143 -35.000 -0.000 0 NA
400.00 0.03000 400.1 0.01711 0 -35.000 -0.143 -35.000 -0.000 0 NA
405.00 0.03000 405.0 0.01822 0 -35.000 -0.143 -35.000 -0.000 0 NA
410.00 0.03000 410.1 0.01932 0 -35.000 -0.143 -35.000 -0.000 0 NA
415.00 0.03000 415.1 0.02045 0 -35.000 -0.143 -35.000 -0.000 0 NA
420.00 0.03000 420.1 0.02160 0 -35.000 -0.143 -35.000 -0.000 0 NA
425.00 0.03000 425.1 0.02278 0 -35.000 -0.143 -35.000 -0.000 0 NA
430.00 0.03000 430.1 0.02398 0 -35.000 -0.143 -35.000 -0.000 0 NA
435.00 0.03000 435.1 0.02519 0 -35.000 -0.143 -35.000 -0.000 0 NA
440.00 0.03000 440.1 0.02643 0 -35.000 -0.143 -35.000 -0.000 0 NA
445.00 0.03000 445.1 0.02768 0 -35.000 -0.143 -35.000 -0.000 0 NA
450.00 0.03000 450.1 0.02896 0 -35.000 -0.143 -35.000 -0.000 0 NA
455.00 0.03000 455.1 0.03026 1 -35.000 -0.143 -35.000 -0.000 0 NA
0.00 0.03000 0.1 0.00000 0 -40.000 -0.125 -40.000 -0.000 0 NA
5.00 0.03000 5.1 0.00000 0 -40.000 -0.125 -40.000 -0.000 0 NA
10.00 0.03000 10.1 0.00000 0 -40.000 -0.125 -40.000 -0.000 0 NA
15.00 0.03000 15.1 0.00000 0 -40.000 -0.125 -40.000 -0.000 0 NA
20.00 0.03000 20.1 0.00000 0 -40.000 -0.125 -40.000 -0.000 0 NA
25.00 0.03000 25.1 0.00000 0 -40.000 -0.125 -40.000 -0.000 0 NA
30.00 0.03000 30.1 0.00000 0 -40.000 -0.125 -40.000 -0.000 0 NA
35.00 0.03000 35.1 0.00000 0 -40.000 -0.125 -40.000 -0.000 0 NA
40.00 0.03000 40.1 0.00000 0 -40.000 -0.125 -40.000 -0.000 0 NA
45.00 0.03000 45.1 0.00000 0 -40.000 -0.125 -40.000 -0.000 0 NA
50.00 0.03000 50.1 0.00000 0 -40.000 -0.125 -40.000 -0.000 0 NA
55.00 0.03000 55.1 0.00000 0 -40.000 -0.125 -40.000 -0.000 0 NA
60.00 0.03000 60.1 0.00000 0 -40.000 -0.125 -40.000 -0.000 0 NA
65.00 0.03000 65.1 0.00000 0 -40.000 -0.125 -40.000 -0.000 0 NA
70.00 0.03000 70.1 0.00000 0 -40.000 -0.125 -40.000 -0.000 0 NA
75.00 0.03000 75.1 0.00000 0 -40.000 -0.125 -40.000 -0.000 0 NA
80.00 0.03000 80.1 0.00000 0 -40.000 -0.125 -40.000 -0.000 0 NA
85.00 0.03000 85.1 0.00000 0 -40.000 -0.125 -40.000 -0.000 0 NA
90.00 0.03000 90.1 0.00000 0 -40.000 -0.125 -40.000 -0.000 0 NA
95.00 0.03000 95.1 0.00000 0 -40.000 -0.125 -40.000 -0.000 0 NA
100.00 0.03000 100.1 0.00000 0 -40.000 -0.125 -40.000 -0.000 0 NA
105.00 0.03000 105.1 0.00000 0 -40.000 -0.125 -40.000 -0.000 0 NA
110.00 0.03000 110.1 0.00000 0 -40.000 -0.125 -40.000 -0.000 0 NA
115.00 0.03000 115.1 0.00000 0 -40.000 -0.125 -40.000 -0.000 0 NA
120.00 0.03000 120.1 0.00000 0 -40.000 -0.125 -40.000 -0.000 0 NA
125.00 0.03000 125.1 0.00000 0 -40.000 -0.125 -40.000 -0.000 0 NA
130.00 0.03000 130.1 0.00000 0 -40.000 -0.125 -40.000 -0.000 0 NA
135.00 0.03000 135.1 0.00000 0 -40.000 -0.125 -40.000 -0.000 0 NA
140.00 0.03000 140.1 0.00000 0 -40.000 -0.125 -40.000 -0.000 0 NA
145.00 0.03000 145.1 0.00000 0 -40.000 -0.125 -40.000 -0.000 0 NA
150.00 0.03000 150.1 0.00000 0 -40.000 -0.125 -40.000 -0.000 0 NA
155.00 0.03000 155.1 0.00000 0 -40.000 -0.125 -40.000 -0.000 0 NA
160.00 0.03000 160.1 0.00000 0 -40.000 -0.125 -40.000 -0.000 0 NA
165.00 0.03000 165.1 0.00000 0 -40.000 -0.125 -40.000 -0.000 0 NA
170.00 0.03000 170.1 0.00000 0 -40.000 -0.125 -40.000 -0.000 0 NA
175.00 0.03000 175.1 0.00000 0 -40.000 -0.125 -40.000 -0.000 0 NA
180.00 0.03000 180.1 0.00000 0 -40.000 -0.125 -40.000 -0.000 0 NA
185.00 0.03000 185.1 0.00000 0 -40.000 -0.125 -40.000 -0.000 0 NA
190.00 0.03000 190.1 0.00000 0 -40.000 -0.125 -40.000 -0.000 0 NA
195.00 0.03000 195.1 0.00000 0 -40.000 -0.125 -40.000 -0.000 0 NA
200.00 0.03000 200.1 0.00000 0 -40.000 -0.125 -40.000 -0.000 0 NA
205.00 0.03000 205.1 0.00000 0 -40.000 -0.125 -40.000 -0.000 0 NA
210.00 0.03000 210.1 0.00000 0 -40.000 -0.125 -40.000 -0.000 0 NA
215.00 0.03000 215.1 0.00000 0 -40.000 -0.125 -40.000 -0.000 0 NA
220.00 0.03000 220.1 0.00000 0 -40.000 -0.125 -40.000 -0.000 0 NA
225.00 0.03000 225.1 0.00000 0 -40.000 -0.125 -40.000 -0.000 0 NA
230.00 0.03000 230.1 0.00000 0 -40.000 -0.125 -40.000 -0.000 0 NA
235.00 0.03000 235.1 0.00000 0 -40.000 -0.125 -40.000 -0.000 0 NA
240.00 0.03000 240.1 0.00000 0 -40.000 -0.125 -40.000 -0.000 0 NA
245.00 0.03000 245.1 0.00000 0 -40.000 -0.125 -40.000 -0.000 0 NA
250.00 0.03000 250.1 0.00000 0 -40.000 -0.125 -40.000 -0.000 0 NA
255.00 0.03000 255.1 0.00000 0 -40.000 -0.125 -40.000 -0.000 0 NA
260.00 0.03000 260.1 0.00000 0 -40.000 -0.125 -40.000 -0.000 0 NA
265.00 0.03000 265.1 0.00000 0 -40.000 -0.125 -40.000 -0.000 0 NA
270.00 0.03000 270.1 0.00000 0 -40.000 -0.125 -40.000 -0.000 0 NA
275.00 0.03000 275.1 0.00000 0 -40.000 -0.125 -40.000 -0.000 0 NA
280.00 0.03000 280.1 0.00000 0 -40.000 -0.125 -40.000 -0.000 0 NA
285.00 0.03000 285.1 0.00005 0 -40.000 -0.125 -40.000 -0.000 0 NA
290.00 0.03000 290.1 0.00006 0 -40.000 -0.125 -40.000 -0.000 0 NA
295.00 0.03000 295.1 0.00009 0 -40.000 -0.125 -40.000 -0.000 0 NA
300.00 0.03000 300.1 0.00014 0 -40.000 -0.125 -40.000 -0.000 0 NA
305.00 0.03000 305.1 0.00021 0 -40.000 -0.125 -40.000 -0.000 0 NA
310.00 0.03000 310.1 0.00031 0 -40.000 -0.125 -40.000 -0.000 0 NA
315.00 0.03000 315.1 0.00045 0 -40.000 -0.125 -40.000 -0.000 0 NA
320.00 0.03000 320.1 0.00063 0 -40.000 -0.125 -40.000 -0.000 0 NA
325.00 0.03000 325.1 0.00085 0 -40.000 -0.125 -40.000 -0.000 0 NA
330.00 0.03000 330.1 0.00113 0 -40.000 -0.125 -40.000 -0.000 0 NA
335.00 0.03000 335.1 0.00146 0 -40.000 -0.125 -40.000 -0.000 0 NA
340.00 0.03000 340.1 0.00183 0 -40.000 -0.125 -40.000 -0.000 0 NA
345.00 0.03000 345.1 0.00225 0 -40.000 -0.125 -40.000 -0.000 0 NA
350.00 0.03000 350.1 0.00272 0 -40.000 -0.125 -40.000 -0.000 0 NA
355.00 0.03000 355.1 0.00324 0 -40.000 -0.125 -40.000 -0.000 0 NA
360.00 0.03000 360.1 0.00381 0 -40.000 -0.125 -40.000 -0.000 0 NA
365.00 0.03000 365.1 0.00441 0 -40.000 -0.125 -40.000 -0.000 0 NA
370.00 0.03000 370.1 0.00507 0 -40.000 -0.125 -40.000 -0.000 0 NA
375.00 0.03000 375.1 0.00577 0 -40.000 -0.125 -40.000 -0.000 0 NA
380.00 0.03000 380.1 0.00651 0 -40.000 -0.125 -40.000 -0.000 0 NA
385.00 0.03000 385.1 0.00728 0 -40.000 -0.125 -40.000 -0.000 0 NA
390.00 0.03000 390.1 0.00809 0 -40.000 -0.125 -40.000 -0.000 0 NA
395.00 0.03000 395.1 0.00892 0 -40.000 -0.125 -40.000 -0.000 0 NA
400.00 0.03000 400.1 0.00979 0 -40.000 -0.125 -40.000 -0.000 0 NA
405.00 0.03000 405.1 0.01069 0 -40.000 -0.125 -40.000 -0.000 0 NA
410.00 0.03000 410.1 0.01161 0 -40.000 -0.125 -40.000 -0.000 0 NA
415.00 0.03000 415.1 0.01256 0 -40.000 -0.125 -40.000 -0.000 0 NA
420.00 0.03000 420.1 0.01354 0 -40.000 -0.125 -40.000 -0.000 0 NA
425.00 0.03000 425.1 0.01454 0 -40.000 -0.125 -40.000 -0.000 0 NA
430.00 0.03000 430.1 0.01556 0 -40.000 -0.125 -40.000 -0.000 0 NA
435.00 0.03000 435.1 0.01662 0 -40.000 -0.125 -40.000 -0.000 0 NA
440.00 0.03000 440.1 0.01770 0 -40.000 -0.125 -40.000 -0.000 0 NA
445.00 0.03000 445.1 0.01880 0 -40.000 -0.125 -40.000 -0.000 0 NA
450.00 0.03000 450.1 0.01992 0 -40.000 -0.125 -40.000 -0.000 0 NA
455.00 0.03000 455.1 0.02108 0 -40.000 -0.125 -40.000 -0.000 0 NA
460.00 0.03000 460.1 0.02224 0 -40.000 -0.125 -40.000 -0.000 0 NA
465.00 0.03000 465.1 0.02343 0 -40.000 -0.125 -40.000 -0.000 0 NA
470.00 0.03000 470.1 0.02464 0 -40.000 -0.125 -40.000 -0.000 0 NA
475.00 0.03000 475.1 0.02588 0 -40.000 -0.125 -40.000 -0.000 0 NA
480.00 0.03000 480.1 0.02713 0 -40.000 -0.125 -40.000 -0.000 0 NA
485.00 0.03000 485.1 0.02841 0 -40.000 -0.125 -40.000 -0.000 0 NA
490.00 0.03000 490.1 0.02970 0 -40.000 -0.125 -40.000 -0.000 0 NA
495.00 0.03000 495.1 0.03101 1 -40.000 -0.125 -40.000 -0.000 0 NA
0.00 0.03000 0.1 0.00000 0 -45.000 -0.111 -45.000 -0.000 0 NA
5.00 0.03000 5.1 0.00000 0 -45.000 -0.111 -45.000 -0.000 0 NA
10.00 0.03000 10.1 0.00000 0 -45.000 -0.111 -45.000 -0.000 0 NA
15.00 0.03000 15.1 0.00000 0 -45.000 -0.111 -45.000 -0.000 0 NA
20.00 0.03000 20.1 0.00000 0 -45.000 -0.111 -45.000 -0.000 0 NA
25.00 0.03000 25.1 0.00000 0 -45.000 -0.111 -45.000 -0.000 0 NA
30.00 0.03000 30.1 0.00000 0 -45.000 -0.111 -45.000 -0.000 0 NA
35.00 0.03000 35.1 0.00000 0 -45.000 -0.111 -45.000 -0.000 0 NA
40.00 0.03000 40.1 0.00000 0 -45.000 -0.111 -45.000 -0.000 0 NA
45.00 0.03000 45.0 0.00000 0 -45.000 -0.111 -45.000 -0.000 0 NA
50.00 0.03000 50.1 0.00000 0 -45.000 -0.111 -45.000 -0.000 0 NA
55.00 0.03000 55.1 0.00000 0 -45.000 -0.111 -45.000 -0.000 0 NA
60.00 0.03000 60.1 0.00000 0 -45.000 -0.111 -45.000 -0.000 0 NA
65.00 0.03000 65.1 0.00000 0 -45.000 -0.111 -45.000 -0.000 0 NA
70.00 0.03000 70.1 0.00000 0 -45.000 -0.111 -45.000 -0.000 0 NA
75.00 0.03000 75.1 0.00000 0 -45.000 -0.111 -45.000 -0.000 0 NA
80.00 0.03000 80.1 0.00000 0 -45.000 -0.111 -45.000 -0.000 0 NA
85.00 0.03000 85.1 0.00000 0 -45.000 -0.111 -45.000 -0.000 0 NA
90.00 0.03000 90.1 0.00000 0 -45.000 -0.111 -45.000 -0.000 0 NA
95.00 0.03000 95.1 0.00000 0 -45.000 -0.111 -45.000 -0.000 0 NA
100.00 0.03000 100.1 0.00000 0 -45.000 -0.111 -45.000 -0.000 0 NA
105.00 0.03000 105.1 0.00000 0 -45.000 -0.111 -45.000 -0.000 0 NA
110.00 0.03000 110.1 0.00000 0 -45.000 -0.111 -45.000 -0.000 0 NA
115.00 0.03000 115.1 0.00000 0 -45.000 -0.111 -45.000 -0.000 0 NA
120.00 0.03000 120.1 0.00000 0 -45.000 -0.111 -45.000 -0.000 0 NA
125.00 0.03000 125.1 0.00000 0 -45.000 -0.111 -45.000 -0.000 0 NA
130.00 0.03000 130.1 0.00000 0 -45.000 -0.111 -45.000 -0.000 0 NA
135.00 0.03000 135.1 0.00000 0 -45.000 -0.111 -45.000 -0.000 0 NA
140.00 0.03000 140.1 0.00000 0 -45.000 -0.111 -45.000 -0.000 0 NA
145.00 0.03000 145.1 0.00000 0 -45.000 -0.111 -45.000 -0.000 0 NA
150.00 0.03000 150.1 0.00000 0 -45.000 -0.111 -45.000 -0.000 0 NA
155.00 0.03000 155.1 0.00000 0 -45.000 -0.111 -45.000 -0.000 0 NA
160.00 0.03000 160.1 0.00000 0 -45.000 -0.111 -45.000 -0.000 0 NA
165.00 0.03000 165.1 0.00000 0 -45.000 -0.111 -45.000 -0.000 0 NA
170.00 0.03000 170.1 0.00000 0 -45.000 -0.111 -45.000 -0.000 0 NA
175.00 0.03000 175.1 0.00000 0 -45.000 -0.111 -45.000 -0.000 0 NA
180.00 0.03000 180.1 0.00000 0 -45.000 -0.111 -45.000 -0.000 0 NA
185.00 0.03000 185.1 0.00000 0 -45.000 -0.111 -45.000 -0.000 0 NA
190.00 0.03000 190.1 0.00000 0 -45.000 -0.111 -45.000 -0.000 0 NA
195.00 0.03000 195.1 0.00000 0 -45.000 -0.111 -45.000 -0.000 0 NA
200.00 0.03000 200.1 0.00000 0 -45.000 -0.111 -45.000 -0.000 0 NA
205.00 0.03000 205.0 0.00000 0 -45.000 -0.111 -45.000 -0.000 0 NA
210.00 0.03000 210.1 0.00000 0 -45.000 -0.111 -45.000 -0.000 0 NA
215.00 0.03000 215.1 0.00000 0 -45.000 -0.111 -45.000 -0.000 0 NA
220.00 0.03000 220.1 0.00000 0 -45.000 -0.111 -45.000 -0.000 0 NA
225.00 0.03000 225.1 0.00000 0 -45.000 -0.111 -45.000 -0.000 0 NA
230.00 0.03000 230.1 0.00000 0 -45.000 -0.111 -45.000 -0.000 0 NA
235.00 0.03000 235.1 0.00000 0 -45.000 -0.111 -45.000 -0.000 0 NA
240.00 0.03000 240.1 0.00000 0 -45.000 -0.111 -45.000 -0.000 0 NA
245.00 0.03000 245.1 0.00000 0 -45.000 -0.111 -45.000 -0.000 0 NA
250.00 0.03000 250.1 0.00000 0 -45.000 -0.111 -45.000 -0.000 0 NA
255.00 0.03000 255.1 0.00000 0 -45.000 -0.111 -45.000 -0.000 0 NA
260.00 0.03000 260.1 0.00000 0 -45.000 -0.111 -45.000 -0.000 0 NA
265.00 0.03000 265.1 0.00000 0 -45.000 -0.111 -45.000 -0.000 0 NA
270.00 0.03000 270.1 0.00000 0 -45.000 -0.111 -45.000 -0.000 0 NA
275.00 0.03000 275.1 0.00000 0 -45.000 -0.111 -45.000 -0.000 0 NA
280.00 0.03000 280.1 0.00000 0 -45.000 -0.111 -45.000 -0.000 0 NA
285.00 0.03000 285.1 0.00000 0 -45.000 -0.111 -45.000 -0.000 0 NA
290.00 0.03000 290.1 0.00000 0 -45.000 -0.111 -45.000 -0.000 0 NA
295.00 0.03000 295.1 0.00000 0 -45.000 -0.111 -45.000 -0.000 0 NA
300.00 0.03000 300.1 0.00000 0 -45.000 -0.111 -45.000 -0.000 0 NA
305.00 0.03000 305.1 0.00000 0 -45.000 -0.111 -45.000 -0.000 0 NA
310.00 0.03000 310.1 0.00000 0 -45.000 -0.111 -45.000 -0.000 0 NA
315.00 0.03000 315.1 0.00000 0 -45.000 -0.111 -45.000 -0.000 0 NA
320.00 0.03000 320.1 0.00005 0 -45.000 -0.111 -45.000 -0.000 0 NA
325.00 0.03000 325.1 0.00006 0 -45.000 -0.111 -45.000 -0.000 0 NA
330.00 0.03000 330.1 0.00008 0 -45.000 -0.111 -45.000 -0.000 0 NA
335.00 0.03000 335.1 0.00013 0 -45.000 -0.111 -45.000 -0.000 0 NA
340.00 0.03000 340.1 0.00019 0 -45.000 -0.111 -45.000 -0.000 0 NA
345.00 0.03000 345.1 0.00028 0 -45.000 -0.111 -45.000 -0.000 0 NA
350.00 0.03000 350.1 0.00040 0 -45.000 -0.111 -45.000 -0.000 0 NA
355.00 0.03000 355.1 0.00056 0 -45.000 -0.111 -45.000 -0.000 0 NA
360.00 0.03000 360.1 0.00078 0 -45.000 -0.111 -45.000 -0.000 0 NA
365.00 0.03000 365.1 0.00103 0 -45.000 -0.111 -45.000 -0.000 0 NA
370.00 0.03000 370.1 0.00134 0 -45.000 -0.111 -45.000 -0.000 0 NA
375.00 0.03000 375.1 0.00169 0 -45.000 -0.111 -45.000 -0.000 0 NA
380.00 0.03000 380.1 0.00209 0 -45.000 -0.111 -45.000 -0.000 0 NA
385.00 0.03000 385.1 0.00254 0 -45.000 -0.111 -45.000 -0.000 0 NA
390.00 0.03000 390.1 0.00304 0 -45.000 -0.111 -45.000 -0.000 0 NA
395.00 0.03000 395.1 0.00358 0 -45.000 -0.111 -45.000 -0.000 0 NA
400.00 0.03000 400.1 0.00417 0 -45.000 -0.111 -45.000 -0.000 0 NA
405.00 0.03000 405.1 0.00480 0 -45.000 -0.111 -45.000 -0.000 0 NA
410.00 0.03000 410.1 0.00547 0 -45.000 -0.111 -45.000 -0.000 0 NA
415.00 0.03000 415.1 0.00619 0 -45.000 -0.111 -45.000 -0.000 0 NA
420.00 0.03000 420.1 0.00695 0 -45.000 -0.111 -45.000 -0.000 0 NA
425.00 0.03000 425.1 0.00773 0 -45.000 -0.111 -45.000 -0.000 0 NA
430.00 0.03000 430.1 0.00855 0 -45.000 -0.111 -45.000 -0.000 0 NA
435.00 0.03000 435.1 0.00940 0 -45.000 -0.111 -45.000 -0.000 0 NA
440.00 0.03000 440.1 0.01028 0 -45.000 -0.111 -45.000 -0.000 0 NA
445.00 0.03000 445.1 0.01119 0 -45.000 -0.111 -45.000 -0.000 0 NA
450.00 0.03000 450.1 0.01213 0 -45.000 -0.111 -45.000 -0.000 0 NA
455.00 0.03000 455.1 0.01309 0 -45.000 -0.111 -45.000 -0.000 0 NA
460.00 0.03000 460.1 0.01408 0 -45.000 -0.111 -45.000 -0.000 0 NA
465.00 0.03000 465.1 0.01510 0 -45.000 -0.111 -45.000 -0.000 0 NA
470.00 0.03000 470.1 0.01614 0 -45.000 -0.111 -45.000 -0.000 0 NA
475.00 0.03000 475.1 0.01721 0 -45.000 -0.111 -45.000 -0.000 0 NA
480.00 0.03000 480.1 0.01831 0 -45.000 -0.111 -45.000 -0.000 0 NA
485.00 0.03000 485.1 0.01942 0 -45.000 -0.111 -45.000 -0.000 0 NA
490.00 0.03000 490.1 0.02056 0 -45.000 -0.111 -45.000 -0.000 0 NA
495.00 0.03000 495.1 0.02172 0 -45.000 -0.111 -45.000 -0.000 0 NA
500.00 0.03000 500.1 0.02292 0 -45.000 -0.111 -45.000 -0.000 0 NA
505.00 0.03000 505.1 0.02413 0 -45.000 -0.111 -45.000 -0.000 0 NA
510.00 0.03000 510.1 0.02536 0 -45.000 -0.111 -45.000 -0.000 0 NA
515.00 0.03000 515.1 0.02661 0 -45.000 -0.111 -45.000 -0.000 0 NA
520.00 0.03000 520.1 0.02789 0 -45.000 -0.111 -45.000 -0.000 0 NA
525.00 0.03000 525.1 0.02918 0 -45.000 -0.111 -45.000 -0.000 0 NA
530.00 0.03000 530.1 0.03051 1 -45.000 -0.111 -45.000 -0.000 0 NA
0.00 0.03000 0.1 0.00000 0 -50.000 -0.100 -50.000 -0.000 0 NA
5.00 0.03000 5.1 0.00000 0 -50.000 -0.100 -50.000 -0.000 0 NA
10.00 0.03000 10.1 0.00000 0 -50.000 -0.100 -50.000 -0.000 0 NA
15.00 0.03000 15.1 0.00000 0 -50.000 -0.100 -50.000 -0.000 0 NA
20.00 0.03000 20.1 0.00000 0 -50.000 -0.100 -50.000 -0.000 0 NA
25.00 0.03000 25.1 0.00000 0 -50.000 -0.100 -50.000 -0.000 0 NA
30.00 0.03000 30.1 0.00000 0 -50.000 -0.100 -50.000 -0.000 0 NA
35.00 0.03000 35.1 0.00000 0 -50.000 -0.100 -50.000 -0.000 0 NA
40.00 0.03000 40.1 0.00000 0 -50.000 -0.100 -50.000 -0.000 0 NA
45.00 0.03000 45.0 0.00000 0 -50.000 -0.100 -50.000 -0.000 0 NA
50.00 0.03000 50.1 0.00000 0 -50.000 -0.100 -50.000 -0.000 0 NA
55.00 0.03000 55.1 0.00000 0 -50.000 -0.100 -50.000 -0.000 0 NA
60.00 0.03000 60.1 0.00000 0 -50.000 -0.100 -50.000 -0.000 0 NA
65.00 0.03000 65.1 0.00000 0 -50.000 -0.100 -50.000 -0.000 0 NA
70.00 0.03000 70.1 0.00000 0 -50.000 -0.100 -50.000 -0.000 0 NA
75.00 0.03000 75.1 0.00000 0 -50.000 -0.100 -50.000 -0.000 0 NA
80.00 0.03000 80.1 0.00000 0 -50.000 -0.100 -50.000 -0.000 0 NA
85.00 0.03000 85.1 0.00000 0 -50.000 -0.100 -50.000 -0.000 0 NA
90.00 0.03000 90.1 0.00000 0 -50.000 -0.100 -50.000 -0.000 0 NA
95.00 0.03000 95.1 0.00000 0 -50.000 -0.100 -50.000 -0.000 0 NA
100.00 0.03000 100.1 0.00000 0 -50.000 -0.100 -50.000 -0.000 0 NA
105.00 0.03000 105.1 0.00000 0 -50.000 -0.100 -50.000 -0.000 0 NA
110.00 0.03000 110.1 0.00000 0 -50.000 -0.100 -50.000 -0.000 0 NA
115.00 0.03000 115.1 0.00000 0 -50.000 -0.100 -50.000 -0.000 0 NA
120.00 0.03000 120.1 0.00000 0 -50.000 -0.100 -50.000 -0.000 0 NA
125.00 0.03000 125.1 0.00000 0 -50.000 -0.100 -50.000 -0.000 0 NA
130.00 0.03000 130.1 0.00000 0 -50.000 -0.100 -50.000 -0.000 0 NA
135.00 0.03000 135.1 0.00000 0 -50.000 -0.100 -50.000 -0.000 0 NA
140.00 0.03000 140.1 0.00000 0 -50.000 -0.100 -50.000 -0.000 0 NA
145.00 0.03000 145.1 0.00000 0 -50.000 -0.100 -50.000 -0.000 0 NA
150.00 0.03000 150.1 0.00000 0 -50.000 -0.100 -50.000 -0.000 0 NA
155.00 0.03000 155.1 0.00000 0 -50.000 -0.100 -50.000 -0.000 0 NA
160.00 0.03000 160.1 0.00000 0 -50.000 -0.100 -50.000 -0.000 0 NA
165.00 0.03000 165.1 0.00000 0 -50.000 -0.100 -50.000 -0.000 0 NA
170.00 0.03000 170.1 0.00000 0 -50.000 -0.100 -50.000 -0.000 0 NA
175.00 0.03000 175.1 0.00000 0 -50.000 -0.100 -50.000 -0.000 0 NA
180.00 0.03000 180.1 0.00000 0 -50.000 -0.100 -50.000 -0.000 0 NA
185.00 0.03000 185.1 0.00000 0 -50.000 -0.100 -50.000 -0.000 0 NA
190.00 0.03000 190.1 0.00000 0 -50.000 -0.100 -50.000 -0.000 0 NA
195.00 0.03000 195.1 0.00000 0 -50.000 -0.100 -50.000 -0.000 0 NA
200.00 0.03000 200.1 0.00000 0 -50.000 -0.100 -50.000 -0.000 0 NA
205.00 0.03000 205.1 0.00000 0 -50.000 -0.100 -50.000 -0.000 0 NA
210.00 0.03000 210.1 0.00000 0 -50.000 -0.100 -50.000 -0.000 0 NA
215.00 0.03000 215.1 0.00000 0 -50.000 -0.100 -50.000 -0.000 0 NA
220.00 0.03000 220.1 0.00000 0 -50.000 -0.100 -50.000 -0.000 0 NA
225.00 0.03000 225.1 0.00000 0 -50.000 -0.100 -50.000 -0.000 0 NA
230.00 0.03000 230.1 0.00000 0 -50.000 -0.100 -50.000 -0.000 0 NA
235.00 0.03000 235.1 0.00000 0 -50.000 -0.100 -50.000 -0.000 0 NA
240.00 0.03000 240.1 0.00000 0 -50.000 -0.100 -50.000 -0.000 0 NA
245.00 0.03000 245.1 0.00000 0 -50.000 -0.100 -50.000 -0.000 0 NA
250.00 0.03000 250.1 0.00000 0 -50.000 -0.100 -50.000 -0.000 0 NA
255.00 0.03000 255.1 0.00000 0 -50.000 -0.100 -50.000 -0.000 0 NA
260.00 0.03000 260.1 0.00000 0 -50.000 -0.100 -50.000 -0.000 0 NA
265.00 0.03000 265.1 0.00000 0 -50.000 -0.100 -50.000 -0.000 0 NA
270.00 0.03000 270.1 0.00000 0 -50.000 -0.100 -50.000 -0.000 0 NA
275.00 0.03000 275.1 0.00000 0 -50.000 -0.100 -50.000 -0.000 0 NA
280.00 0.03000 280.1 0.00000 0 -50.000 -0.100 -50.000 -0.000 0 NA
285.00 0.03000 285.1 0.00000 0 -50.000 -0.100 -50.000 -0.000 0 NA
290.00 0.03000 290.1 0.00000 0 -50.000 -0.100 -50.000 -0.000 0 NA
295.00 0.03000 295.1 0.00000 0 -50.000 -0.100 -50.000 -0.000 0 NA
300.00 0.03000 300.1 0.00000 0 -50.000 -0.100 -50.000 -0.000 0 NA
305.00 0.03000 305.1 0.00000 0 -50.000 -0.100 -50.000 -0.000 0 NA
310.00 0.03000 310.1 0.00000 0 -50.000 -0.100 -50.000 -0.000 0 NA
315.00 0.03000 315.1 0.00000 0 -50.000 -0.100 -50.000 -0.000 0 NA
320.00 0.03000 320.1 0.00000 0 -50.000 -0.100 -50.000 -0.000 0 NA
325.00 0.03000 325.1 0.00000 0 -50.000 -0.100 -50.000 -0.000 0 NA
330.00 0.03000 330.1 0.00000 0 -50.000 -0.100 -50.000 -0.000 0 NA
335.00 0.03000 335.1 0.00000 0 -50.000 -0.100 -50.000 -0.000 0 NA
340.00 0.03000 340.1 0.00000 0 -50.000 -0.100 -50.000 -0.000 0 NA
345.00 0.03000 345.1 0.00000 0 -50.000 -0.100 -50.000 -0.000 0 NA
350.00 0.03000 350.1 0.00000 0 -50.000 -0.100 -50.000 -0.000 0 NA
355.00 0.03000 355.1 0.00000 0 -50.000 -0.100 -50.000 -0.000 0 NA
360.00 0.03000 360.1 0.00006 0 -50.000 -0.100 -50.000 -0.000 0 NA
365.00 0.03000 365.1 0.00007 0 -50.000 -0.100 -50.000 -0.000 0 NA
370.00 0.03000 370.1 0.00011 0 -50.000 -0.100 -50.000 -0.000 0 NA
375.00 0.03000 375.1 0.00017 0 -50.000 -0.100 -50.000 -0.000 0 NA
380.00 0.03000 380.1 0.00025 0 -50.000 -0.100 -50.000 -0.000 0 NA
385.00 0.03000 385.1 0.00036 0 -50.000 -0.100 -50.000 -0.000 0 NA
390.00 0.03000 390.1 0.00051 0 -50.000 -0.100 -50.000 -0.000 0 NA
395.00 0.03000 395.1 0.00071 0 -50.000 -0.100 -50.000 -0.000 0 NA
400.00 0.03000 400.1 0.00094 0 -50.000 -0.100 -50.000 -0.000 0 NA
405.00 0.03000 405.1 0.00123 0 -50.000 -0.100 -50.000 -0.000 0 NA
410.00 0.03000 410.1 0.00156 0 -50.000 -0.100 -50.000 -0.000 0 NA
415.00 0.03000 415.1 0.00194 0 -50.000 -0.100 -50.000 -0.000 0 NA
420.00 0.03000 420.1 0.00237 0 -50.000 -0.100 -50.000 -0.000 0 NA
425.00 0.03000 425.1 0.00284 0 -50.000 -0.100 -50.000 -0.000 0 NA
430.00 0.03000 430.1 0.00336 0 -50.000 -0.100 -50.000 -0.000 0 NA
435.00 0.03000 435.1 0.00392 0 -50.000 -0.100 -50.000 -0.000 0 NA
440.00 0.03000 440.1 0.00454 0 -50.000 -0.100 -50.000 -0.000 0 NA
445.00 0.03000 445.1 0.00519 0 -50.000 -0.100 -50.000 -0.000 0 NA
450.00 0.03000 450.1 0.00589 0 -50.000 -0.100 -50.000 -0.000 0 NA
455.00 0.03000 455.1 0.00662 0 -50.000 -0.100 -50.000 -0.000 0 NA
460.00 0.03000 460.1 0.00739 0 -50.000 -0.100 -50.000 -0.000 0 NA
465.00 0.03000 465.1 0.00819 0 -50.000 -0.100 -50.000 -0.000 0 NA
470.00 0.03000 470.1 0.00902 0 -50.000 -0.100 -50.000 -0.000 0 NA
475.00 0.03000 475.1 0.00989 0 -50.000 -0.100 -50.000 -0.000 0 NA
480.00 0.03000 480.1 0.01078 0 -50.000 -0.100 -50.000 -0.000 0 NA
485.00 0.03000 485.1 0.01171 0 -50.000 -0.100 -50.000 -0.000 0 NA
490.00 0.03000 490.1 0.01266 0 -50.000 -0.100 -50.000 -0.000 0 NA
495.00 0.03000 495.1 0.01364 0 -50.000 -0.100 -50.000 -0.000 0 NA
500.00 0.03000 500.1 0.01465 0 -50.000 -0.100 -50.000 -0.000 0 NA
505.00 0.03000 505.1 0.01568 0 -50.000 -0.100 -50.000 -0.000 0 NA
510.00 0.03000 510.1 0.01675 0 -50.000 -0.100 -50.000 -0.000 0 NA
515.00 0.03000 515.1 0.01782 0 -50.000 -0.100 -50.000 -0.000 0 NA
520.00 0.03000 520.1 0.01894 0 -50.000 -0.100 -50.000 -0.000 0 NA
525.00 0.03000 525.1 0.02007 0 -50.000 -0.100 -50.000 -0.000 0 NA
530.00 0.03000 530.1 0.02122 0 -50.000 -0.100 -50.000 -0.000 0 NA
535.00 0.03000 535.1 0.02241 0 -50.000 -0.100 -50.000 -0.000 0 NA
540.00 0.03000 540.1 0.02361 0 -50.000 -0.100 -50.000 -0.000 0 NA
545.00 0.03000 545.1 0.02484 0 -50.000 -0.100 -50.000 -0.000 0 NA
550.00 0.03000 550.1 0.02610 0 -50.000 -0.100 -50.000 -0.000 0 NA
555.00 0.03000 555.1 0.02738 0 -50.000 -0.100 -50.000 -0.000 0 NA
560.00 0.03000 560.1 0.02867 0 -50.000 -0.100 -50.000 -0.000 0 NA
565.00 0.03000 565.1 0.02999 0 -50.000 -0.100 -50.000 -0.000 0 NA
570.00 0.03000 570.1 0.03134 1 -50.000 -0.100 -50.000 -0.000 0 NA
0.00 0.03000 0.1 0.00000 0 -55.000 -0.091 -55.000 -0.000 0 NA
5.00 0.03000 5.1 0.00000 0 -55.000 -0.091 -55.000 -0.000 0 NA
10.00 0.03000 10.1 0.00000 0 -55.000 -0.091 -55.000 -0.000 0 NA
15.00 0.03000 15.1 0.00000 0 -55.000 -0.091 -55.000 -0.000 0 NA
20.00 0.03000 20.1 0.00000 0 -55.000 -0.091 -55.000 -0.000 0 NA
25.00 0.03000 25.1 0.00000 0 -55.000 -0.091 -55.000 -0.000 0 NA
30.00 0.03000 30.1 0.00000 0 -55.000 -0.091 -55.000 -0.000 0 NA
35.00 0.03000 35.1 0.00000 0 -55.000 -0.091 -55.000 -0.000 0 NA
40.00 0.03000 40.1 0.00000 0 -55.000 -0.091 -55.000 -0.000 0 NA
45.00 0.03000 45.1 0.00000 0 -55.000 -0.091 -55.000 -0.000 0 NA
50.00 0.03000 50.1 0.00000 0 -55.000 -0.091 -55.000 -0.000 0 NA
55.00 0.03000 55.1 0.00000 0 -55.000 -0.091 -55.000 -0.000 0 NA
60.00 0.03000 60.1 0.00000 0 -55.000 -0.091 -55.000 -0.000 0 NA
65.00 0.03000 65.1 0.00000 0 -55.000 -0.091 -55.000 -0.000 0 NA
70.00 0.03000 70.1 0.00000 0 -55.000 -0.091 -55.000 -0.000 0 NA
75.00 0.03000 75.1 0.00000 0 -55.000 -0.091 -55.000 -0.000 0 NA
80.00 0.03000 80.1 0.00000 0 -55.000 -0.091 -55.000 -0.000 0 NA
85.00 0.03000 85.1 0.00000 0 -55.000 -0.091 -55.000 -0.000 0 NA
90.00 0.03000 90.1 0.00000 0 -55.000 -0.091 -55.000 -0.000 0 NA
95.00 0.03000 95.1 0.00000 0 -55.000 -0.091 -55.000 -0.000 0 NA
100.00 0.03000 100.1 0.00000 0 -55.000 -0.091 -55.000 -0.000 0 NA
105.00 0.03000 105.1 0.00000 0 -55.000 -0.091 -55.000 -0.000 0 NA
110.00 0.03000 110.1 0.00000 0 -55.000 -0.091 -55.000 -0.000 0 NA
115.00 0.03000 115.1 0.00000 0 -55.000 -0.091 -55.000 -0.000 0 NA
120.00 0.03000 120.1 0.00000 0 -55.000 -0.091 -55.000 -0.000 0 NA
125.00 0.03000 125.1 0.00000 0 -55.000 -0.091 -55.000 -0.000 0 NA
130.00 0.03000 130.1 0.00000 0 -55.000 -0.091 -55.000 -0.000 0 NA
135.00 0.03000 135.1 0.00000 0 -55.000 -0.091 -55.000 -0.000 0 NA
140.00 0.03000 140.1 0.00000 0 -55.000 -0.091 -55.000 -0.000 0 NA
145.00 0.03000 145.1 0.00000 0 -55.000 -0.091 -55.000 -0.000 0 NA
150.00 0.03000 150.1 0.00000 0 -55.000 -0.091 -55.000 -0.000 0 NA
155.00 0.03000 155.1 0.00000 0 -55.000 -0.091 -55.000 -0.000 0 NA
160.00 0.03000 160.1 0.00000 0 -55.000 -0.091 -55.000 -0.000 0 NA
165.00 0.03000 165.1 0.00000 0 -55.000 -0.091 -55.000 -0.000 0 NA
170.00 0.03000 170.1 0.00000 0 -55.000 -0.091 -55.000 -0.000 0 NA
175.00 0.03000 175.1 0.00000 0 -55.000 -0.091 -55.000 -0.000 0 NA
180.00 0.03000 180.1 0.00000 0 -55.000 -0.091 -55.000 -0.000 0 NA
185.00 0.03000 185.1 0.00000 0 -55.000 -0.091 -55.000 -0.000 0 NA
190.00 0.03000 190.1 0.00000 0 -55.000 -0.091 -55.000 -0.000 0 NA
195.00 0.03000 195.1 0.00000 0 -55.000 -0.091 -55.000 -0.000 0 NA
200.00 0.03000 200.1 0.00000 0 -55.000 -0.091 -55.000 -0.000 0 NA
205.00 0.03000 205.1 0.00000 0 -55.000 -0.091 -55.000 -0.000 0 NA
210.00 0.03000 210.1 0.00000 0 -55.000 -0.091 -55.000 -0.000 0 NA
215.00 0.03000 215.1 0.00000 0 -55.000 -0.091 -55.000 -0.000 0 NA
220.00 0.03000 220.1 0.00000 0 -55.000 -0.091 -55.000 -0.000 0 NA
225.00 0.03000 225.1 0.00000 0 -55.000 -0.091 -55.000 -0.000 0 NA
230.00 0.03000 230.1 0.00000 0 -55.000 -0.091 -55.000 -0.000 0 NA
235.00 0.03000 235.1 0.00000 0 -55.000 -0.091 -55.000 -0.000 0 NA
240.00 0.03000 240.1 0.00000 0 -55.000 -0.091 -55.000 -0.000 0 NA
245.00 0.03000 245.1 0.00000 0 -55.000 -0.091 -55.000 -0.000 0 NA
250.00 0.03000 250.1 0.00000 0 -55.000 -0.091 -55.000 -0.000 0 NA
255.00 0.03000 255.1 0.00000 0 -55.000 -0.091 -55.000 -0.000 0 NA
260.00 0.03000 260.1 0.00000 0 -55.000 -0.091 -55.000 -0.000 0 NA
265.00 0.03000 265.1 0.00000 0 -55.000 -0.091 -55.000 -0.000 0 NA
270.00 0.03000 270.1 0.00000 0 -55.000 -0.091 -55.000 -0.000 0 NA
275.00 0.03000 275.1 0.00000 0 -55.000 -0.091 -55.000 -0.000 0 NA
280.00 0.03000 280.1 0.00000 0 -55.000 -0.091 -55.000 -0.000 0 NA
285.00 0.03000 285.1 0.00000 0 -55.000 -0.091 -55.000 -0.000 0 NA
290.00 0.03000 290.1 0.00000 0 -55.000 -0.091 -55.000 -0.000 0 NA
295.00 0.03000 295.1 0.00000 0 -55.000 -0.091 -55.000 -0.000 0 NA
300.00 0.03000 300.1 0.00000 0 -55.000 -0.091 -55.000 -0.000 0 NA
305.00 0.03000 305.1 0.00000 0 -55.000 -0.091 -55.000 -0.000 0 NA
310.00 0.03000 310.1 0.00000 0 -55.000 -0.091 -55.000 -0.000 0 NA
315.00 0.03000 315.1 0.00000 0 -55.000 -0.091 -55.000 -0.000 0 NA
320.00 0.03000 320.1 0.00000 0 -55.000 -0.091 -55.000 -0.000 0 NA
325.00 0.03000 325.1 0.00000 0 -55.000 -0.091 -55.000 -0.000 0 NA
330.00 0.03000 330.1 0.00000 0 -55.000 -0.091 -55.000 -0.000 0 NA
335.00 0.03000 335.1 0.00000 0 -55.000 -0.091 -55.000 -0.000 0 NA
340.00 0.03000 340.1 0.00000 0 -55.000 -0.091 -55.000 -0.000 0 NA
345.00 0.03000 345.1 0.00000 0 -55.000 -0.091 -55.000 -0.000 0 NA
350.00 0.03000 350.1 0.00000 0 -55.000 -0.091 -55.000 -0.000 0 NA
355.00 0.03000 355.1 0.00000 0 -55.000 -0.091 -55.000 -0.000 0 NA
360.00 0.03000 360.1 0.00000 0 -55.000 -0.091 -55.000 -0.000 0 NA
365.00 0.03000 365.1 0.00000 0 -55.000 -0.091 -55.000 -0.000 0 NA
370.00 0.03000 370.1 0.00000 0 -55.000 -0.091 -55.000 -0.000 0 NA
375.00 0.03000 375.1 0.00000 0 -55.000 -0.091 -55.000 -0.000 0 NA
380.00 0.03000 380.1 0.00000 0 -55.000 -0.091 -55.000 -0.000 0 NA
385.00 0.03000 385.1 0.00000 0 -55.000 -0.091 -55.000 -0.000 0 NA
390.00 0.03000 390.1 0.00000 0 -55.000 -0.091 -55.000 -0.000 0 NA
395.00 0.03000 395.1 0.00005 0 -55.000 -0.091 -55.000 -0.000 0 NA
400.00 0.03000 400.1 0.00007 0 -55.000 -0.091 -55.000 -0.000 0 NA
405.00 0.03000 405.1 0.00010 0 -55.000 -0.091 -55.000 -0.000 0 NA
410.00 0.03000 410.1 0.00015 0 -55.000 -0.091 -55.000 -0.000 0 NA
415.00 0.03000 415.1 0.00022 0 -55.000 -0.091 -55.000 -0.000 0 NA
420.00 0.03000 420.1 0.00033 0 -55.000 -0.091 -55.000 -0.000 0 NA
425.00 0.03000 425.1 0.00046 0 -55.000 -0.091 -55.000 -0.000 0 NA
430.00 0.03000 430.1 0.00064 0 -55.000 -0.091 -55.000 -0.000 0 NA
435.00 0.03000 435.1 0.00086 0 -55.000 -0.091 -55.000 -0.000 0 NA
440.00 0.03000 440.1 0.00113 0 -55.000 -0.091 -55.000 -0.000 0 NA
445.00 0.03000 445.1 0.00144 0 -55.000 -0.091 -55.000 -0.000 0 NA
450.00 0.03000 450.1 0.00180 0 -55.000 -0.091 -55.000 -0.000 0 NA
455.00 0.03000 455.1 0.00220 0 -55.000 -0.091 -55.000 -0.000 0 NA
460.00 0.03000 460.1 0.00266 0 -55.000 -0.091 -55.000 -0.000 0 NA
465.00 0.03000 465.1 0.00316 0 -55.000 -0.091 -55.000 -0.000 0 NA
470.00 0.03000 470.1 0.00370 0 -55.000 -0.091 -55.000 -0.000 0 NA
475.00 0.03000 475.1 0.00429 0 -55.000 -0.091 -55.000 -0.000 0 NA
480.00 0.03000 480.1 0.00492 0 -55.000 -0.091 -55.000 -0.000 0 NA
485.00 0.03000 485.1 0.00560 0 -55.000 -0.091 -55.000 -0.000 0 NA
490.00 0.03000 490.1 0.00631 0 -55.000 -0.091 -55.000 -0.000 0 NA
495.00 0.03000 495.1 0.00706 0 -55.000 -0.091 -55.000 -0.000 0 NA
500.00 0.03000 500.1 0.00785 0 -55.000 -0.091 -55.000 -0.000 0 NA
505.00 0.03000 505.1 0.00866 0 -55.000 -0.091 -55.000 -0.000 0 NA
510.00 0.03000 510.1 0.00951 0 -55.000 -0.091 -55.000 -0.000 0 NA
515.00 0.03000 515.1 0.01039 0 -55.000 -0.091 -55.000 -0.000 0 NA
520.00 0.03000 520.1 0.01130 0 -55.000 -0.091 -55.000 -0.000 0 NA
525.00 0.03000 525.1 0.01225 0 -55.000 -0.091 -55.000 -0.000 0 NA
530.00 0.03000 530.1 0.01321 0 -55.000 -0.091 -55.000 -0.000 0 NA
535.00 0.03000 535.1 0.01421 0 -55.000 -0.091 -55.000 -0.000 0 NA
540.00 0.03000 540.1 0.01523 0 -55.000 -0.091 -55.000 -0.000 0 NA
545.00 0.03000 545.1 0.01627 0 -55.000 -0.091 -55.000 -0.000 0 NA
550.00 0.03000 550.1 0.01735 0 -55.000 -0.091 -55.000 -0.000 0 NA
555.00 0.03000 555.1 0.01845 0 -55.000 -0.091 -55.000 -0.000 0 NA
560.00 0.03000 560.1 0.01958 0 -55.000 -0.091 -55.000 -0.000 0 NA
565.00 0.03000 565.1 0.02073 0 -55.000 -0.091 -55.000 -0.000 0 NA
570.00 0.03000 570.1 0.02192 0 -55.000 -0.091 -55.000 -0.000 0 NA
575.00 0.03000 575.1 0.02312 0 -55.000 -0.091 -55.000 -0.000 0 NA
580.00 0.03000 580.1 0.02434 0 -55.000 -0.091 -55.000 -0.000 0 NA
585.00 0.03000 585.1 0.02559 0 -55.000 -0.091 -55.000 -0.000 0 NA
590.00 0.03000 590.1 0.02687 0 -55.000 -0.091 -55.000 -0.000 0 NA
595.00 0.03000 595.1 0.02817 0 -55.000 -0.091 -55.000 -0.000 0 NA
600.00 0.03000 600.1 0.02950 0 -55.000 -0.091 -55.000 -0.000 0 NA
0.00 0.03000 0.1 0.00000 0 -60.000 -0.083 -60.000 -0.000 0 NA
5.00 0.03000 5.1 0.00000 0 -60.000 -0.083 -60.000 -0.000 0 NA
10.00 0.03000 10.1 0.00000 0 -60.000 -0.083 -60.000 -0.000 0 NA
15.00 0.03000 15.1 0.00000 0 -60.000 -0.083 -60.000 -0.000 0 NA
20.00 0.03000 20.1 0.00000 0 -60.000 -0.083 -60.000 -0.000 0 NA
25.00 0.03000 25.1 0.00000 0 -60.000 -0.083 -60.000 -0.000 0 NA
30.00 0.03000 30.1 0.00000 0 -60.000 -0.083 -60.000 -0.000 0 NA
35.00 0.03000 35.1 0.00000 0 -60.000 -0.083 -60.000 -0.000 0 NA
40.00 0.03000 40.1 0.00000 0 -60.000 -0.083 -60.000 -0.000 0 NA
45.00 0.03000 45.1 0.00000 0 -60.000 -0.083 -60.000 -0.000 0 NA
50.00 0.03000 50.1 0.00000 0 -60.000 -0.083 -60.000 -0.000 0 NA
55.00 0.03000 55.1 0.00000 0 -60.000 -0.083 -60.000 -0.000 0 NA
60.00 0.03000 60.1 0.00000 0 -60.000 -0.083 -60.000 -0.000 0 NA
65.00 0.03000 65.1 0.00000 0 -60.000 -0.083 -60.000 -0.000 0 NA
70.00 0.03000 70.1 0.00000 0 -60.000 -0.083 -60.000 -0.000 0 NA
75.00 0.03000 75.1 0.00000 0 -60.000 -0.083 -60.000 -0.000 0 NA
80.00 0.03000 80.1 0.00000 0 -60.000 -0.083 -60.000 -0.000 0 NA
85.00 0.03000 85.1 0.00000 0 -60.000 -0.083 -60.000 -0.000 0 NA
90.00 0.03000 90.1 0.00000 0 -60.000 -0.083 -60.000 -0.000 0 NA
95.00 0.03000 95.1 0.00000 0 -60.000 -0.083 -60.000 -0.000 0 NA
100.00 0.03000 100.1 0.00000 0 -60.000 -0.083 -60.000 -0.000 0 NA
105.00 0.03000 105.1 0.00000 0 -60.000 -0.083 -60.000 -0.000 0 NA
110.00 0.03000 110.1 0.00000 0 -60.000 -0.083 -60.000 -0.000 0 NA
115.00 0.03000 115.1 0.00000 0 -60.000 -0.083 -60.000 -0.000 0 NA
120.00 0.03000 120.1 0.00000 0 -60.000 -0.083 -60.000 -0.000 0 NA
125.00 0.03000 125.1 0.00000 0 -60.000 -0.083 -60.000 -0.000 0 NA
130.00 0.03000 130.1 0.00000 0 -60.000 -0.083 -60.000 -0.000 0 NA
135.00 0.03000 135.1 0.00000 0 -60.000 -0.083 -60.000 -0.000 0 NA
140.00 0.03000 140.1 0.00000 0 -60.000 -0.083 -60.000 -0.000 0 NA
145.00 0.03000 145.1 0.00000 0 -60.000 -0.083 -60.000 -0.000 0 NA
150.00 0.03000 150.1 0.00000 0 -60.000 -0.083 -60.000 -0.000 0 NA
155.00 0.03000 155.1 0.00000 0 -60.000 -0.083 -60.000 -0.000 0 NA
160.00 0.03000 160.1 0.00000 0 -60.000 -0.083 -60.000 -0.000 0 NA
165.00 0.03000 165.1 0.00000 0 -60.000 -0.083 -60.000 -0.000 0 NA
170.00 0.03000 170.1 0.00000 0 -60.000 -0.083 -60.000 -0.000 0 NA
175.00 0.03000 175.1 0.00000 0 -60.000 -0.083 -60.000 -0.000 0 NA
180.00 0.03000 180.1 0.00000 0 -60.000 -0.083 -60.000 -0.000 0 NA
185.00 0.03000 185.1 0.00000 0 -60.000 -0.083 -60.000 -0.000 0 NA
190.00 0.03000 190.1 0.00000 0 -60.000 -0.083 -60.000 -0.000 0 NA
195.00 0.03000 195.1 0.00000 0 -60.000 -0.083 -60.000 -0.000 0 NA
200.00 0.03000 200.1 0.00000 0 -60.000 -0.083 -60.000 -0.000 0 NA
205.00 0.03000 205.1 0.00000 0 -60.000 -0.083 -60.000 -0.000 0 NA
210.00 0.03000 210.1 0.00000 0 -60.000 -0.083 -60.000 -0.000 0 NA
215.00 0.03000 215.1 0.00000 0 -60.000 -0.083 -60.000 -0.000 0 NA
220.00 0.03000 220.1 0.00000 0 -60.000 -0.083 -60.000 -0.000 0 NA
225.00 0.03000 225.1 0.00000 0 -60.000 -0.083 -60.000 -0.000 0 NA
230.00 0.03000 230.1 0.00000 0 -60.000 -0.083 -60.000 -0.000 0 NA
235.00 0.03000 235.1 0.00000 0 -60.000 -0.083 -60.000 -0.000 0 NA
240.00 0.03000 240.1 0.00000 0 -60.000 -0.083 -60.000 -0.000 0 NA
245.00 0.03000 245.1 0.00000 0 -60.000 -0.083 -60.000 -0.000 0 NA
250.00 0.03000 250.1 0.00000 0 -60.000 -0.083 -60.000 -0.000 0 NA
255.00 0.03000 255.1 0.00000 0 -60.000 -0.083 -60.000 -0.000 0 NA
260.00 0.03000 260.1 0.00000 0 -60.000 -0.083 -60.000 -0.000 0 NA
265.00 0.03000 265.1 0.00000 0 -60.000 -0.083 -60.000 -0.000 0 NA
270.00 0.03000 270.1 0.00000 0 -60.000 -0.083 -60.000 -0.000 0 NA
275.00 0.03000 275.1 0.00000 0 -60.000 -0.083 -60.000 -0.000 0 NA
280.00 0.03000 280.1 0.00000 0 -60.000 -0.083 -60.000 -0.000 0 NA
285.00 0.03000 285.1 0.00000 0 -60.000 -0.083 -60.000 -0.000 0 NA
290.00 0.03000 290.1 0.00000 0 -60.000 -0.083 -60.000 -0.000 0 NA
295.00 0.03000 295.1 0.00000 0 -60.000 -0.083 -60.000 -0.000 0 NA
300.00 0.03000 300.1 0.00000 0 -60.000 -0.083 -60.000 -0.000 0 NA
305.00 0.03000 305.1 0.00000 0 -60.000 -0.083 -60.000 -0.000 0 NA
310.00 0.03000 310.1 0.00000 0 -60.000 -0.083 -60.000 -0.000 0 NA
315.00 0.03000 315.1 0.00000 0 -60.000 -0.083 -60.000 -0.000 0 NA
320.00 0.03000 320.1 0.00000 0 -60.000 -0.083 -60.000 -0.000 0 NA
325.00 0.03000 325.1 0.00000 0 -60.000 -0.083 -60.000 -0.000 0 NA
330.00 0.03000 330.1 0.00000 0 -60.000 -0.083 -60.000 -0.000 0 NA
335.00 0.03000 335.1 0.00000 0 -60.000 -0.083 -60.000 -0.000 0 NA
340.00 0.03000 340.1 0.00000 0 -60.000 -0.083 -60.000 -0.000 0 NA
345.00 0.03000 345.1 0.00000 0 -60.000 -0.083 -60.000 -0.000 0 NA
350.00 0.03000 350.1 0.00000 0 -60.000 -0.083 -60.000 -0.000 0 NA
355.00 0.03000 355.1 0.00000 0 -60.000 -0.083 -60.000 -0.000 0 NA
360.00 0.03000 360.1 0.00000 0 -60.000 -0.083 -60.000 -0.000 0 NA
365.00 0.03000 365.1 0.00000 0 -60.000 -0.083 -60.000 -0.000 0 NA
370.00 0.03000 370.1 0.00000 0 -60.000 -0.083 -60.000 -0.000 0 NA
375.00 0.03000 375.1 0.00000 0 -60.000 -0.083 -60.000 -0.000 0 NA
380.00 0.03000 380.1 0.00000 0 -60.000 -0.083 -60.000 -0.000 0 NA
385.00 0.03000 385.1 0.00000 0 -60.000 -0.083 -60.000 -0.000 0 NA
390.00 0.03000 390.1 0.00000 0 -60.000 -0.083 -60.000 -0.000 0 NA
395.00 0.03000 395.1 0.00000 0 -60.000 -0.083 -60.000 -0.000 0 NA
400.00 0.03000 400.1 0.00000 0 -60.000 -0.083 -60.000 -0.000 0 NA
405.00 0.03000 405.1 0.00000 0 -60.000 -0.083 -60.000 -0.000 0 NA
410.00 0.03000 410.1 0.00000 0 -60.000 -0.083 -60.000 -0.000 0 NA
415.00 0.03000 415.1 0.00000 0 -60.000 -0.083 -60.000 -0.000 0 NA
420.00 0.03000 420.1 0.00000 0 -60.000 -0.083 -60.000 -0.000 0 NA
425.00 0.03000 425.1 0.00000 0 -60.000 -0.083 -60.000 -0.000 0 NA
430.00 0.03000 430.1 0.00005 0 -60.000 -0.083 -60.000 -0.000 0 NA
435.00 0.03000 435.1 0.00007 0 -60.000 -0.083 -60.000 -0.000 0 NA
440.00 0.03000 440.1 0.00009 0 -60.000 -0.083 -60.000 -0.000 0 NA
445.00 0.03000 445.1 0.00014 0 -60.000 -0.083 -60.000 -0.000 0 NA
450.00 0.03000 450.1 0.00020 0 -60.000 -0.083 -60.000 -0.000 0 NA
455.00 0.03000 455.1 0.00029 0 -60.000 -0.083 -60.000 -0.000 0 NA
460.00 0.03000 460.1 0.00042 0 -60.000 -0.083 -60.000 -0.000 0 NA
465.00 0.03000 465.1 0.00058 0 -60.000 -0.083 -60.000 -0.000 0 NA
470.00 0.03000 470.1 0.00078 0 -60.000 -0.083 -60.000 -0.000 0 NA
475.00 0.03000 475.1 0.00103 0 -60.000 -0.083 -60.000 -0.000 0 NA
480.00 0.03000 480.1 0.00133 0 -60.000 -0.083 -60.000 -0.000 0 NA
485.00 0.03000 485.1 0.00166 0 -60.000 -0.083 -60.000 -0.000 0 NA
490.00 0.03000 490.1 0.00205 0 -60.000 -0.083 -60.000 -0.000 0 NA
495.00 0.03000 495.1 0.00248 0 -60.000 -0.083 -60.000 -0.000 0 NA
500.00 0.03000 500.1 0.00297 0 -60.000 -0.083 -60.000 -0.000 0 NA
505.00 0.03000 505.1 0.00348 0 -60.000 -0.083 -60.000 -0.000 0 NA
510.00 0.03000 510.1 0.00405 0 -60.000 -0.083 -60.000 -0.000 0 NA
515.00 0.03000 515.1 0.00467 0 -60.000 -0.083 -60.000 -0.000 0 NA
520.00 0.03000 520.1 0.00532 0 -60.000 -0.083 -60.000 -0.000 0 NA
525.00 0.03000 525.1 0.00602 0 -60.000 -0.083 -60.000 -0.000 0 NA
530.00 0.03000 530.1 0.00674 0 -60.000 -0.083 -60.000 -0.000 0 NA
535.00 0.03000 535.1 0.00752 0 -60.000 -0.083 -60.000 -0.000 0 NA
540.00 0.03000 540.1 0.00831 0 -60.000 -0.083 -60.000 -0.000 0 NA
545.00 0.03000 545.1 0.00915 0 -60.000 -0.083 -60.000 -0.000 0 NA
550.00 0.03000 550.1 0.01001 0 -60.000 -0.083 -60.000 -0.000 0 NA
555.00 0.03000 555.1 0.01091 0 -60.000 -0.083 -60.000 -0.000 0 NA
560.00 0.03000 560.1 0.01184 0 -60.000 -0.083 -60.000 -0.000 0 NA
565.00 0.03000 565.1 0.01279 0 -60.000 -0.083 -60.000 -0.000 0 NA
570.00 0.03000 570.1 0.01378 0 -60.000 -0.083 -60.000 -0.000 0 NA
575.00 0.03000 575.1 0.01478 0 -60.000 -0.083 -60.000 -0.000 0 NA
580.00 0.03000 580.1 0.01582 0 -60.000 -0.083 -60.000 -0.000 0 NA
585.00 0.03000 585.1 0.01689 0 -60.000 -0.083 -60.000 -0.000 0 NA
590.00 0.03000 590.1 0.01799 0 -60.000 -0.083 -60.000 -0.000 0 NA
595.00 0.03000 595.1 0.01910 0 -60.000 -0.083 -60.000 -0.000 0 NA
600.00 0.03000 600.1 0.02025 0 -60.000 -0.083 -60.000 -0.000 0 NA
0.00 0.03000 0.1 0.00000 0 -65.000 -0.077 -65.000 -0.000 0 NA
5.00 0.03000 5.1 0.00000 0 -65.000 -0.077 -65.000 -0.000 0 NA
10.00 0.03000 10.1 0.00000 0 -65.000 -0.077 -65.000 -0.000 0 NA
15.00 0.03000 15.1 0.00000 0 -65.000 -0.077 -65.000 -0.000 0 NA
20.00 0.03000 20.1 0.00000 0 -65.000 -0.077 -65.000 -0.000 0 NA
25.00 0.03000 25.1 0.00000 0 -65.000 -0.077 -65.000 -0.000 0 NA
30.00 0.03000 30.1 0.00000 0 -65.000 -0.077 -65.000 -0.000 0 NA
35.00 0.03000 35.1 0.00000 0 -65.000 -0.077 -65.000 -0.000 0 NA
40.00 0.03000 40.1 0.00000 0 -65.000 -0.077 -65.000 -0.000 0 NA
45.00 0.03000 45.0 0.00000 0 -65.000 -0.077 -65.000 -0.000 0 NA
50.00 0.03000 50.1 0.00000 0 -65.000 -0.077 -65.000 -0.000 0 NA
55.00 0.03000 55.1 0.00000 0 -65.000 -0.077 -65.000 -0.000 0 NA
60.00 0.03000 60.1 0.00000 0 -65.000 -0.077 -65.000 -0.000 0 NA
65.00 0.03000 65.1 0.00000 0 -65.000 -0.077 -65.000 -0.000 0 NA
70.00 0.03000 70.1 0.00000 0 -65.000 -0.077 -65.000 -0.000 0 NA
75.00 0.03000 75.1 0.00000 0 -65.000 -0.077 -65.000 -0.000 0 NA
80.00 0.03000 80.1 0.00000 0 -65.000 -0.077 -65.000 -0.000 0 NA
85.00 0.03000 85.1 0.00000 0 -65.000 -0.077 -65.000 -0.000 0 NA
90.00 0.03000 90.1 0.00000 0 -65.000 -0.077 -65.000 -0.000 0 NA
95.00 0.03000 95.1 0.00000 0 -65.000 -0.077 -65.000 -0.000 0 NA
100.00 0.03000 100.1 0.00000 0 -65.000 -0.077 -65.000 -0.000 0 NA
105.00 0.03000 105.1 0.00000 0 -65.000 -0.077 -65.000 -0.000 0 NA
110.00 0.03000 110.1 0.00000 0 -65.000 -0.077 -65.000 -0.000 0 NA
115.00 0.03000 115.1 0.00000 0 -65.000 -0.077 -65.000 -0.000 0 NA
120.00 0.03000 120.1 0.00000 0 -65.000 -0.077 -65.000 -0.000 0 NA
125.00 0.03000 125.1 0.00000 0 -65.000 -0.077 -65.000 -0.000 0 NA
130.00 0.03000 130.1 0.00000 0 -65.000 -0.077 -65.000 -0.000 0 NA
135.00 0.03000 135.1 0.00000 0 -65.000 -0.077 -65.000 -0.000 0 NA
140.00 0.03000 140.1 0.00000 0 -65.000 -0.077 -65.000 -0.000 0 NA
145.00 0.03000 145.1 0.00000 0 -65.000 -0.077 -65.000 -0.000 0 NA
150.00 0.03000 150.1 0.00000 0 -65.000 -0.077 -65.000 -0.000 0 NA
155.00 0.03000 155.1 0.00000 0 -65.000 -0.077 -65.000 -0.000 0 NA
160.00 0.03000 160.1 0.00000 0 -65.000 -0.077 -65.000 -0.000 0 NA
165.00 0.03000 165.1 0.00000 0 -65.000 -0.077 -65.000 -0.000 0 NA
170.00 0.03000 170.1 0.00000 0 -65.000 -0.077 -65.000 -0.000 0 NA
175.00 0.03000 175.1 0.00000 0 -65.000 -0.077 -65.000 -0.000 0 NA
180.00 0.03000 180.1 0.00000 0 -65.000 -0.077 -65.000 -0.000 0 NA
185.00 0.03000 185.1 0.00000 0 -65.000 -0.077 -65.000 -0.000 0 NA
190.00 0.03000 190.1 0.00000 0 -65.000 -0.077 -65.000 -0.000 0 NA
195.00 0.03000 195.1 0.00000 0 -65.000 -0.077 -65.000 -0.000 0 NA
200.00 0.03000 200.1 0.00000 0 -65.000 -0.077 -65.000 -0.000 0 NA
205.00 0.03000 205.1 0.00000 0 -65.000 -0.077 -65.000 -0.000 0 NA
210.00 0.03000 210.1 0.00000 0 -65.000 -0.077 -65.000 -0.000 0 NA
215.00 0.03000 215.1 0.00000 0 -65.000 -0.077 -65.000 -0.000 0 NA
220.00 0.03000 220.1 0.00000 0 -65.000 -0.077 -65.000 -0.000 0 NA
225.00 0.03000 225.1 0.00000 0 -65.000 -0.077 -65.000 -0.000 0 NA
230.00 0.03000 230.1 0.00000 0 -65.000 -0.077 -65.000 -0.000 0 NA
235.00 0.03000 235.1 0.00000 0 -65.000 -0.077 -65.000 -0.000 0 NA
240.00 0.03000 240.1 0.00000 0 -65.000 -0.077 -65.000 -0.000 0 NA
245.00 0.03000 245.1 0.00000 0 -65.000 -0.077 -65.000 -0.000 0 NA
250.00 0.03000 250.1 0.00000 0 -65.000 -0.077 -65.000 -0.000 0 NA
255.00 0.03000 255.1 0.00000 0 -65.000 -0.077 -65.000 -0.000 0 NA
260.00 0.03000 260.1 0.00000 0 -65.000 -0.077 -65.000 -0.000 0 NA
265.00 0.03000 265.1 0.00000 0 -65.000 -0.077 -65.000 -0.000 0 NA
270.00 0.03000 270.1 0.00000 0 -65.000 -0.077 -65.000 -0.000 0 NA
275.00 0.03000 275.1 0.00000 0 -65.000 -0.077 -65.000 -0.000 0 NA
280.00 0.03000 280.1 0.00000 0 -65.000 -0.077 -65.000 -0.000 0 NA
285.00 0.03000 285.1 0.00000 0 -65.000 -0.077 -65.000 -0.000 0 NA
290.00 0.03000 290.1 0.00000 0 -65.000 -0.077 -65.000 -0.000 0 NA
295.00 0.03000 295.1 0.00000 0 -65.000 -0.077 -65.000 -0.000 0 NA
300.00 0.03000 300.1 0.00000 0 -65.000 -0.077 -65.000 -0.000 0 NA
305.00 0.03000 305.1 0.00000 0 -65.000 -0.077 -65.000 -0.000 0 NA
310.00 0.03000 310.1 0.00000 0 -65.000 -0.077 -65.000 -0.000 0 NA
315.00 0.03000 315.1 0.00000 0 -65.000 -0.077 -65.000 -0.000 0 NA
320.00 0.03000 320.1 0.00000 0 -65.000 -0.077 -65.000 -0.000 0 NA
325.00 0.03000 325.1 0.00000 0 -65.000 -0.077 -65.000 -0.000 0 NA
330.00 0.03000 330.1 0.00000 0 -65.000 -0.077 -65.000 -0.000 0 NA
335.00 0.03000 335.1 0.00000 0 -65.000 -0.077 -65.000 -0.000 0 NA
340.00 0.03000 340.1 0.00000 0 -65.000 -0.077 -65.000 -0.000 0 NA
345.00 0.03000 345.1 0.00000 0 -65.000 -0.077 -65.000 -0.000 0 NA
350.00 0.03000 350.1 0.00000 0 -65.000 -0.077 -65.000 -0.000 0 NA
355.00 0.03000 355.1 0.00000 0 -65.000 -0.077 -65.000 -0.000 0 NA
360.00 0.03000 360.1 0.00000 0 -65.000 -0.077 -65.000 -0.000 0 NA
365.00 0.03000 365.1 0.00000 0 -65.000 -0.077 -65.000 -0.000 0 NA
370.00 0.03000 370.1 0.00000 0 -65.000 -0.077 -65.000 -0.000 0 NA
375.00 0.03000 375.1 0.00000 0 -65.000 -0.077 -65.000 -0.000 0 NA
380.00 0.03000 380.1 0.00000 0 -65.000 -0.077 -65.000 -0.000 0 NA
385.00 0.03000 385.1 0.00000 0 -65.000 -0.077 -65.000 -0.000 0 NA
390.00 0.03000 390.1 0.00000 0 -65.000 -0.077 -65.000 -0.000 0 NA
395.00 0.03000 395.1 0.00000 0 -65.000 -0.077 -65.000 -0.000 0 NA
400.00 0.03000 400.1 0.00000 0 -65.000 -0.077 -65.000 -0.000 0 NA
405.00 0.03000 405.1 0.00000 0 -65.000 -0.077 -65.000 -0.000 0 NA
410.00 0.03000 410.1 0.00000 0 -65.000 -0.077 -65.000 -0.000 0 NA
415.00 0.03000 415.1 0.00000 0 -65.000 -0.077 -65.000 -0.000 0 NA
420.00 0.03000 420.1 0.00000 0 -65.000 -0.077 -65.000 -0.000 0 NA
425.00 0.03000 425.1 0.00000 0 -65.000 -0.077 -65.000 -0.000 0 NA
430.00 0.03000 430.1 0.00000 0 -65.000 -0.077 -65.000 -0.000 0 NA
435.00 0.03000 435.1 0.00000 0 -65.000 -0.077 -65.000 -0.000 0 NA
440.00 0.03000 440.1 0.00000 0 -65.000 -0.077 -65.000 -0.000 0 NA
445.00 0.03000 445.1 0.00000 0 -65.000 -0.077 -65.000 -0.000 0 NA
450.00 0.03000 450.1 0.00000 0 -65.000 -0.077 -65.000 -0.000 0 NA
455.00 0.03000 455.1 0.00000 0 -65.000 -0.077 -65.000 -0.000 0 NA
460.00 0.03000 460.1 0.00000 0 -65.000 -0.077 -65.000 -0.000 0 NA
465.00 0.03000 465.1 0.00005 0 -65.000 -0.077 -65.000 -0.000 0 NA
470.00 0.03000 470.1 0.00007 0 -65.000 -0.077 -65.000 -0.000 0 NA
475.00 0.03000 475.1 0.00008 0 -65.000 -0.077 -65.000 -0.000 0 NA
480.00 0.03000 480.1 0.00013 0 -65.000 -0.077 -65.000 -0.000 0 NA
485.00 0.03000 485.1 0.00018 0 -65.000 -0.077 -65.000 -0.000 0 NA
490.00 0.03000 490.1 0.00027 0 -65.000 -0.077 -65.000 -0.000 0 NA
495.00 0.03000 495.1 0.00038 0 -65.000 -0.077 -65.000 -0.000 0 NA
500.00 0.03000 500.1 0.00053 0 -65.000 -0.077 -65.000 -0.000 0 NA
505.00 0.03000 505.1 0.00072 0 -65.000 -0.077 -65.000 -0.000 0 NA
510.00 0.03000 510.1 0.00095 0 -65.000 -0.077 -65.000 -0.000 0 NA
515.00 0.03000 515.1 0.00122 0 -65.000 -0.077 -65.000 -0.000 0 NA
520.00 0.03000 520.1 0.00155 0 -65.000 -0.077 -65.000 -0.000 0 NA
525.00 0.03000 525.1 0.00191 0 -65.000 -0.077 -65.000 -0.000 0 NA
530.00 0.03000 530.1 0.00233 0 -65.000 -0.077 -65.000 -0.000 0 NA
535.00 0.03000 535.1 0.00278 0 -65.000 -0.077 -65.000 -0.000 0 NA
540.00 0.03000 540.1 0.00329 0 -65.000 -0.077 -65.000 -0.000 0 NA
545.00 0.03000 545.1 0.00383 0 -65.000 -0.077 -65.000 -0.000 0 NA
550.00 0.03000 550.1 0.00443 0 -65.000 -0.077 -65.000 -0.000 0 NA
555.00 0.03000 555.1 0.00506 0 -65.000 -0.077 -65.000 -0.000 0 NA
560.00 0.03000 560.1 0.00574 0 -65.000 -0.077 -65.000 -0.000 0 NA
565.00 0.03000 565.1 0.00645 0 -65.000 -0.077 -65.000 -0.000 0 NA
570.00 0.03000 570.1 0.00720 0 -65.000 -0.077 -65.000 -0.000 0 NA
575.00 0.03000 575.1 0.00799 0 -65.000 -0.077 -65.000 -0.000 0 NA
580.00 0.03000 580.1 0.00880 0 -65.000 -0.077 -65.000 -0.000 0 NA
585.00 0.03000 585.1 0.00965 0 -65.000 -0.077 -65.000 -0.000 0 NA
590.00 0.03000 590.1 0.01054 0 -65.000 -0.077 -65.000 -0.000 0 NA
595.00 0.03000 595.1 0.01145 0 -65.000 -0.077 -65.000 -0.000 0 NA
600.00 0.03000 600.1 0.01239 0 -65.000 -0.077 -65.000 -0.000 0 NA
0.00 0.03000 0.1 0.00000 0 -70.000 -0.071 -70.000 -0.000 0 NA
5.00 0.03000 5.1 0.00000 0 -70.000 -0.071 -70.000 -0.000 0 NA
10.00 0.03000 10.1 0.00000 0 -70.000 -0.071 -70.000 -0.000 0 NA
15.00 0.03000 15.1 0.00000 0 -70.000 -0.071 -70.000 -0.000 0 NA
20.00 0.03000 20.1 0.00000 0 -70.000 -0.071 -70.000 -0.000 0 NA
25.00 0.03000 25.1 0.00000 0 -70.000 -0.071 -70.000 -0.000 0 NA
30.00 0.03000 30.1 0.00000 0 -70.000 -0.071 -70.000 -0.000 0 NA
35.00 0.03000 35.1 0.00000 0 -70.000 -0.071 -70.000 -0.000 0 NA
40.00 0.03000 40.1 0.00000 0 -70.000 -0.071 -70.000 -0.000 0 NA
45.00 0.03000 45.1 0.00000 0 -70.000 -0.071 -70.000 -0.000 0 NA
50.00 0.03000 50.1 0.00000 0 -70.000 -0.071 -70.000 -0.000 0 NA
55.00 0.03000 55.1 0.00000 0 -70.000 -0.071 -70.000 -0.000 0 NA
60.00 0.03000 60.1 0.00000 0 -70.000 -0.071 -70.000 -0.000 0 NA
65.00 0.03000 65.1 0.00000 0 -70.000 -0.071 -70.000 -0.000 0 NA
70.00 0.03000 70.1 0.00000 0 -70.000 -0.071 -70.000 -0.000 0 NA
75.00 0.03000 75.1 0.00000 0 -70.000 -0.071 -70.000 -0.000 0 NA
80.00 0.03000 80.1 0.00000 0 -70.000 -0.071 -70.000 -0.000 0 NA
85.00 0.03000 85.1 0.00000 0 -70.000 -0.071 -70.000 -0.000 0 NA
90.00 0.03000 90.1 0.00000 0 -70.000 -0.071 -70.000 -0.000 0 NA
95.00 0.03000 95.1 0.00000 0 -70.000 -0.071 -70.000 -0.000 0 NA
100.00 0.03000 100.1 0.00000 0 -70.000 -0.071 -70.000 -0.000 0 NA
105.00 0.03000 105.1 0.00000 0 -70.000 -0.071 -70.000 -0.000 0 NA
110.00 0.03000 110.1 0.00000 0 -70.000 -0.071 -70.000 -0.000 0 NA
115.00 0.03000 115.1 0.00000 0 -70.000 -0.071 -70.000 -0.000 0 NA
120.00 0.03000 120.1 0.00000 0 -70.000 -0.071 -70.000 -0.000 0 NA
125.00 0.03000 125.1 0.00000 0 -70.000 -0.071 -70.000 -0.000 0 NA
130.00 0.03000 130.1 0.00000 0 -70.000 -0.071 -70.000 -0.000 0 NA
135.00 0.03000 135.1 0.00000 0 -70.000 -0.071 -70.000 -0.000 0 NA
140.00 0.03000 140.1 0.00000 0 -70.000 -0.071 -70.000 -0.000 0 NA
145.00 0.03000 145.1 0.00000 0 -70.000 -0.071 -70.000 -0.000 0 NA
150.00 0.03000 150.1 0.00000 0 -70.000 -0.071 -70.000 -0.000 0 NA
155.00 0.03000 155.1 0.00000 0 -70.000 -0.071 -70.000 -0.000 0 NA
160.00 0.03000 160.1 0.00000 0 -70.000 -0.071 -70.000 -0.000 0 NA
165.00 0.03000 165.1 0.00000 0 -70.000 -0.071 -70.000 -0.000 0 NA
170.00 0.03000 170.1 0.00000 0 -70.000 -0.071 -70.000 -0.000 0 NA
175.00 0.03000 175.1 0.00000 0 -70.000 -0.071 -70.000 -0.000 0 NA
180.00 0.03000 180.1 0.00000 0 -70.000 -0.071 -70.000 -0.000 0 NA
185.00 0.03000 185.1 0.00000 0 -70.000 -0.071 -70.000 -0.000 0 NA
190.00 0.03000 190.1 0.00000 0 -70.000 -0.071 -70.000 -0.000 0 NA
195.00 0.03000 195.1 0.00000 0 -70.000 -0.071 -70.000 -0.000 0 NA
200.00 0.03000 200.1 0.00000 0 -70.000 -0.071 -70.000 -0.000 0 NA
205.00 0.03000 205.1 0.00000 0 -70.000 -0.071 -70.000 -0.000 0 NA
210.00 0.03000 210.1 0.00000 0 -70.000 -0.071 -70.000 -0.000 0 NA
215.00 0.03000 215.1 0.00000 0 -70.000 -0.071 -70.000 -0.000 0 NA
220.00 0.03000 220.1 0.00000 0 -70.000 -0.071 -70.000 -0.000 0 NA
225.00 0.03000 225.1 0.00000 0 -70.000 -0.071 -70.000 -0.000 0 NA
230.00 0.03000 230.1 0.00000 0 -70.000 -0.071 -70.000 -0.000 0 NA
235.00 0.03000 235.1 0.00000 0 -70.000 -0.071 -70.000 -0.000 0 NA
240.00 0.03000 240.1 0.00000 0 -70.000 -0.071 -70.000 -0.000 0 NA
245.00 0.03000 245.1 0.00000 0 -70.000 -0.071 -70.000 -0.000 0 NA
250.00 0.03000 250.1 0.00000 0 -70.000 -0.071 -70.000 -0.000 0 NA
255.00 0.03000 255.1 0.00000 0 -70.000 -0.071 -70.000 -0.000 0 NA
260.00 0.03000 260.1 0.00000 0 -70.000 -0.071 -70.000 -0.000 0 NA
265.00 0.03000 265.1 0.00000 0 -70.000 -0.071 -70.000 -0.000 0 NA
270.00 0.03000 270.1 0.00000 0 -70.000 -0.071 -70.000 -0.000 0 NA
275.00 0.03000 275.1 0.00000 0 -70.000 -0.071 -70.000 -0.000 0 NA
280.00 0.03000 280.1 0.00000 0 -70.000 -0.071 -70.000 -0.000 0 NA
285.00 0.03000 285.1 0.00000 0 -70.000 -0.071 -70.000 -0.000 0 NA
290.00 0.03000 290.1 0.00000 0 -70.000 -0.071 -70.000 -0.000 0 NA
295.00 0.03000 295.1 0.00000 0 -70.000 -0.071 -70.000 -0.000 0 NA
300.00 0.03000 300.1 0.00000 0 -70.000 -0.071 -70.000 -0.000 0 NA
305.00 0.03000 305.1 0.00000 0 -70.000 -0.071 -70.000 -0.000 0 NA
310.00 0.03000 310.1 0.00000 0 -70.000 -0.071 -70.000 -0.000 0 NA
315.00 0.03000 315.1 0.00000 0 -70.000 -0.071 -70.000 -0.000 0 NA
320.00 0.03000 320.1 0.00000 0 -70.000 -0.071 -70.000 -0.000 0 NA
325.00 0.03000 325.1 0.00000 0 -70.000 -0.071 -70.000 -0.000 0 NA
330.00 0.03000 330.1 0.00000 0 -70.000 -0.071 -70.000 -0.000 0 NA
335.00 0.03000 335.1 0.00000 0 -70.000 -0.071 -70.000 -0.000 0 NA
340.00 0.03000 340.1 0.00000 0 -70.000 -0.071 -70.000 -0.000 0 NA
345.00 0.03000 345.1 0.00000 0 -70.000 -0.071 -70.000 -0.000 0 NA
350.00 0.03000 350.1 0.00000 0 -70.000 -0.071 -70.000 -0.000 0 NA
355.00 0.03000 355.1 0.00000 0 -70.000 -0.071 -70.000 -0.000 0 NA
360.00 0.03000 360.1 0.00000 0 -70.000 -0.071 -70.000 -0.000 0 NA
365.00 0.03000 365.1 0.00000 0 -70.000 -0.071 -70.000 -0.000 0 NA
370.00 0.03000 365.1 0.00000 0 -70.000 -0.071 -70.000 -0.000 0 NA
375.00 0.03000 375.1 0.00000 0 -70.000 -0.071 -70.000 -0.000 0 NA
380.00 0.03000 380.1 0.00000 0 -70.000 -0.071 -70.000 -0.000 0 NA
385.00 0.03000 385.1 0.00000 0 -70.000 -0.071 -70.000 -0.000 0 NA
390.00 0.03000 390.1 0.00000 0 -70.000 -0.071 -70.000 -0.000 0 NA
395.00 0.03000 395.1 0.00000 0 -70.000 -0.071 -70.000 -0.000 0 NA
400.00 0.03000 400.1 0.00000 0 -70.000 -0.071 -70.000 -0.000 0 NA
405.00 0.03000 404.6 0.00007 0 -70.000 -0.071 -70.000 -0.000 0 NA
410.00 0.03000 410.1 0.00000 0 -70.000 -0.071 -70.000 -0.000 0 NA
415.00 0.03000 415.1 0.00000 0 -70.000 -0.071 -70.000 -0.000 0 NA
420.00 0.03000 420.1 0.00000 0 -70.000 -0.071 -70.000 -0.000 0 NA
425.00 0.03000 425.1 0.00000 0 -70.000 -0.071 -70.000 -0.000 0 NA
430.00 0.03000 430.1 0.00000 0 -70.000 -0.071 -70.000 -0.000 0 NA
435.00 0.03000 435.1 0.00000 0 -70.000 -0.071 -70.000 -0.000 0 NA
440.00 0.03000 440.1 0.00000 0 -70.000 -0.071 -70.000 -0.000 0 NA
445.00 0.03000 445.1 0.00000 0 -70.000 -0.071 -70.000 -0.000 0 NA
450.00 0.03000 450.1 0.00000 0 -70.000 -0.071 -70.000 -0.000 0 NA
455.00 0.03000 455.1 0.00000 0 -70.000 -0.071 -70.000 -0.000 0 NA
460.00 0.03000 460.1 0.00000 0 -70.000 -0.071 -70.000 -0.000 0 NA
465.00 0.03000 465.1 0.00000 0 -70.000 -0.071 -70.000 -0.000 0 NA
470.00 0.03000 470.1 0.00000 0 -70.000 -0.071 -70.000 -0.000 0 NA
475.00 0.03000 475.1 0.00000 0 -70.000 -0.071 -70.000 -0.000 0 NA
480.00 0.03000 480.1 0.00000 0 -70.000 -0.071 -70.000 -0.000 0 NA
485.00 0.03000 485.1 0.00000 0 -70.000 -0.071 -70.000 -0.000 0 NA
490.00 0.03000 490.1 0.00000 0 -70.000 -0.071 -70.000 -0.000 0 NA
495.00 0.03000 495.1 0.00000 0 -70.000 -0.071 -70.000 -0.000 0 NA
500.00 0.03000 500.1 0.00005 0 -70.000 -0.071 -70.000 -0.000 0 NA
505.00 0.03000 505.1 0.00006 0 -70.000 -0.071 -70.000 -0.000 0 NA
510.00 0.03000 510.1 0.00008 0 -70.000 -0.071 -70.000 -0.000 0 NA
515.00 0.03000 515.1 0.00011 0 -70.000 -0.071 -70.000 -0.000 0 NA
520.00 0.03000 520.1 0.00017 0 -70.000 -0.071 -70.000 -0.000 0 NA
525.00 0.03000 525.1 0.00024 0 -70.000 -0.071 -70.000 -0.000 0 NA
530.00 0.03000 530.1 0.00035 0 -70.000 -0.071 -70.000 -0.000 0 NA
535.00 0.03000 535.1 0.00049 0 -70.000 -0.071 -70.000 -0.000 0 NA
540.00 0.03000 540.1 0.00066 0 -70.000 -0.071 -70.000 -0.000 0 NA
545.00 0.03000 545.1 0.00087 0 -70.000 -0.071 -70.000 -0.000 0 NA
550.00 0.03000 550.1 0.00113 0 -70.000 -0.071 -70.000 -0.000 0 NA
555.00 0.03000 555.1 0.00143 0 -70.000 -0.071 -70.000 -0.000 0 NA
560.00 0.03000 560.1 0.00178 0 -70.000 -0.071 -70.000 -0.000 0 NA
565.00 0.03000 565.1 0.00218 0 -70.000 -0.071 -70.000 -0.000 0 NA
570.00 0.03000 570.1 0.00262 0 -70.000 -0.071 -70.000 -0.000 0 NA
575.00 0.03000 575.1 0.00311 0 -70.000 -0.071 -70.000 -0.000 0 NA
580.00 0.03000 580.1 0.00363 0 -70.000 -0.071 -70.000 -0.000 0 NA
585.00 0.03000 585.1 0.00420 0 -70.000 -0.071 -70.000 -0.000 0 NA
590.00 0.03000 590.1 0.00482 0 -70.000 -0.071 -70.000 -0.000 0 NA
595.00 0.03000 595.1 0.00547 0 -70.000 -0.071 -70.000 -0.000 0 NA
600.00 0.03000 600.1 0.00617 0 -70.000 -0.071 -70.000 -0.000 0 NA
