% * Sample: ECC88_16_JJ_UNIT1
% * Date / time: 2025-01-24 21:14:37.234788
% * R2CONTROL =  NOT SPECIFIED
% Column 1:  PSU1 nominal voltage setting (V)
% Column 2:  PSU1 nominal current setting (A)
% Column 3:  PSU1 voltage measurement (V)
% Column 4:  PSU1 current measurement (I)
% Column 5:  PSU1 limiter flag
% Column 6:  PSU2 nominal voltage setting (V)
% Column 7:  PSU2 nominal current setting (A)
% Column 8:  PSU2 voltage measurement (V)
% Column 9:  PSU2 current measurement (I)
% Column 10: PSU2 limiter flag
% Column 11: Heaterblock temperature (°C)
% * OPERATING POINT AT END OF PREHEAT / IDLE: U1 = 90.1 V  I1 = 0.01499 A  U2 = -1.393 V  I2 = -0.000 A  T = NA °C
0.00 0.02500 0.1 0.00005 0 -0.000 -1.000 -0.178 -0.000 0 NA
5.00 0.02500 5.1 0.00066 0 -0.000 -1.000 -0.163 -0.000 0 NA
10.00 0.02500 10.0 0.00163 0 -0.000 -1.000 -0.137 -0.000 0 NA
15.00 0.02500 15.0 0.00287 0 -0.000 -1.000 -0.123 -0.000 0 NA
20.00 0.02500 20.0 0.00425 0 -0.000 -1.000 -0.108 -0.000 0 NA
25.00 0.02500 25.0 0.00573 0 -0.000 -1.000 -0.096 -0.000 0 NA
30.00 0.02500 30.0 0.00730 0 -0.000 -1.000 -0.090 -0.000 0 NA
35.00 0.02500 35.0 0.00894 0 -0.000 -1.000 -0.083 -0.000 0 NA
40.00 0.02500 40.0 0.01063 0 -0.000 -1.000 -0.079 -0.000 0 NA
45.00 0.02500 45.0 0.01238 0 -0.000 -1.000 -0.074 -0.000 0 NA
50.00 0.02500 50.0 0.01420 0 -0.000 -1.000 -0.071 -0.000 0 NA
55.00 0.02500 55.0 0.01607 0 -0.000 -1.000 -0.068 -0.000 0 NA
60.00 0.02500 60.0 0.01800 0 -0.000 -1.000 -0.064 -0.000 0 NA
65.00 0.02500 65.0 0.01998 0 -0.000 -1.000 -0.062 -0.000 0 NA
70.00 0.02500 65.1 0.02001 1 -0.000 -1.000 -0.057 -0.000 0 NA
0.00 0.02500 0.1 0.00000 0 -1.000 -1.000 -1.000 -0.000 0 NA
5.00 0.02500 5.1 0.00000 0 -1.000 -1.000 -1.000 -0.000 0 NA
10.00 0.02500 10.0 0.00005 0 -1.000 -1.000 -1.000 -0.000 0 NA
15.00 0.02500 15.0 0.00012 0 -1.000 -1.000 -1.000 -0.000 0 NA
20.00 0.02500 20.0 0.00030 0 -1.000 -1.000 -1.000 -0.000 0 NA
25.00 0.02500 25.0 0.00068 0 -1.000 -1.000 -1.000 -0.000 0 NA
30.00 0.02500 30.0 0.00128 0 -1.000 -1.000 -1.000 -0.000 0 NA
35.00 0.02500 35.0 0.00213 0 -1.000 -1.000 -1.000 -0.000 0 NA
40.00 0.02500 40.0 0.00321 0 -1.000 -1.000 -1.000 -0.000 0 NA
45.00 0.02500 45.0 0.00446 0 -1.000 -1.000 -1.000 -0.000 0 NA
50.00 0.02500 50.0 0.00582 0 -1.000 -1.000 -1.000 -0.000 0 NA
55.00 0.02500 55.0 0.00726 0 -1.000 -1.000 -1.000 -0.000 0 NA
60.00 0.02500 60.0 0.00880 0 -1.000 -1.000 -1.000 -0.000 0 NA
65.00 0.02500 65.0 0.01039 0 -1.000 -1.000 -1.000 -0.000 0 NA
70.00 0.02500 70.0 0.01207 0 -1.000 -1.000 -1.000 -0.000 0 NA
75.00 0.02400 75.0 0.01381 0 -1.000 -1.000 -1.000 -0.000 0 NA
80.00 0.02250 80.0 0.01561 0 -1.000 -1.000 -1.000 -0.000 0 NA
85.00 0.02118 85.0 0.01748 0 -1.000 -1.000 -1.000 -0.000 0 NA
90.00 0.02000 90.0 0.01941 0 -1.000 -1.000 -1.000 -0.000 0 NA
95.00 0.01895 95.0 0.02138 1 -1.000 -1.000 -1.000 -0.000 0 NA
0.00 0.02500 0.1 0.00000 0 -2.000 -1.000 -2.000 -0.000 0 NA
5.00 0.02500 5.1 0.00000 0 -2.000 -1.000 -2.000 -0.000 0 NA
10.00 0.02500 10.0 0.00000 0 -2.000 -1.000 -2.000 -0.000 0 NA
15.00 0.02500 15.0 0.00000 0 -2.000 -1.000 -2.000 -0.000 0 NA
20.00 0.02500 20.0 0.00000 0 -2.000 -1.000 -2.000 -0.000 0 NA
25.00 0.02500 25.0 0.00000 0 -2.000 -1.000 -2.000 -0.000 0 NA
30.00 0.02500 30.0 0.00005 0 -2.000 -1.000 -2.000 -0.000 0 NA
35.00 0.02500 35.0 0.00008 0 -2.000 -1.000 -2.000 -0.000 0 NA
40.00 0.02500 40.0 0.00019 0 -2.000 -1.000 -2.000 -0.000 0 NA
45.00 0.02500 45.0 0.00039 0 -2.000 -1.000 -2.000 -0.000 0 NA
50.00 0.02500 50.0 0.00073 0 -2.000 -1.000 -2.000 -0.000 0 NA
55.00 0.02500 55.0 0.00124 0 -2.000 -1.000 -2.000 -0.000 0 NA
60.00 0.02500 60.0 0.00193 0 -2.000 -1.000 -2.000 -0.000 0 NA
65.00 0.02500 65.0 0.00282 0 -2.000 -1.000 -2.000 -0.000 0 NA
70.00 0.02500 70.0 0.00390 0 -2.000 -1.000 -2.000 -0.000 0 NA
75.00 0.02400 75.0 0.00512 0 -2.000 -1.000 -2.000 -0.000 0 NA
80.00 0.02250 80.0 0.00647 0 -2.000 -1.000 -2.000 -0.000 0 NA
85.00 0.02118 85.0 0.00791 0 -2.000 -1.000 -2.000 -0.000 0 NA
90.00 0.02000 90.0 0.00944 0 -2.000 -1.000 -2.000 -0.000 0 NA
95.00 0.01895 95.0 0.01104 0 -2.000 -1.000 -2.000 -0.000 0 NA
100.00 0.01800 100.0 0.01271 0 -2.000 -1.000 -2.000 -0.000 0 NA
105.00 0.01714 105.0 0.01445 0 -2.000 -1.000 -2.000 -0.000 0 NA
110.00 0.01636 110.0 0.01626 0 -2.000 -1.000 -2.000 -0.000 0 NA
115.00 0.01565 115.0 0.01813 1 -2.000 -1.000 -2.000 -0.000 0 NA
0.00 0.02500 0.1 0.00000 0 -3.000 -1.000 -3.000 -0.000 0 NA
5.00 0.02500 5.1 0.00000 0 -3.000 -1.000 -3.000 -0.000 0 NA
10.00 0.02500 10.0 0.00000 0 -3.000 -1.000 -3.000 -0.000 0 NA
15.00 0.02500 15.0 0.00000 0 -3.000 -1.000 -3.000 -0.000 0 NA
20.00 0.02500 20.0 0.00000 0 -3.000 -1.000 -3.000 -0.000 0 NA
25.00 0.02500 25.0 0.00000 0 -3.000 -1.000 -3.000 -0.000 0 NA
30.00 0.02500 30.0 0.00000 0 -3.000 -1.000 -3.000 -0.000 0 NA
35.00 0.02500 35.0 0.00000 0 -3.000 -1.000 -3.000 -0.000 0 NA
40.00 0.02500 40.0 0.00000 0 -3.000 -1.000 -3.000 -0.000 0 NA
45.00 0.02500 45.0 0.00000 0 -3.000 -1.000 -3.000 -0.000 0 NA
50.00 0.02500 50.0 0.00000 0 -3.000 -1.000 -3.000 -0.000 0 NA
55.00 0.02500 55.0 0.00007 0 -3.000 -1.000 -3.000 -0.000 0 NA
60.00 0.02500 60.0 0.00012 0 -3.000 -1.000 -3.000 -0.000 0 NA
65.00 0.02500 65.0 0.00024 0 -3.000 -1.000 -3.000 -0.000 0 NA
70.00 0.02500 70.0 0.00045 0 -3.000 -1.000 -3.000 -0.000 0 NA
75.00 0.02400 75.0 0.00078 0 -3.000 -1.000 -3.000 -0.000 0 NA
80.00 0.02250 80.0 0.00124 0 -3.000 -1.000 -3.000 -0.000 0 NA
85.00 0.02118 85.0 0.00185 0 -3.000 -1.000 -3.000 -0.000 0 NA
90.00 0.02000 90.0 0.00262 0 -3.000 -1.000 -3.000 -0.000 0 NA
95.00 0.01895 95.0 0.00355 0 -3.000 -1.000 -3.000 -0.000 0 NA
100.00 0.01800 100.0 0.00464 0 -3.000 -1.000 -3.000 -0.000 0 NA
105.00 0.01714 105.0 0.00587 0 -3.000 -1.000 -3.000 -0.000 0 NA
110.00 0.01636 110.0 0.00722 0 -3.000 -1.000 -3.000 -0.000 0 NA
115.00 0.01565 115.0 0.00866 0 -3.000 -1.000 -3.000 -0.000 0 NA
120.00 0.01500 120.0 0.01019 0 -3.000 -1.000 -3.000 -0.000 0 NA
125.00 0.01440 125.0 0.01179 0 -3.000 -1.000 -3.000 -0.000 0 NA
130.00 0.01385 130.1 0.01347 0 -3.000 -1.000 -3.000 -0.000 0 NA
0.00 0.02500 0.1 0.00000 0 -4.000 -1.000 -4.000 -0.000 0 NA
5.00 0.02500 5.1 0.00000 0 -4.000 -1.000 -4.000 -0.000 0 NA
10.00 0.02500 10.0 0.00000 0 -4.000 -1.000 -4.000 -0.000 0 NA
15.00 0.02500 15.0 0.00000 0 -4.000 -1.000 -4.000 -0.000 0 NA
20.00 0.02500 20.0 0.00000 0 -4.000 -1.000 -4.000 -0.000 0 NA
25.00 0.02500 25.0 0.00000 0 -4.000 -1.000 -4.000 -0.000 0 NA
30.00 0.02500 30.0 0.00000 0 -4.000 -1.000 -4.000 -0.000 0 NA
35.00 0.02500 35.0 0.00000 0 -4.000 -1.000 -4.000 -0.000 0 NA
40.00 0.02500 40.0 0.00000 0 -4.000 -1.000 -4.000 -0.000 0 NA
45.00 0.02500 45.0 0.00000 0 -4.000 -1.000 -4.000 -0.000 0 NA
50.00 0.02500 50.0 0.00000 0 -4.000 -1.000 -4.000 -0.000 0 NA
55.00 0.02500 55.0 0.00000 0 -4.000 -1.000 -4.000 -0.000 0 NA
60.00 0.02500 60.0 0.00000 0 -4.000 -1.000 -4.000 -0.000 0 NA
65.00 0.02500 65.0 0.00000 0 -4.000 -1.000 -4.000 -0.000 0 NA
70.00 0.02500 70.0 0.00000 0 -4.000 -1.000 -4.000 -0.000 0 NA
75.00 0.02400 75.0 0.00005 0 -4.000 -1.000 -4.000 -0.000 0 NA
80.00 0.02250 80.0 0.00008 0 -4.000 -1.000 -4.000 -0.000 0 NA
85.00 0.02118 85.0 0.00016 0 -4.000 -1.000 -4.000 -0.000 0 NA
90.00 0.02000 90.0 0.00028 0 -4.000 -1.000 -4.000 -0.000 0 NA
95.00 0.01895 95.0 0.00050 0 -4.000 -1.000 -4.000 -0.000 0 NA
100.00 0.01800 100.0 0.00082 0 -4.000 -1.000 -4.000 -0.000 0 NA
105.00 0.01714 105.0 0.00125 0 -4.000 -1.000 -4.000 -0.000 0 NA
110.00 0.01636 110.0 0.00181 0 -4.000 -1.000 -4.000 -0.000 0 NA
115.00 0.01565 115.0 0.00250 0 -4.000 -1.000 -4.000 -0.000 0 NA
120.00 0.01500 120.0 0.00334 0 -4.000 -1.000 -4.000 -0.000 0 NA
125.00 0.01440 125.0 0.00433 0 -4.000 -1.000 -4.000 -0.000 0 NA
130.00 0.01385 130.1 0.00545 0 -4.000 -1.000 -4.000 -0.000 0 NA
0.00 0.02500 0.1 0.00000 0 -5.000 -1.000 -5.000 -0.000 0 NA
5.00 0.02500 5.1 0.00000 0 -5.000 -1.000 -5.000 -0.000 0 NA
10.00 0.02500 10.0 0.00000 0 -5.000 -1.000 -5.000 -0.000 0 NA
15.00 0.02500 15.0 0.00000 0 -5.000 -1.000 -5.000 -0.000 0 NA
20.00 0.02500 20.0 0.00000 0 -5.000 -1.000 -5.000 -0.000 0 NA
25.00 0.02500 25.0 0.00000 0 -5.000 -1.000 -5.000 -0.000 0 NA
30.00 0.02500 30.0 0.00000 0 -5.000 -1.000 -5.000 -0.000 0 NA
35.00 0.02500 35.0 0.00000 0 -5.000 -1.000 -5.000 -0.000 0 NA
40.00 0.02500 40.0 0.00000 0 -5.000 -1.000 -5.000 -0.000 0 NA
45.00 0.02500 45.0 0.00000 0 -5.000 -1.000 -5.000 -0.000 0 NA
50.00 0.02500 50.0 0.00000 0 -5.000 -1.000 -5.000 -0.000 0 NA
55.00 0.02500 55.0 0.00000 0 -5.000 -1.000 -5.000 -0.000 0 NA
60.00 0.02500 60.0 0.00000 0 -5.000 -1.000 -5.000 -0.000 0 NA
65.00 0.02500 65.0 0.00000 0 -5.000 -1.000 -5.000 -0.000 0 NA
70.00 0.02500 70.0 0.00000 0 -5.000 -1.000 -5.000 -0.000 0 NA
75.00 0.02400 75.0 0.00000 0 -5.000 -1.000 -5.000 -0.000 0 NA
80.00 0.02250 80.0 0.00000 0 -5.000 -1.000 -5.000 -0.000 0 NA
85.00 0.02118 85.0 0.00000 0 -5.000 -1.000 -5.000 -0.000 0 NA
90.00 0.02000 90.0 0.00000 0 -5.000 -1.000 -5.000 -0.000 0 NA
95.00 0.01895 95.0 0.00000 0 -5.000 -1.000 -5.000 -0.000 0 NA
100.00 0.01800 100.0 0.00007 0 -5.000 -1.000 -5.000 -0.000 0 NA
105.00 0.01714 105.0 0.00011 0 -5.000 -1.000 -5.000 -0.000 0 NA
110.00 0.01636 110.0 0.00019 0 -5.000 -1.000 -5.000 -0.000 0 NA
115.00 0.01565 115.0 0.00033 0 -5.000 -1.000 -5.000 -0.000 0 NA
120.00 0.01500 120.0 0.00054 0 -5.000 -1.000 -5.000 -0.000 0 NA
125.00 0.01440 125.0 0.00085 0 -5.000 -1.000 -5.000 -0.000 0 NA
130.00 0.01385 130.1 0.00125 0 -5.000 -1.000 -5.000 -0.000 0 NA
