% * Sample: ECC88_19_MULLARD_UNIT1
% * Date / time: 2025-01-24 21:22:41.084091
% * R2CONTROL =  NOT SPECIFIED
% Column 1:  PSU1 nominal voltage setting (V)
% Column 2:  PSU1 nominal current setting (A)
% Column 3:  PSU1 voltage measurement (V)
% Column 4:  PSU1 current measurement (I)
% Column 5:  PSU1 limiter flag
% Column 6:  PSU2 nominal voltage setting (V)
% Column 7:  PSU2 nominal current setting (A)
% Column 8:  PSU2 voltage measurement (V)
% Column 9:  PSU2 current measurement (I)
% Column 10: PSU2 limiter flag
% Column 11: Heaterblock temperature (°C)
% * OPERATING POINT AT END OF PREHEAT / IDLE: U1 = 90.0 V  I1 = 0.01502 A  U2 = -1.501 V  I2 = -0.000 A  T = NA °C
0.00 0.02500 0.1 0.00007 0 -0.000 -1.000 -0.202 -0.000 0 NA
5.00 0.02500 5.1 0.00106 0 -0.000 -1.000 -0.196 -0.000 0 NA
10.00 0.02500 10.0 0.00214 0 -0.000 -1.000 -0.162 -0.000 0 NA
15.00 0.02500 15.0 0.00342 0 -0.000 -1.000 -0.143 -0.000 0 NA
20.00 0.02500 20.0 0.00493 0 -0.000 -1.000 -0.122 -0.000 0 NA
25.00 0.02500 25.0 0.00670 0 -0.000 -1.000 -0.110 -0.000 0 NA
30.00 0.02500 30.0 0.00854 0 -0.000 -1.000 -0.095 -0.000 0 NA
35.00 0.02500 35.0 0.01038 0 -0.000 -1.000 -0.083 -0.000 0 NA
40.00 0.02500 40.0 0.01228 0 -0.000 -1.000 -0.077 -0.000 0 NA
45.00 0.02500 45.0 0.01426 0 -0.000 -1.000 -0.069 -0.000 0 NA
50.00 0.02500 50.0 0.01629 0 -0.000 -1.000 -0.065 -0.000 0 NA
55.00 0.02500 55.0 0.01830 0 -0.000 -1.000 -0.059 -0.000 0 NA
60.00 0.02500 60.0 0.02037 0 -0.000 -1.000 -0.056 -0.000 0 NA
65.00 0.02500 59.1 0.02001 1 -0.000 -1.000 -0.000 -0.000 0 NA
0.00 0.02500 0.1 0.00000 0 -1.000 -1.000 -1.000 -0.000 0 NA
5.00 0.02500 5.1 0.00007 0 -1.000 -1.000 -1.000 -0.000 0 NA
10.00 0.02500 10.0 0.00020 0 -1.000 -1.000 -1.000 -0.000 0 NA
15.00 0.02500 15.0 0.00045 0 -1.000 -1.000 -1.000 -0.000 0 NA
20.00 0.02500 20.0 0.00088 0 -1.000 -1.000 -1.000 -0.000 0 NA
25.00 0.02500 25.0 0.00152 0 -1.000 -1.000 -1.000 -0.000 0 NA
30.00 0.02500 30.0 0.00234 0 -1.000 -1.000 -1.000 -0.000 0 NA
35.00 0.02500 35.0 0.00335 0 -1.000 -1.000 -1.000 -0.000 0 NA
40.00 0.02500 40.0 0.00452 0 -1.000 -1.000 -1.000 -0.000 0 NA
45.00 0.02500 45.0 0.00582 0 -1.000 -1.000 -1.000 -0.000 0 NA
50.00 0.02500 50.0 0.00724 0 -1.000 -1.000 -1.000 -0.000 0 NA
55.00 0.02500 55.0 0.00876 0 -1.000 -1.000 -1.000 -0.000 0 NA
60.00 0.02500 60.0 0.01038 0 -1.000 -1.000 -1.000 -0.000 0 NA
65.00 0.02500 65.0 0.01207 0 -1.000 -1.000 -1.000 -0.000 0 NA
70.00 0.02500 70.0 0.01383 0 -1.000 -1.000 -1.000 -0.000 0 NA
75.00 0.02400 75.0 0.01564 0 -1.000 -1.000 -1.000 -0.000 0 NA
80.00 0.02250 80.0 0.01750 0 -1.000 -1.000 -1.000 -0.000 0 NA
85.00 0.02118 85.0 0.01940 0 -1.000 -1.000 -1.000 -0.000 0 NA
90.00 0.02000 90.0 0.02135 1 -1.000 -1.000 -1.000 -0.000 0 NA
0.00 0.02500 0.1 0.00000 0 -2.000 -1.000 -2.000 -0.000 0 NA
5.00 0.02500 5.1 0.00000 0 -2.000 -1.000 -2.000 -0.000 0 NA
10.00 0.02500 10.0 0.00000 0 -2.000 -1.000 -2.000 -0.000 0 NA
15.00 0.02500 15.0 0.00000 0 -2.000 -1.000 -2.000 -0.000 0 NA
20.00 0.02500 20.0 0.00005 0 -2.000 -1.000 -2.000 -0.000 0 NA
25.00 0.02500 25.0 0.00009 0 -2.000 -1.000 -2.000 -0.000 0 NA
30.00 0.02500 30.0 0.00019 0 -2.000 -1.000 -2.000 -0.000 0 NA
35.00 0.02500 35.0 0.00036 0 -2.000 -1.000 -2.000 -0.000 0 NA
40.00 0.02500 40.0 0.00063 0 -2.000 -1.000 -2.000 -0.000 0 NA
45.00 0.02500 45.0 0.00104 0 -2.000 -1.000 -2.000 -0.000 0 NA
50.00 0.02500 50.0 0.00156 0 -2.000 -1.000 -2.000 -0.000 0 NA
55.00 0.02500 55.0 0.00224 0 -2.000 -1.000 -2.000 -0.000 0 NA
60.00 0.02500 60.0 0.00305 0 -2.000 -1.000 -2.000 -0.000 0 NA
65.00 0.02500 65.0 0.00399 0 -2.000 -1.000 -2.000 -0.000 0 NA
70.00 0.02500 70.0 0.00507 0 -2.000 -1.000 -2.000 -0.000 0 NA
75.00 0.02400 75.0 0.00626 0 -2.000 -1.000 -2.000 -0.000 0 NA
80.00 0.02250 80.0 0.00758 0 -2.000 -1.000 -2.000 -0.000 0 NA
85.00 0.02118 85.0 0.00900 0 -2.000 -1.000 -2.000 -0.000 0 NA
90.00 0.02000 90.0 0.01050 0 -2.000 -1.000 -2.000 -0.000 0 NA
95.00 0.01895 95.0 0.01210 0 -2.000 -1.000 -2.000 -0.000 0 NA
100.00 0.01800 100.0 0.01377 0 -2.000 -1.000 -2.000 -0.000 0 NA
105.00 0.01714 105.0 0.01551 0 -2.000 -1.000 -2.000 -0.000 0 NA
110.00 0.01636 110.0 0.01731 1 -2.000 -1.000 -2.000 -0.000 0 NA
0.00 0.02500 0.1 0.00000 0 -3.000 -1.000 -3.000 -0.000 0 NA
5.00 0.02500 5.1 0.00000 0 -3.000 -1.000 -3.000 -0.000 0 NA
10.00 0.02500 10.0 0.00000 0 -3.000 -1.000 -3.000 -0.000 0 NA
15.00 0.02500 15.0 0.00000 0 -3.000 -1.000 -3.000 -0.000 0 NA
20.00 0.02500 20.0 0.00000 0 -3.000 -1.000 -3.000 -0.000 0 NA
25.00 0.02500 25.0 0.00000 0 -3.000 -1.000 -3.000 -0.000 0 NA
30.00 0.02500 30.0 0.00000 0 -3.000 -1.000 -3.000 -0.000 0 NA
35.00 0.02500 35.0 0.00000 0 -3.000 -1.000 -3.000 -0.000 0 NA
40.00 0.02500 40.0 0.00006 0 -3.000 -1.000 -3.000 -0.000 0 NA
45.00 0.02500 45.0 0.00011 0 -3.000 -1.000 -3.000 -0.000 0 NA
50.00 0.02500 50.0 0.00019 0 -3.000 -1.000 -3.000 -0.000 0 NA
55.00 0.02500 55.0 0.00031 0 -3.000 -1.000 -3.000 -0.000 0 NA
60.00 0.02500 60.0 0.00051 0 -3.000 -1.000 -3.000 -0.000 0 NA
65.00 0.02500 65.0 0.00079 0 -3.000 -1.000 -3.000 -0.000 0 NA
70.00 0.02500 70.0 0.00116 0 -3.000 -1.000 -3.000 -0.000 0 NA
75.00 0.02400 75.0 0.00164 0 -3.000 -1.000 -3.000 -0.000 0 NA
80.00 0.02250 80.0 0.00222 0 -3.000 -1.000 -3.000 -0.000 0 NA
85.00 0.02118 85.0 0.00292 0 -3.000 -1.000 -3.000 -0.000 0 NA
90.00 0.02000 90.0 0.00374 0 -3.000 -1.000 -3.000 -0.000 0 NA
95.00 0.01895 95.0 0.00466 0 -3.000 -1.000 -3.000 -0.000 0 NA
100.00 0.01800 100.0 0.00568 0 -3.000 -1.000 -3.000 -0.000 0 NA
105.00 0.01714 105.0 0.00682 0 -3.000 -1.000 -3.000 -0.000 0 NA
110.00 0.01636 110.0 0.00807 0 -3.000 -1.000 -3.000 -0.000 0 NA
115.00 0.01565 115.0 0.00941 0 -3.000 -1.000 -3.000 -0.000 0 NA
120.00 0.01500 120.0 0.01085 0 -3.000 -1.000 -3.000 -0.000 0 NA
125.00 0.01440 125.0 0.01236 0 -3.000 -1.000 -3.000 -0.000 0 NA
130.00 0.01385 130.1 0.01398 1 -3.000 -1.000 -3.000 -0.000 0 NA
0.00 0.02500 0.1 0.00000 0 -4.000 -1.000 -4.000 -0.000 0 NA
5.00 0.02500 5.1 0.00000 0 -4.000 -1.000 -4.000 -0.000 0 NA
10.00 0.02500 10.0 0.00000 0 -4.000 -1.000 -4.000 -0.000 0 NA
15.00 0.02500 15.0 0.00000 0 -4.000 -1.000 -4.000 -0.000 0 NA
20.00 0.02500 20.0 0.00000 0 -4.000 -1.000 -4.000 -0.000 0 NA
25.00 0.02500 25.0 0.00000 0 -4.000 -1.000 -4.000 -0.000 0 NA
30.00 0.02500 30.0 0.00000 0 -4.000 -1.000 -4.000 -0.000 0 NA
35.00 0.02500 35.0 0.00000 0 -4.000 -1.000 -4.000 -0.000 0 NA
40.00 0.02500 40.0 0.00000 0 -4.000 -1.000 -4.000 -0.000 0 NA
45.00 0.02500 45.0 0.00000 0 -4.000 -1.000 -4.000 -0.000 0 NA
50.00 0.02500 50.0 0.00000 0 -4.000 -1.000 -4.000 -0.000 0 NA
55.00 0.02500 55.0 0.00005 0 -4.000 -1.000 -4.000 -0.000 0 NA
60.00 0.02500 60.0 0.00007 0 -4.000 -1.000 -4.000 -0.000 0 NA
65.00 0.02500 65.0 0.00012 0 -4.000 -1.000 -4.000 -0.000 0 NA
70.00 0.02500 70.0 0.00019 0 -4.000 -1.000 -4.000 -0.000 0 NA
75.00 0.02400 75.0 0.00029 0 -4.000 -1.000 -4.000 -0.000 0 NA
80.00 0.02250 80.0 0.00044 0 -4.000 -1.000 -4.000 -0.000 0 NA
85.00 0.02118 85.0 0.00066 0 -4.000 -1.000 -4.000 -0.000 0 NA
90.00 0.02000 90.0 0.00094 0 -4.000 -1.000 -4.000 -0.000 0 NA
95.00 0.01895 95.0 0.00130 0 -4.000 -1.000 -4.000 -0.000 0 NA
100.00 0.01800 100.0 0.00174 0 -4.000 -1.000 -4.000 -0.000 0 NA
105.00 0.01714 105.0 0.00227 0 -4.000 -1.000 -4.000 -0.000 0 NA
110.00 0.01636 110.0 0.00291 0 -4.000 -1.000 -4.000 -0.000 0 NA
115.00 0.01565 115.0 0.00363 0 -4.000 -1.000 -4.000 -0.000 0 NA
120.00 0.01500 120.0 0.00445 0 -4.000 -1.000 -4.000 -0.000 0 NA
125.00 0.01440 125.0 0.00537 0 -4.000 -1.000 -4.000 -0.000 0 NA
130.00 0.01385 130.1 0.00638 0 -4.000 -1.000 -4.000 -0.000 0 NA
0.00 0.02500 0.1 0.00000 0 -5.000 -1.000 -5.000 -0.000 0 NA
5.00 0.02500 5.1 0.00000 0 -5.000 -1.000 -5.000 -0.000 0 NA
10.00 0.02500 10.0 0.00000 0 -5.000 -1.000 -5.000 -0.000 0 NA
15.00 0.02500 15.0 0.00000 0 -5.000 -1.000 -5.000 -0.000 0 NA
20.00 0.02500 20.0 0.00000 0 -5.000 -1.000 -5.000 -0.000 0 NA
25.00 0.02500 25.0 0.00000 0 -5.000 -1.000 -5.000 -0.000 0 NA
30.00 0.02500 30.0 0.00000 0 -5.000 -1.000 -5.000 -0.000 0 NA
35.00 0.02500 35.0 0.00000 0 -5.000 -1.000 -5.000 -0.000 0 NA
40.00 0.02500 40.0 0.00000 0 -5.000 -1.000 -5.000 -0.000 0 NA
45.00 0.02500 45.0 0.00000 0 -5.000 -1.000 -5.000 -0.000 0 NA
50.00 0.02500 50.0 0.00000 0 -5.000 -1.000 -5.000 -0.000 0 NA
55.00 0.02500 55.0 0.00000 0 -5.000 -1.000 -5.000 -0.000 0 NA
60.00 0.02500 60.0 0.00000 0 -5.000 -1.000 -5.000 -0.000 0 NA
65.00 0.02500 65.0 0.00000 0 -5.000 -1.000 -5.000 -0.000 0 NA
70.00 0.02500 70.0 0.00000 0 -5.000 -1.000 -5.000 -0.000 0 NA
75.00 0.02400 75.0 0.00006 0 -5.000 -1.000 -5.000 -0.000 0 NA
80.00 0.02250 80.0 0.00008 0 -5.000 -1.000 -5.000 -0.000 0 NA
85.00 0.02118 85.0 0.00013 0 -5.000 -1.000 -5.000 -0.000 0 NA
90.00 0.02000 90.0 0.00019 0 -5.000 -1.000 -5.000 -0.000 0 NA
95.00 0.01895 95.0 0.00028 0 -5.000 -1.000 -5.000 -0.000 0 NA
100.00 0.01800 100.0 0.00040 0 -5.000 -1.000 -5.000 -0.000 0 NA
105.00 0.01714 105.0 0.00057 0 -5.000 -1.000 -5.000 -0.000 0 NA
110.00 0.01636 110.0 0.00079 0 -5.000 -1.000 -5.000 -0.000 0 NA
115.00 0.01565 115.0 0.00107 0 -5.000 -1.000 -5.000 -0.000 0 NA
120.00 0.01500 120.0 0.00142 0 -5.000 -1.000 -5.000 -0.000 0 NA
125.00 0.01440 125.0 0.00184 0 -5.000 -1.000 -5.000 -0.000 0 NA
130.00 0.01385 130.1 0.00234 0 -5.000 -1.000 -5.000 -0.000 0 NA
